0 0.3798828125 0.044921875 0.033203125 0.033203125
0 0.1953125 0.0556640625 0.033203125 0.033203125
0 0.4462890625 0.1044921875 0.033203125 0.033203125
0 0.3330078125 0.1220703125 0.033203125 0.033203125
0 0.310546875 0.125 0.033203125 0.033203125
0 0.29296875 0.126953125 0.033203125 0.033203125
0 0.28125 0.134765625 0.033203125 0.033203125
0 0.2666015625 0.1396484375 0.033203125 0.033203125
0 0.458984375 0.1435546875 0.033203125 0.033203125
0 0.2470703125 0.146484375 0.033203125 0.033203125
0 0.408203125 0.1474609375 0.033203125 0.033203125
0 0.23046875 0.1484375 0.033203125 0.033203125
0 0.2119140625 0.15234375 0.033203125 0.033203125
0 0.33984375 0.15234375 0.033203125 0.033203125
0 0.32421875 0.1572265625 0.033203125 0.033203125
0 0.3095703125 0.162109375 0.033203125 0.033203125
0 0.1962890625 0.1630859375 0.033203125 0.033203125
0 0.1806640625 0.16796875 0.033203125 0.033203125
0 0.1611328125 0.1708984375 0.033203125 0.033203125
0 0.2744140625 0.1767578125 0.033203125 0.033203125
0 0.11328125 0.189453125 0.033203125 0.033203125
0 0.0966796875 0.1923828125 0.033203125 0.033203125
0 0.0791015625 0.197265625 0.033203125 0.033203125
0 0.0625 0.2041015625 0.033203125 0.033203125
0 0.046875 0.208984375 0.033203125 0.033203125
0 0.015625 0.2109375 0.03125 0.033203125
0 0.4345703125 0.2177734375 0.033203125 0.033203125
0 0.08984375 0.23046875 0.033203125 0.033203125
0 0.2666015625 0.251953125 0.033203125 0.033203125
0 0.4697265625 0.263671875 0.033203125 0.033203125
0 0.4716796875 0.3388671875 0.033203125 0.033203125
0 0.52734375 0.34765625 0.033203125 0.033203125
0 0.5400390625 0.384765625 0.033203125 0.033203125
0 0.5126953125 0.388671875 0.033203125 0.033203125
0 0.5478515625 0.41796875 0.033203125 0.033203125
0 0.3740234375 0.4296875 0.033203125 0.033203125
0 0.5595703125 0.4541015625 0.033203125 0.033203125
0 0.439453125 0.48046875 0.033203125 0.033203125
0 0.4453125 0.5 0.033203125 0.033203125
0 0.333984375 0.509765625 0.033203125 0.033203125
0 0.4501953125 0.5322265625 0.033203125 0.033203125
0 0.3095703125 0.5361328125 0.033203125 0.033203125
0 0.564453125 0.5390625 0.033203125 0.033203125
0 0.4609375 0.5498046875 0.033203125 0.033203125
0 0.552734375 0.6015625 0.033203125 0.033203125
0 0.591796875 0.6357421875 0.033203125 0.033203125
0 0.6201171875 0.6416015625 0.033203125 0.033203125
0 0.6181640625 0.7119140625 0.033203125 0.033203125
0 0.64453125 0.7177734375 0.033203125 0.033203125
0 0.5048828125 0.7216796875 0.033203125 0.033203125
0 0.5791015625 0.7509765625 0.033203125 0.033203125
0 0.6572265625 0.7548828125 0.033203125 0.033203125
0 0.61328125 0.7607421875 0.033203125 0.033203125
0 0.3828125 0.7802734375 0.033203125 0.033203125
0 0.060546875 0.810546875 0.033203125 0.033203125
0 0.390625 0.8203125 0.033203125 0.033203125
0 0.072265625 0.8466796875 0.033203125 0.033203125
0 0.4453125 0.8662109375 0.033203125 0.033203125
0 0.3359375 0.880859375 0.033203125 0.033203125
0 0.083984375 0.8857421875 0.033203125 0.033203125
0 0.3173828125 0.888671875 0.033203125 0.033203125
0 0.287109375 0.89453125 0.033203125 0.033203125
0 0.2685546875 0.90234375 0.033203125 0.033203125
0 0.25390625 0.90625 0.033203125 0.033203125
0 0.234375 0.9140625 0.033203125 0.033203125
0 0.34765625 0.9169921875 0.033203125 0.033203125
0 0.3173828125 0.92578125 0.033203125 0.033203125
0 0.2978515625 0.9306640625 0.033203125 0.033203125
0 0.279296875 0.93359375 0.033203125 0.033203125
0 0.263671875 0.9453125 0.033203125 0.033203125
0 0.248046875 0.9501953125 0.033203125 0.033203125
0 0.9677734375 0.955078125 0.033203125 0.033203125
0 0.013671875 0.9736328125 0.02734375 0.033203125
0 0.91015625 0.9765625 0.033203125 0.033203125
0 0.8544921875 0.9892578125 0.033203125 0.021484375