0 0.314453125 0.0205078125 0.033203125 0.033203125
0 0.3876953125 0.0244140625 0.033203125 0.033203125
0 0.37109375 0.0546875 0.033203125 0.033203125
0 0.28515625 0.0556640625 0.033203125 0.033203125
0 0.1923828125 0.0849609375 0.033203125 0.033203125
0 0.26953125 0.08984375 0.033203125 0.033203125
0 0.3427734375 0.0966796875 0.033203125 0.033203125
0 0.98583984375 0.107421875 0.0283203125 0.033203125
0 0.1005859375 0.1728515625 0.033203125 0.033203125
0 0.0576171875 0.1875 0.033203125 0.033203125
0 0.4365234375 0.3427734375 0.033203125 0.033203125
0 0.546875 0.412109375 0.033203125 0.033203125
0 0.259765625 0.4501953125 0.033203125 0.033203125
0 0.244140625 0.4619140625 0.033203125 0.033203125
0 0.9228515625 0.462890625 0.033203125 0.033203125
0 0.9482421875 0.515625 0.033203125 0.033203125
0 0.76171875 0.5751953125 0.033203125 0.033203125
0 0.6025390625 0.6005859375 0.033203125 0.033203125
0 0.4619140625 0.671875 0.033203125 0.033203125
0 0.24609375 0.6796875 0.033203125 0.033203125
0 0.1982421875 0.6943359375 0.033203125 0.033203125
0 0.3271484375 0.7900390625 0.033203125 0.033203125
0 0.6669921875 0.8154296875 0.033203125 0.033203125
0 0.00830078125 0.818359375 0.0166015625 0.033203125
0 0.03515625 0.8671875 0.033203125 0.033203125
0 0.00830078125 0.8701171875 0.0166015625 0.033203125
0 0.3583984375 0.875 0.033203125 0.033203125
0 0.365234375 0.9091796875 0.033203125 0.033203125
0 0.3740234375 0.9267578125 0.033203125 0.033203125
0 0.380859375 0.955078125 0.033203125 0.033203125
0 0.3916015625 0.974609375 0.033203125 0.033203125
0 0.0595703125 0.9873046875 0.033203125 0.025390625