0 0.3916015625 0.0126953125 0.033203125 0.025390625
0 0.26171875 0.02734375 0.033203125 0.033203125
0 0.2734375 0.076171875 0.033203125 0.033203125
0 0.228515625 0.0927734375 0.033203125 0.033203125
0 0.298828125 0.095703125 0.033203125 0.033203125
0 0.4169921875 0.099609375 0.033203125 0.033203125
0 0.4833984375 0.23046875 0.033203125 0.033203125
0 0.466796875 0.259765625 0.033203125 0.033203125
0 0.4970703125 0.4287109375 0.033203125 0.033203125
0 0.5625 0.6953125 0.033203125 0.033203125
0 0.5986328125 0.759765625 0.033203125 0.033203125
0 0.021484375 0.904296875 0.033203125 0.033203125
0 0.576171875 0.9140625 0.033203125 0.033203125