0 0.7177734375 0.0166015625 0.033203125 0.033203125
0 0.7314453125 0.0537109375 0.033203125 0.033203125
0 0.7373046875 0.083984375 0.033203125 0.033203125
0 0.748046875 0.1162109375 0.033203125 0.033203125
0 0.9296875 0.125 0.033203125 0.033203125
0 0.892578125 0.1318359375 0.033203125 0.033203125
0 0.515625 0.22265625 0.033203125 0.033203125
0 0.494140625 0.224609375 0.033203125 0.033203125
0 0.7841796875 0.2314453125 0.033203125 0.033203125
0 0.4482421875 0.2421875 0.033203125 0.033203125
0 0.478515625 0.2421875 0.033203125 0.033203125
0 0.796875 0.27734375 0.033203125 0.033203125
0 0.80859375 0.318359375 0.033203125 0.033203125
0 0.8203125 0.359375 0.033203125 0.033203125
0 0.83203125 0.384765625 0.033203125 0.033203125
0 0.0205078125 0.404296875 0.033203125 0.033203125
0 0.0361328125 0.45703125 0.033203125 0.033203125
0 0.048828125 0.49609375 0.033203125 0.033203125
0 0.111328125 0.693359375 0.033203125 0.033203125
0 0.1171875 0.7265625 0.033203125 0.033203125
0 0.177734375 0.916015625 0.033203125 0.033203125
0 0.1875 0.9501953125 0.033203125 0.033203125
0 0.9052734375 0.9580078125 0.033203125 0.033203125
0 0.857421875 0.9755859375 0.033203125 0.033203125
0 0.85546875 0.978515625 0.033203125 0.033203125