0 0.87890625 0.0146484375 0.033203125 0.029296875
0 0.314453125 0.11328125 0.033203125 0.033203125
0 0.2587890625 0.1357421875 0.033203125 0.033203125
0 0.267578125 0.1728515625 0.033203125 0.033203125
0 0.328125 0.181640625 0.033203125 0.033203125
0 0.724609375 0.19921875 0.033203125 0.033203125
0 0.33203125 0.201171875 0.033203125 0.033203125
0 0.99072265625 0.220703125 0.0185546875 0.033203125
0 0.7373046875 0.2314453125 0.033203125 0.033203125
0 0.4296875 0.2802734375 0.033203125 0.033203125
0 0.3564453125 0.318359375 0.033203125 0.033203125
0 0.7353515625 0.3271484375 0.033203125 0.033203125
0 0.3642578125 0.3369140625 0.033203125 0.033203125
0 0.3447265625 0.37109375 0.033203125 0.033203125
0 0.4658203125 0.4306640625 0.033203125 0.033203125
0 0.6357421875 0.4365234375 0.033203125 0.033203125
0 0.4814453125 0.4619140625 0.033203125 0.033203125
0 0.8154296875 0.4765625 0.033203125 0.033203125
0 0.5009765625 0.4873046875 0.033203125 0.033203125
0 0.7373046875 0.4912109375 0.033203125 0.033203125
0 0.7958984375 0.5087890625 0.033203125 0.033203125
0 0.6884765625 0.5224609375 0.033203125 0.033203125
0 0.9404296875 0.5234375 0.033203125 0.033203125
0 0.779296875 0.5517578125 0.033203125 0.033203125
0 0.69921875 0.5546875 0.033203125 0.033203125
0 0.5185546875 0.56640625 0.033203125 0.033203125
0 0.580078125 0.5771484375 0.033203125 0.033203125
0 0.55859375 0.603515625 0.033203125 0.033203125
0 0.6162109375 0.625 0.033203125 0.033203125
0 0.8173828125 0.6689453125 0.033203125 0.033203125
0 0.416015625 0.6904296875 0.033203125 0.033203125
0 0.88671875 0.705078125 0.033203125 0.033203125
0 0.8603515625 0.70703125 0.033203125 0.033203125
0 0.3046875 0.7236328125 0.033203125 0.033203125
0 0.2197265625 0.75390625 0.033203125 0.033203125
0 0.181640625 0.76171875 0.033203125 0.033203125
0 0.1357421875 0.779296875 0.033203125 0.033203125
0 0.0986328125 0.79296875 0.033203125 0.033203125
0 0.0263671875 0.810546875 0.033203125 0.033203125
0 0.888671875 0.8154296875 0.033203125 0.033203125
0 0.8896484375 0.8154296875 0.033203125 0.033203125
0 0.873046875 0.85546875 0.033203125 0.033203125
0 0.923828125 0.9052734375 0.033203125 0.033203125
0 0.8125 0.919921875 0.033203125 0.033203125
0 0.5283203125 0.939453125 0.033203125 0.033203125
0 0.4228515625 0.96875 0.033203125 0.033203125