0 0.212890625 0.3251953125 0.033203125 0.033203125
0 0.2216796875 0.3564453125 0.033203125 0.033203125
0 0.2314453125 0.39453125 0.033203125 0.033203125
0 0.244140625 0.4296875 0.033203125 0.033203125
0 0.27734375 0.5322265625 0.033203125 0.033203125
0 0.0703125 0.587890625 0.033203125 0.033203125
0 0.0556640625 0.5966796875 0.033203125 0.033203125
0 0.29296875 0.658203125 0.033203125 0.033203125
0 0.0166015625 0.6591796875 0.033203125 0.033203125
0 0.7529296875 0.6845703125 0.033203125 0.033203125
0 0.3125 0.7197265625 0.033203125 0.033203125
0 0.3251953125 0.765625 0.033203125 0.033203125
0 0.4755859375 0.8310546875 0.033203125 0.033203125
0 0.6279296875 0.927734375 0.033203125 0.033203125
0 0.0478515625 0.96875 0.033203125 0.033203125
0 0.6083984375 0.98046875 0.033203125 0.033203125