0 0.95703125 0.265625 0.033203125 0.033203125
0 0.7255859375 0.3603515625 0.033203125 0.033203125
0 0.67578125 0.3759765625 0.033203125 0.033203125
0 0.8271484375 0.4013671875 0.033203125 0.033203125
0 0.5439453125 0.4208984375 0.033203125 0.033203125
0 0.509765625 0.431640625 0.033203125 0.033203125
0 0.41796875 0.46484375 0.033203125 0.033203125
0 0.603515625 0.4931640625 0.033203125 0.033203125
0 0.60546875 0.5126953125 0.033203125 0.033203125
0 0.6533203125 0.52734375 0.033203125 0.033203125
0 0.6103515625 0.5302734375 0.033203125 0.033203125
0 0.6240234375 0.5634765625 0.033203125 0.033203125
0 0.6376953125 0.5927734375 0.033203125 0.033203125
0 0.6435546875 0.6142578125 0.033203125 0.033203125
0 0.5595703125 0.6201171875 0.033203125 0.033203125
0 0.462890625 0.6318359375 0.033203125 0.033203125
0 0.5634765625 0.638671875 0.033203125 0.033203125
0 0.689453125 0.650390625 0.033203125 0.033203125
0 0.466796875 0.6513671875 0.033203125 0.033203125
0 0.578125 0.65625 0.033203125 0.033203125
0 0.5546875 0.6875 0.033203125 0.033203125
0 0.705078125 0.69921875 0.033203125 0.033203125
0 0.5537109375 0.708984375 0.033203125 0.033203125
0 0.712890625 0.7216796875 0.033203125 0.033203125
0 0.5634765625 0.7236328125 0.033203125 0.033203125
0 0.501953125 0.755859375 0.033203125 0.033203125
0 0.181640625 0.765625 0.033203125 0.033203125
0 0.2119140625 0.791015625 0.033203125 0.033203125
0 0.5908203125 0.802734375 0.033203125 0.033203125
0 0.251953125 0.8056640625 0.033203125 0.033203125
0 0.5234375 0.8193359375 0.033203125 0.033203125
0 0.6337890625 0.865234375 0.033203125 0.033203125
0 0.291015625 0.9326171875 0.033203125 0.033203125
0 0.271484375 0.95703125 0.033203125 0.033203125