0 0.041015625 0.00927734375 0.033203125 0.0185546875
0 0.0537109375 0.03515625 0.033203125 0.033203125
0 0.01513671875 0.04296875 0.0302734375 0.033203125
0 0.625 0.064453125 0.033203125 0.033203125
0 0.0380859375 0.115234375 0.033203125 0.033203125
0 0.0185546875 0.12109375 0.033203125 0.033203125
0 0.0087890625 0.125 0.017578125 0.033203125
0 0.2470703125 0.2021484375 0.033203125 0.033203125
0 0.4150390625 0.2119140625 0.033203125 0.033203125
0 0.01953125 0.251953125 0.033203125 0.033203125
0 0.083984375 0.2568359375 0.033203125 0.033203125
0 0.3955078125 0.291015625 0.033203125 0.033203125
0 0.486328125 0.3818359375 0.033203125 0.033203125
0 0.4326171875 0.4072265625 0.033203125 0.033203125
0 0.4990234375 0.4150390625 0.033203125 0.033203125
0 0.4462890625 0.447265625 0.033203125 0.033203125
0 0.5107421875 0.4560546875 0.033203125 0.033203125
0 0.5224609375 0.4931640625 0.033203125 0.033203125
0 0.4619140625 0.4990234375 0.033203125 0.033203125
0 0.134765625 0.5224609375 0.033203125 0.033203125
0 0.5361328125 0.537109375 0.033203125 0.033203125
0 0.4775390625 0.5517578125 0.033203125 0.033203125
0 0.1435546875 0.5634765625 0.033203125 0.033203125
0 0.5458984375 0.5732421875 0.033203125 0.033203125
0 0.4892578125 0.591796875 0.033203125 0.033203125
0 0.1494140625 0.609375 0.033203125 0.033203125
0 0.5595703125 0.611328125 0.033203125 0.033203125
0 0.5 0.630859375 0.033203125 0.033203125
0 0.134765625 0.6416015625 0.033203125 0.033203125
0 0.5146484375 0.669921875 0.033203125 0.033203125
0 0.125 0.6796875 0.033203125 0.033203125
0 0.1552734375 0.689453125 0.033203125 0.033203125
0 0.169921875 0.7021484375 0.033203125 0.033203125
0 0.169921875 0.703125 0.033203125 0.033203125
0 0.5244140625 0.705078125 0.033203125 0.033203125
0 0.5908203125 0.712890625 0.033203125 0.033203125
0 0.185546875 0.716796875 0.033203125 0.033203125
0 0.193359375 0.734375 0.033203125 0.033203125
0 0.5341796875 0.7412109375 0.033203125 0.033203125
0 0.599609375 0.7421875 0.033203125 0.033203125
0 0.1982421875 0.7509765625 0.033203125 0.033203125
0 0.203125 0.7666015625 0.033203125 0.033203125
0 0.2138671875 0.7900390625 0.033203125 0.033203125
0 0.8857421875 0.8154296875 0.033203125 0.033203125
0 0.556640625 0.8271484375 0.033203125 0.033203125
0 0.8388671875 0.830078125 0.033203125 0.033203125
0 0.2958984375 0.8310546875 0.033203125 0.033203125
0 0.3017578125 0.8525390625 0.033203125 0.033203125
0 0.8037109375 0.9521484375 0.033203125 0.033203125
0 0.6494140625 0.958984375 0.033203125 0.033203125
0 0.7685546875 0.9658203125 0.033203125 0.033203125
0 0.7353515625 0.9755859375 0.033203125 0.033203125