0 0.0810546875 0.0380859375 0.033203125 0.033203125
0 0.1357421875 0.0791015625 0.033203125 0.033203125
0 0.2138671875 0.0888671875 0.033203125 0.033203125
0 0.1484375 0.111328125 0.033203125 0.033203125
0 0.02734375 0.1318359375 0.033203125 0.033203125
0 0.197265625 0.171875 0.033203125 0.033203125
0 0.9287109375 0.318359375 0.033203125 0.033203125
0 0.7509765625 0.3955078125 0.033203125 0.033203125
0 0.7138671875 0.4375 0.033203125 0.033203125
0 0.9677734375 0.5048828125 0.033203125 0.033203125
0 0.984375 0.55078125 0.03125 0.033203125
0 0.505859375 0.5830078125 0.033203125 0.033203125
0 0.1015625 0.59375 0.033203125 0.033203125
0 0.7802734375 0.626953125 0.033203125 0.033203125
0 0.177734375 0.65234375 0.033203125 0.033203125
0 0.3466796875 0.6904296875 0.033203125 0.033203125
0 0.810546875 0.7255859375 0.033203125 0.033203125
0 0.568359375 0.787109375 0.033203125 0.033203125
0 0.8779296875 0.8115234375 0.033203125 0.033203125
0 0.6064453125 0.9140625 0.033203125 0.033203125
0 0.3115234375 0.9775390625 0.033203125 0.033203125
0 0.6298828125 0.98681640625 0.033203125 0.0263671875