0 0.650390625 0.01025390625 0.033203125 0.0205078125
0 0.5546875 0.01513671875 0.033203125 0.0302734375
0 0.560546875 0.033203125 0.033203125 0.033203125
0 0.6640625 0.04296875 0.033203125 0.033203125
0 0.5703125 0.0517578125 0.033203125 0.033203125
0 0.953125 0.19921875 0.033203125 0.033203125
0 0.9072265625 0.2119140625 0.033203125 0.033203125
0 0.1201171875 0.216796875 0.033203125 0.033203125
0 0.86328125 0.2255859375 0.033203125 0.033203125
0 0.76171875 0.2607421875 0.033203125 0.033203125
0 0.0087890625 0.2802734375 0.017578125 0.033203125
0 0.01953125 0.2880859375 0.033203125 0.033203125
0 0.63671875 0.30078125 0.033203125 0.033203125
0 0.513671875 0.341796875 0.033203125 0.033203125
0 0.6796875 0.3642578125 0.033203125 0.033203125
0 0.01123046875 0.37109375 0.0224609375 0.033203125
0 0.3701171875 0.3837890625 0.033203125 0.033203125
0 0.017578125 0.404296875 0.033203125 0.033203125
0 0.8984375 0.462890625 0.033203125 0.033203125
0 0.8837890625 0.478515625 0.033203125 0.033203125
0 0.640625 0.5517578125 0.033203125 0.033203125
0 0.7080078125 0.5537109375 0.033203125 0.033203125
0 0.9609375 0.572265625 0.033203125 0.033203125
0 0.568359375 0.60546875 0.033203125 0.033203125
0 0.5859375 0.677734375 0.033203125 0.033203125
0 0.56640625 0.6806640625 0.033203125 0.033203125
0 0.5517578125 0.6904296875 0.033203125 0.033203125
0 0.251953125 0.6923828125 0.033203125 0.033203125
0 0.5263671875 0.6962890625 0.033203125 0.033203125
0 0.5068359375 0.701171875 0.033203125 0.033203125
0 0.2666015625 0.7646484375 0.033203125 0.033203125
0 0.1708984375 0.8310546875 0.033203125 0.033203125
0 0.1513671875 0.8388671875 0.033203125 0.033203125
0 0.9814453125 0.8388671875 0.033203125 0.033203125
0 0.93359375 0.853515625 0.033203125 0.033203125
0 0.7939453125 0.8583984375 0.033203125 0.033203125
0 0.2216796875 0.8603515625 0.033203125 0.033203125
0 0.876953125 0.8720703125 0.033203125 0.033203125
0 0.841796875 0.880859375 0.033203125 0.033203125
0 0.8046875 0.8935546875 0.033203125 0.033203125
0 0.7724609375 0.904296875 0.033203125 0.033203125
0 0.732421875 0.916015625 0.033203125 0.033203125
0 0.6962890625 0.927734375 0.033203125 0.033203125
0 0.662109375 0.939453125 0.033203125 0.033203125
0 0.619140625 0.9521484375 0.033203125 0.033203125
0 0.453125 0.9609375 0.033203125 0.033203125
0 0.5751953125 0.9658203125 0.033203125 0.033203125
0 0.1435546875 0.97265625 0.033203125 0.033203125
0 0.5380859375 0.9765625 0.033203125 0.033203125
0 0.50390625 0.9873046875 0.033203125 0.025390625