0 0.48046875 0.080078125 0.033203125 0.033203125
0 0.94140625 0.2958984375 0.033203125 0.033203125
0 0.5361328125 0.3056640625 0.033203125 0.033203125
0 0.91015625 0.310546875 0.033203125 0.033203125
0 0.8642578125 0.3232421875 0.033203125 0.033203125
0 0.939453125 0.3291015625 0.033203125 0.033203125
0 0.693359375 0.41015625 0.033203125 0.033203125
0 0.53515625 0.45703125 0.033203125 0.033203125
0 0.2490234375 0.5234375 0.033203125 0.033203125
0 0.2099609375 0.5380859375 0.033203125 0.033203125
0 0.6025390625 0.544921875 0.033203125 0.033203125
0 0.0703125 0.5810546875 0.033203125 0.033203125
0 0.0576171875 0.615234375 0.033203125 0.033203125
0 0.693359375 0.6357421875 0.033203125 0.033203125
0 0.080078125 0.654296875 0.033203125 0.033203125
0 0.240234375 0.7119140625 0.033203125 0.033203125
0 0.205078125 0.7490234375 0.033203125 0.033203125
0 0.646484375 0.7490234375 0.033203125 0.033203125
0 0.0283203125 0.783203125 0.033203125 0.033203125
0 0.6611328125 0.7919921875 0.033203125 0.033203125
0 0.01513671875 0.8369140625 0.0302734375 0.033203125
0 0.3486328125 0.896484375 0.033203125 0.033203125