0 0.26171875 0.0078125 0.033203125 0.015625
0 0.388671875 0.1083984375 0.033203125 0.033203125
0 0.328125 0.1201171875 0.033203125 0.033203125
0 0.8173828125 0.12109375 0.033203125 0.033203125
0 0.1943359375 0.1220703125 0.033203125 0.033203125
0 0.1953125 0.1220703125 0.033203125 0.033203125
0 0.7646484375 0.1337890625 0.033203125 0.033203125
0 0.1259765625 0.14453125 0.033203125 0.033203125
0 0.125 0.1455078125 0.033203125 0.033203125
0 0.5400390625 0.1494140625 0.033203125 0.033203125
0 0.5458984375 0.1650390625 0.033203125 0.033203125
0 0.5458984375 0.181640625 0.033203125 0.033203125
0 0.3212890625 0.205078125 0.033203125 0.033203125
0 0.3876953125 0.205078125 0.033203125 0.033203125
0 0.421875 0.216796875 0.033203125 0.033203125
0 0.5634765625 0.224609375 0.033203125 0.033203125
0 0.37109375 0.2509765625 0.033203125 0.033203125
0 0.3388671875 0.251953125 0.033203125 0.033203125
0 0.4345703125 0.2568359375 0.033203125 0.033203125
0 0.3544921875 0.294921875 0.033203125 0.033203125
0 0.673828125 0.3212890625 0.033203125 0.033203125
0 0.4111328125 0.3828125 0.033203125 0.033203125
0 0.099609375 0.423828125 0.033203125 0.033203125
0 0.7138671875 0.423828125 0.033203125 0.033203125
0 0.9345703125 0.51171875 0.033203125 0.033203125
0 0.048828125 0.5341796875 0.033203125 0.033203125
0 0.6796875 0.5927734375 0.033203125 0.033203125
0 0.7783203125 0.5986328125 0.033203125 0.033203125
0 0.8271484375 0.623046875 0.033203125 0.033203125
0 0.794921875 0.634765625 0.033203125 0.033203125
0 0.1435546875 0.6396484375 0.033203125 0.033203125
0 0.19921875 0.66015625 0.033203125 0.033203125
0 0.15625 0.666015625 0.033203125 0.033203125
0 0.1396484375 0.6728515625 0.033203125 0.033203125
0 0.1513671875 0.7021484375 0.033203125 0.033203125
0 0.1494140625 0.705078125 0.033203125 0.033203125
0 0.345703125 0.7216796875 0.033203125 0.033203125
0 0.921875 0.7353515625 0.033203125 0.033203125
0 0.3056640625 0.736328125 0.033203125 0.033203125
0 0.9697265625 0.74609375 0.033203125 0.033203125
0 0.2724609375 0.748046875 0.033203125 0.033203125
0 0.240234375 0.7578125 0.033203125 0.033203125
0 0.193359375 0.7724609375 0.033203125 0.033203125
0 0.12109375 0.7939453125 0.033203125 0.033203125
0 0.0849609375 0.8056640625 0.033203125 0.033203125
0 0.0556640625 0.8134765625 0.033203125 0.033203125
0 0.0224609375 0.82421875 0.033203125 0.033203125
0 0.2275390625 0.8486328125 0.033203125 0.033203125
0 0.24609375 0.916015625 0.033203125 0.033203125
0 0.6435546875 0.92578125 0.033203125 0.033203125
0 0.56640625 0.98046875 0.033203125 0.033203125
0 0.6630859375 0.984375 0.033203125 0.03125