0 0.673828125 0.0234375 0.033203125 0.033203125
0 0.380859375 0.041015625 0.033203125 0.033203125
0 0.5859375 0.041015625 0.033203125 0.033203125
0 0.6220703125 0.0595703125 0.033203125 0.033203125
0 0.69140625 0.07421875 0.033203125 0.033203125
0 0.5966796875 0.0771484375 0.033203125 0.033203125
0 0.072265625 0.119140625 0.033203125 0.033203125
0 0.705078125 0.1279296875 0.033203125 0.033203125
0 0.0498046875 0.130859375 0.033203125 0.033203125
0 0.19921875 0.1533203125 0.033203125 0.033203125
0 0.6826171875 0.158203125 0.033203125 0.033203125
0 0.1513671875 0.1728515625 0.033203125 0.033203125
0 0.05859375 0.1923828125 0.033203125 0.033203125
0 0.08203125 0.1923828125 0.033203125 0.033203125
0 0.4013671875 0.1962890625 0.033203125 0.033203125
0 0.0400390625 0.19921875 0.033203125 0.033203125
0 0.3974609375 0.220703125 0.033203125 0.033203125
0 0.74609375 0.2568359375 0.033203125 0.033203125
0 0.353515625 0.2587890625 0.033203125 0.033203125
0 0.3671875 0.32421875 0.033203125 0.033203125
0 0.375 0.345703125 0.033203125 0.033203125
0 0.58984375 0.345703125 0.033203125 0.033203125
0 0.78125 0.36328125 0.033203125 0.033203125
0 0.4833984375 0.37890625 0.033203125 0.033203125
0 0.3994140625 0.4033203125 0.033203125 0.033203125
0 0.3203125 0.4287109375 0.033203125 0.033203125
0 0.2421875 0.4521484375 0.033203125 0.033203125
0 0.18359375 0.4677734375 0.033203125 0.033203125
0 0.1474609375 0.4794921875 0.033203125 0.033203125
0 0.1083984375 0.4931640625 0.033203125 0.033203125
0 0.7275390625 0.4931640625 0.033203125 0.033203125
0 0.0595703125 0.5078125 0.033203125 0.033203125
0 0.830078125 0.5185546875 0.033203125 0.033203125
0 0.0224609375 0.5205078125 0.033203125 0.033203125
0 0.42578125 0.5224609375 0.033203125 0.033203125
0 0.4482421875 0.546875 0.033203125 0.033203125
0 0.4775390625 0.5615234375 0.033203125 0.033203125
0 0.4853515625 0.576171875 0.033203125 0.033203125
0 0.7587890625 0.59765625 0.033203125 0.033203125
0 0.7978515625 0.6044921875 0.033203125 0.033203125
0 0.85546875 0.60546875 0.033203125 0.033203125
0 0.771484375 0.63671875 0.033203125 0.033203125
0 0.78515625 0.6787109375 0.033203125 0.033203125
0 0.87890625 0.681640625 0.033203125 0.033203125
0 0.890625 0.716796875 0.033203125 0.033203125
0 0.5 0.736328125 0.033203125 0.033203125
0 0.9111328125 0.78515625 0.033203125 0.033203125
0 0.1787109375 0.8154296875 0.033203125 0.033203125
0 0.2041015625 0.826171875 0.033203125 0.033203125
0 0.9228515625 0.828125 0.033203125 0.033203125
0 0.2119140625 0.84765625 0.033203125 0.033203125
0 0.46875 0.861328125 0.033203125 0.033203125
0 0.4091796875 0.8798828125 0.033203125 0.033203125
0 0.3408203125 0.8828125 0.033203125 0.033203125
0 0.0166015625 0.904296875 0.033203125 0.033203125
0 0.8603515625 0.91796875 0.033203125 0.033203125
0 0.244140625 0.9404296875 0.033203125 0.033203125
0 0.607421875 0.9443359375 0.033203125 0.033203125
0 0.4970703125 0.94921875 0.033203125 0.033203125
0 0.333984375 0.951171875 0.033203125 0.033203125
0 0.4794921875 0.9560546875 0.033203125 0.033203125
0 0.8759765625 0.958984375 0.033203125 0.033203125
0 0.1298828125 0.9599609375 0.033203125 0.033203125
0 0.4609375 0.9609375 0.033203125 0.033203125
0 0.4423828125 0.9619140625 0.033203125 0.033203125
0 0.9091796875 0.966796875 0.033203125 0.033203125
0 0.4228515625 0.96875 0.033203125 0.033203125
0 0.2412109375 0.970703125 0.033203125 0.033203125
0 0.0556640625 0.9814453125 0.033203125 0.033203125
0 0.0400390625 0.98681640625 0.033203125 0.0263671875