0 0.4609375 0.01025390625 0.033203125 0.0205078125
0 0.3828125 0.0283203125 0.033203125 0.033203125
0 0.1962890625 0.087890625 0.033203125 0.033203125
0 0.279296875 0.1533203125 0.033203125 0.033203125
0 0.283203125 0.17578125 0.033203125 0.033203125
0 0.9150390625 0.1865234375 0.033203125 0.033203125
0 0.884765625 0.2255859375 0.033203125 0.033203125
0 0.7900390625 0.2392578125 0.033203125 0.033203125
0 0.3076171875 0.2509765625 0.033203125 0.033203125
0 0.60546875 0.3544921875 0.033203125 0.033203125
0 0.041015625 0.3720703125 0.033203125 0.033203125
0 0.4052734375 0.3759765625 0.033203125 0.033203125
0 0.0556640625 0.505859375 0.033203125 0.033203125
0 0.9814453125 0.53125 0.033203125 0.033203125
0 0.0693359375 0.546875 0.033203125 0.033203125
0 0.89453125 0.5556640625 0.033203125 0.033203125
0 0.84765625 0.5703125 0.033203125 0.033203125
0 0.083984375 0.58984375 0.033203125 0.033203125
0 0.775390625 0.5927734375 0.033203125 0.033203125
0 0.7373046875 0.607421875 0.033203125 0.033203125
0 0.6962890625 0.6162109375 0.033203125 0.033203125
0 0.099609375 0.626953125 0.033203125 0.033203125
0 0.65234375 0.6337890625 0.033203125 0.033203125
0 0.6142578125 0.6455078125 0.033203125 0.033203125
0 0.5830078125 0.65234375 0.033203125 0.033203125
0 0.4873046875 0.6806640625 0.033203125 0.033203125
0 0.4609375 0.689453125 0.033203125 0.033203125
0 0.4248046875 0.703125 0.033203125 0.033203125
0 0.3837890625 0.7158203125 0.033203125 0.033203125
0 0.3427734375 0.7265625 0.033203125 0.033203125
0 0.306640625 0.73828125 0.033203125 0.033203125
0 0.513671875 0.7421875 0.033203125 0.033203125
0 0.4697265625 0.7724609375 0.033203125 0.033203125
0 0.4375 0.7802734375 0.033203125 0.033203125
0 0.41015625 0.78125 0.033203125 0.033203125
0 0.392578125 0.7890625 0.033203125 0.033203125
0 0.3388671875 0.8154296875 0.033203125 0.033203125
0 0.0703125 0.81640625 0.033203125 0.033203125
0 0.03515625 0.828125 0.033203125 0.033203125
0 0.302734375 0.8310546875 0.033203125 0.033203125
0 0.931640625 0.939453125 0.033203125 0.033203125