0 0.2392578125 0.015625 0.033203125 0.03125
0 0.6376953125 0.0546875 0.033203125 0.033203125
0 0.251953125 0.0576171875 0.033203125 0.033203125
0 0.595703125 0.0615234375 0.033203125 0.033203125
0 0.5634765625 0.072265625 0.033203125 0.033203125
0 0.26171875 0.0927734375 0.033203125 0.033203125
0 0.271484375 0.1298828125 0.033203125 0.033203125
0 0.2880859375 0.16796875 0.033203125 0.033203125
0 0.2998046875 0.2109375 0.033203125 0.033203125
0 0.3154296875 0.2568359375 0.033203125 0.033203125
0 0.3330078125 0.31640625 0.033203125 0.033203125
0 0.3447265625 0.3515625 0.033203125 0.033203125
0 0.6826171875 0.3603515625 0.033203125 0.033203125
0 0.3544921875 0.3896484375 0.033203125 0.033203125
0 0.6923828125 0.4013671875 0.033203125 0.033203125
0 0.369140625 0.431640625 0.033203125 0.033203125
0 0.21484375 0.4404296875 0.033203125 0.033203125
0 0.7099609375 0.44921875 0.033203125 0.033203125
0 0.1689453125 0.4560546875 0.033203125 0.033203125
0 0.3779296875 0.462890625 0.033203125 0.033203125
0 0.12890625 0.466796875 0.033203125 0.033203125
0 0.0078125 0.474609375 0.015625 0.033203125
0 0.0927734375 0.4794921875 0.033203125 0.033203125
0 0.0595703125 0.4912109375 0.033203125 0.033203125
0 0.3876953125 0.5 0.033203125 0.033203125
0 0.021484375 0.501953125 0.033203125 0.033203125
0 0.33984375 0.53515625 0.033203125 0.033203125
0 0.4013671875 0.541015625 0.033203125 0.033203125
0 0.8310546875 0.556640625 0.033203125 0.033203125
0 0.35546875 0.576171875 0.033203125 0.033203125
0 0.4130859375 0.5791015625 0.033203125 0.033203125
0 0.7568359375 0.580078125 0.033203125 0.033203125
0 0.6875 0.603515625 0.033203125 0.033203125
0 0.4228515625 0.609375 0.033203125 0.033203125
0 0.365234375 0.6103515625 0.033203125 0.033203125
0 0.6357421875 0.62109375 0.033203125 0.033203125
0 0.6025390625 0.6328125 0.033203125 0.033203125
0 0.5693359375 0.6435546875 0.033203125 0.033203125
0 0.537109375 0.65625 0.033203125 0.033203125
0 0.6025390625 0.70703125 0.033203125 0.033203125
0 0.294921875 0.8251953125 0.033203125 0.033203125