0 0.658203125 0.00927734375 0.033203125 0.0185546875
0 0.888671875 0.1162109375 0.033203125 0.033203125
0 0.94921875 0.1455078125 0.033203125 0.033203125
0 0.9091796875 0.15625 0.033203125 0.033203125
0 0.9541015625 0.16796875 0.033203125 0.033203125
0 0.921875 0.1982421875 0.033203125 0.033203125
0 0.962890625 0.208984375 0.033203125 0.033203125
0 0.9326171875 0.2421875 0.033203125 0.033203125
0 0.9794921875 0.2470703125 0.033203125 0.033203125
0 0.98583984375 0.265625 0.0283203125 0.033203125
0 0.939453125 0.41015625 0.033203125 0.033203125
0 0.71484375 0.4111328125 0.033203125 0.033203125
0 0.97265625 0.4130859375 0.033203125 0.033203125
0 0.6650390625 0.4189453125 0.033203125 0.033203125
0 0.7177734375 0.720703125 0.033203125 0.033203125
0 0.6748046875 0.7333984375 0.033203125 0.033203125
0 0.4931640625 0.791015625 0.033203125 0.033203125
0 0.4931640625 0.7919921875 0.033203125 0.033203125
0 0.1708984375 0.869140625 0.033203125 0.033203125