0 0.173828125 0.0810546875 0.033203125 0.033203125
0 0.0205078125 0.1650390625 0.033203125 0.033203125
0 0.2041015625 0.1650390625 0.033203125 0.033203125
0 0.4443359375 0.1845703125 0.033203125 0.033203125
0 0.0302734375 0.1953125 0.033203125 0.033203125
0 0.173828125 0.271484375 0.033203125 0.033203125
0 0.1171875 0.29296875 0.033203125 0.033203125
0 0.880859375 0.591796875 0.033203125 0.033203125
0 0.8818359375 0.591796875 0.033203125 0.033203125
0 0.8251953125 0.6083984375 0.033203125 0.033203125
0 0.0458984375 0.6669921875 0.033203125 0.033203125
0 0.75 0.6982421875 0.033203125 0.033203125
0 0.576171875 0.7509765625 0.033203125 0.033203125
0 0.54296875 0.7607421875 0.033203125 0.033203125
0 0.5 0.7744140625 0.033203125 0.033203125
0 0.5009765625 0.7744140625 0.033203125 0.033203125
0 0.6171875 0.7890625 0.033203125 0.033203125
0 0.2900390625 0.845703125 0.033203125 0.033203125
0 0.576171875 0.890625 0.033203125 0.033203125
0 0.0341796875 0.9072265625 0.033203125 0.033203125
0 0.03125 0.908203125 0.033203125 0.033203125