0 0.888671875 0.2060546875 0.033203125 0.033203125
0 0.9013671875 0.2421875 0.033203125 0.033203125
0 0.9150390625 0.2861328125 0.033203125 0.033203125
0 0.9296875 0.333984375 0.033203125 0.033203125
0 0.943359375 0.380859375 0.033203125 0.033203125
0 0.9580078125 0.4228515625 0.033203125 0.033203125
0 0.9677734375 0.46484375 0.033203125 0.033203125
0 0.98046875 0.5048828125 0.033203125 0.033203125
0 0.4765625 0.65234375 0.033203125 0.033203125
0 0.427734375 0.6640625 0.033203125 0.033203125
0 0.2451171875 0.8564453125 0.033203125 0.033203125
0 0.2265625 0.8623046875 0.033203125 0.033203125
0 0.185546875 0.873046875 0.033203125 0.033203125
0 0.16796875 0.8837890625 0.033203125 0.033203125
0 0.169921875 0.88671875 0.033203125 0.033203125
0 0.0166015625 0.9306640625 0.033203125 0.033203125