0 0.064453125 0.05859375 0.033203125 0.033203125
0 0.990234375 0.1015625 0.01953125 0.033203125
0 0.0517578125 0.140625 0.033203125 0.033203125
0 0.7666015625 0.173828125 0.033203125 0.033203125
0 0.3154296875 0.26953125 0.033203125 0.033203125
0 0.298828125 0.2783203125 0.033203125 0.033203125
0 0.271484375 0.32421875 0.033203125 0.033203125
0 0.2177734375 0.4794921875 0.033203125 0.033203125
0 0.1669921875 0.490234375 0.033203125 0.033203125
0 0.125 0.501953125 0.033203125 0.033203125
0 0.09375 0.5185546875 0.033203125 0.033203125
0 0.890625 0.5185546875 0.033203125 0.033203125
0 0.0703125 0.525390625 0.033203125 0.033203125
0 0.0126953125 0.5439453125 0.025390625 0.033203125
0 0.0126953125 0.544921875 0.025390625 0.033203125
0 0.8974609375 0.552734375 0.033203125 0.033203125
0 0.2041015625 0.556640625 0.033203125 0.033203125
0 0.8125 0.5908203125 0.033203125 0.033203125
0 0.76953125 0.607421875 0.033203125 0.033203125
0 0.8056640625 0.6669921875 0.033203125 0.033203125
0 0.73046875 0.66796875 0.033203125 0.033203125
0 0.6953125 0.6767578125 0.033203125 0.033203125
0 0.6162109375 0.681640625 0.033203125 0.033203125
0 0.6005859375 0.69140625 0.033203125 0.033203125
0 0.58203125 0.6943359375 0.033203125 0.033203125
0 0.5078125 0.6962890625 0.033203125 0.033203125
0 0.5634765625 0.69921875 0.033203125 0.033203125
0 0.544921875 0.7001953125 0.033203125 0.033203125
0 0.5263671875 0.701171875 0.033203125 0.033203125
0 0.7412109375 0.7314453125 0.033203125 0.033203125
0 0.720703125 0.7373046875 0.033203125 0.033203125
0 0.7041015625 0.7490234375 0.033203125 0.033203125
0 0.6875 0.7509765625 0.033203125 0.033203125
0 0.66796875 0.755859375 0.033203125 0.033203125
0 0.6494140625 0.7607421875 0.033203125 0.033203125
0 0.6328125 0.76953125 0.033203125 0.033203125
0 0.611328125 0.7734375 0.033203125 0.033203125
0 0.591796875 0.779296875 0.033203125 0.033203125
0 0.5751953125 0.7841796875 0.033203125 0.033203125
0 0.5556640625 0.7939453125 0.033203125 0.033203125
0 0.5361328125 0.796875 0.033203125 0.033203125
0 0.7578125 0.81640625 0.033203125 0.033203125
0 0.626953125 0.8486328125 0.033203125 0.033203125
0 0.7548828125 0.869140625 0.033203125 0.033203125
0 0.48828125 0.9072265625 0.033203125 0.033203125
0 0.2333984375 0.98388671875 0.033203125 0.0322265625
0 0.212890625 0.986328125 0.033203125 0.02734375