0 0.185546875 0.0107421875 0.033203125 0.021484375
0 0.09375 0.0361328125 0.033203125 0.033203125
0 0.0078125 0.0556640625 0.015625 0.033203125
0 0.9248046875 0.0615234375 0.033203125 0.033203125
0 0.8935546875 0.0703125 0.033203125 0.033203125
0 0.8037109375 0.0986328125 0.033203125 0.033203125
0 0.12109375 0.1015625 0.033203125 0.033203125
0 0.7607421875 0.1123046875 0.033203125 0.033203125
0 0.7314453125 0.1201171875 0.033203125 0.033203125
0 0.0556640625 0.1220703125 0.033203125 0.033203125
0 0.0380859375 0.123046875 0.033203125 0.033203125
0 0.0205078125 0.126953125 0.033203125 0.033203125
0 0.6982421875 0.1298828125 0.033203125 0.033203125
0 0.43359375 0.216796875 0.033203125 0.033203125
0 0.2490234375 0.2783203125 0.033203125 0.033203125
0 0.140625 0.3095703125 0.033203125 0.033203125
0 0.1044921875 0.3232421875 0.033203125 0.033203125
0 0.0693359375 0.3330078125 0.033203125 0.033203125
0 0.021484375 0.34765625 0.033203125 0.033203125
0 0.2451171875 0.3515625 0.033203125 0.033203125
0 0.1396484375 0.384765625 0.033203125 0.033203125
0 0.095703125 0.3974609375 0.033203125 0.033203125
0 0.666015625 0.427734375 0.033203125 0.033203125
0 0.662109375 0.4912109375 0.033203125 0.033203125
0 0.53515625 0.5380859375 0.033203125 0.033203125
0 0.658203125 0.5810546875 0.033203125 0.033203125
0 0.5625 0.607421875 0.033203125 0.033203125
0 0.341796875 0.6171875 0.033203125 0.033203125
0 0.529296875 0.619140625 0.033203125 0.033203125
0 0.546875 0.619140625 0.033203125 0.033203125
0 0.4228515625 0.6533203125 0.033203125 0.033203125
0 0.1171875 0.654296875 0.033203125 0.033203125
0 0.1220703125 0.669921875 0.033203125 0.033203125
0 0.3583984375 0.671875 0.033203125 0.033203125
0 0.3369140625 0.673828125 0.033203125 0.033203125
0 0.3564453125 0.673828125 0.033203125 0.033203125
0 0.1533203125 0.7392578125 0.033203125 0.033203125
0 0.9775390625 0.751953125 0.033203125 0.033203125
0 0.9560546875 0.75390625 0.033203125 0.033203125
0 0.1083984375 0.759765625 0.033203125 0.033203125
0 0.896484375 0.7685546875 0.033203125 0.033203125
0 0.7041015625 0.828125 0.033203125 0.033203125
0 0.6826171875 0.888671875 0.033203125 0.033203125
0 0.021484375 0.8916015625 0.033203125 0.033203125
0 0.5947265625 0.9189453125 0.033203125 0.033203125
0 0.7939453125 0.9462890625 0.033203125 0.033203125
0 0.513671875 0.947265625 0.033203125 0.033203125
0 0.4794921875 0.9580078125 0.033203125 0.033203125
0 0.443359375 0.9658203125 0.033203125 0.033203125
0 0.40234375 0.98046875 0.033203125 0.033203125
0 0.4033203125 0.98046875 0.033203125 0.033203125
0 0.595703125 0.9873046875 0.033203125 0.025390625