0 0.958984375 0.2666015625 0.033203125 0.033203125
0 0.974609375 0.2841796875 0.033203125 0.033203125
0 0.9716796875 0.2861328125 0.033203125 0.033203125
0 0.7197265625 0.3037109375 0.033203125 0.033203125
0 0.6767578125 0.3173828125 0.033203125 0.033203125
0 0.6318359375 0.33203125 0.033203125 0.033203125
0 0.5849609375 0.34765625 0.033203125 0.033203125
0 0.546875 0.3583984375 0.033203125 0.033203125
0 0.50390625 0.373046875 0.033203125 0.033203125
0 0.8447265625 0.3818359375 0.033203125 0.033203125
0 0.47265625 0.3828125 0.033203125 0.033203125
0 0.4345703125 0.396484375 0.033203125 0.033203125
0 0.38671875 0.4130859375 0.033203125 0.033203125
0 0.2763671875 0.4462890625 0.033203125 0.033203125
0 0.197265625 0.4716796875 0.033203125 0.033203125
0 0.1533203125 0.486328125 0.033203125 0.033203125
0 0.1025390625 0.5029296875 0.033203125 0.033203125
0 0.064453125 0.5185546875 0.033203125 0.033203125
0 0.0185546875 0.529296875 0.033203125 0.033203125
0 0.822265625 0.7666015625 0.033203125 0.033203125
0 0.80078125 0.7744140625 0.033203125 0.033203125
0 0.787109375 0.7900390625 0.033203125 0.033203125
0 0.7294921875 0.7939453125 0.033203125 0.033203125
0 0.75 0.796875 0.033203125 0.033203125
0 0.921875 0.80859375 0.033203125 0.033203125
0 0.7177734375 0.810546875 0.033203125 0.033203125
0 0.615234375 0.82421875 0.033203125 0.033203125
0 0.63671875 0.82421875 0.033203125 0.033203125
0 0.59765625 0.830078125 0.033203125 0.033203125
0 0.5791015625 0.8388671875 0.033203125 0.033203125
0 0.552734375 0.849609375 0.033203125 0.033203125
0 0.7421875 0.857421875 0.033203125 0.033203125
0 0.763671875 0.861328125 0.033203125 0.033203125
0 0.974609375 0.8740234375 0.033203125 0.033203125
0 0.98486328125 0.91796875 0.0302734375 0.033203125
0 0.7099609375 0.927734375 0.033203125 0.033203125
0 0.634765625 0.943359375 0.033203125 0.033203125
0 0.63671875 0.9638671875 0.033203125 0.033203125