0 0.8193359375 0.0517578125 0.033203125 0.033203125
0 0.833984375 0.10546875 0.033203125 0.033203125
0 0.7587890625 0.1513671875 0.033203125 0.033203125
0 0.8466796875 0.1533203125 0.033203125 0.033203125
0 0.78125 0.23046875 0.033203125 0.033203125
0 0.828125 0.271484375 0.033203125 0.033203125
0 0.7919921875 0.2763671875 0.033203125 0.033203125
0 0.8037109375 0.3115234375 0.033203125 0.033203125
0 0.9599609375 0.3740234375 0.033203125 0.033203125
0 0.8388671875 0.44140625 0.033203125 0.033203125
0 0.8466796875 0.4755859375 0.033203125 0.033203125
0 0.85546875 0.5166015625 0.033203125 0.033203125
0 0.8720703125 0.5791015625 0.033203125 0.033203125
0 0.88671875 0.626953125 0.033203125 0.033203125
0 0.923828125 0.7763671875 0.033203125 0.033203125
0 0.01123046875 0.830078125 0.0224609375 0.033203125
0 0.0185546875 0.875 0.033203125 0.033203125
0 0.033203125 0.916015625 0.033203125 0.033203125
0 0.439453125 0.9765625 0.033203125 0.033203125