0 0.5166015625 0.01220703125 0.033203125 0.0244140625
0 0.169921875 0.087890625 0.033203125 0.033203125
0 0.2080078125 0.2060546875 0.033203125 0.033203125
0 0.23828125 0.3037109375 0.033203125 0.033203125
0 0.259765625 0.3740234375 0.033203125 0.033203125
0 0.26953125 0.412109375 0.033203125 0.033203125
0 0.2802734375 0.443359375 0.033203125 0.033203125
0 0.3017578125 0.51953125 0.033203125 0.033203125
0 0.318359375 0.572265625 0.033203125 0.033203125
0 0.3310546875 0.6064453125 0.033203125 0.033203125
0 0.3427734375 0.640625 0.033203125 0.033203125
0 0.3525390625 0.6787109375 0.033203125 0.033203125
0 0.3662109375 0.7197265625 0.033203125 0.033203125
0 0.849609375 0.7529296875 0.033203125 0.033203125
0 0.8681640625 0.7578125 0.033203125 0.033203125
0 0.92578125 0.76953125 0.033203125 0.033203125
0 0.857421875 0.78515625 0.033203125 0.033203125
0 0.392578125 0.8017578125 0.033203125 0.033203125
0 0.783203125 0.8076171875 0.033203125 0.033203125
0 0.0771484375 0.857421875 0.033203125 0.033203125
0 0.4208984375 0.89453125 0.033203125 0.033203125
0 0.0595703125 0.923828125 0.033203125 0.033203125
0 0.490234375 0.970703125 0.033203125 0.033203125
0 0.119140625 0.9775390625 0.033203125 0.033203125