0 0.6015625 0.060546875 0.033203125 0.033203125
0 0.412109375 0.103515625 0.033203125 0.033203125
0 0.646484375 0.1171875 0.033203125 0.033203125
0 0.8271484375 0.20703125 0.033203125 0.033203125
0 0.140625 0.208984375 0.033203125 0.033203125
0 0.783203125 0.2197265625 0.033203125 0.033203125
0 0.7490234375 0.2294921875 0.033203125 0.033203125
0 0.7177734375 0.2412109375 0.033203125 0.033203125
0 0.1298828125 0.2529296875 0.033203125 0.033203125
0 0.654296875 0.26171875 0.033203125 0.033203125
0 0.5517578125 0.2939453125 0.033203125 0.033203125
0 0.50390625 0.3095703125 0.033203125 0.033203125
0 0.458984375 0.32421875 0.033203125 0.033203125
0 0.3720703125 0.3544921875 0.033203125 0.033203125
0 0.3330078125 0.3671875 0.033203125 0.033203125
0 0.2880859375 0.380859375 0.033203125 0.033203125
0 0.2451171875 0.39453125 0.033203125 0.033203125
0 0.9208984375 0.416015625 0.033203125 0.033203125
0 0.1396484375 0.4306640625 0.033203125 0.033203125
0 0.85546875 0.439453125 0.033203125 0.033203125
0 0.04296875 0.462890625 0.033203125 0.033203125
0 0.0146484375 0.4755859375 0.029296875 0.033203125
0 0.8388671875 0.4775390625 0.033203125 0.033203125
0 0.734375 0.51171875 0.033203125 0.033203125
0 0.7412109375 0.533203125 0.033203125 0.033203125
0 0.990234375 0.5771484375 0.01953125 0.033203125
0 0.3369140625 0.662109375 0.033203125 0.033203125
0 0.662109375 0.66796875 0.033203125 0.033203125
0 0.7314453125 0.6748046875 0.033203125 0.033203125
0 0.69921875 0.6875 0.033203125 0.033203125
0 0.5 0.7998046875 0.033203125 0.033203125
0 0.4501953125 0.8134765625 0.033203125 0.033203125
0 0.5068359375 0.81640625 0.033203125 0.033203125
0 0.3828125 0.8427734375 0.033203125 0.033203125
0 0.4609375 0.8544921875 0.033203125 0.033203125
0 0.0078125 0.861328125 0.015625 0.033203125
0 0.4638671875 0.8759765625 0.033203125 0.033203125
0 0.4697265625 0.8935546875 0.033203125 0.033203125
0 0.5390625 0.8994140625 0.033203125 0.033203125
0 0.4765625 0.9150390625 0.033203125 0.033203125
0 0.412109375 0.9345703125 0.033203125 0.033203125
0 0.4853515625 0.9345703125 0.033203125 0.033203125
0 0.416015625 0.98974609375 0.033203125 0.0205078125