0 0.30078125 0.04296875 0.033203125 0.033203125
0 0.3486328125 0.1953125 0.033203125 0.033203125
0 0.3896484375 0.244140625 0.033203125 0.033203125
0 0.1259765625 0.2509765625 0.033203125 0.033203125
0 0.0908203125 0.2587890625 0.033203125 0.033203125
0 0.048828125 0.27734375 0.033203125 0.033203125
0 0.90234375 0.283203125 0.033203125 0.033203125
0 0.98486328125 0.29296875 0.0302734375 0.033203125
0 0.3779296875 0.294921875 0.033203125 0.033203125
0 0.9873046875 0.3095703125 0.025390625 0.033203125
0 0.4169921875 0.3193359375 0.033203125 0.033203125
0 0.9208984375 0.3330078125 0.033203125 0.033203125
0 0.8828125 0.35546875 0.033203125 0.033203125
0 0.8046875 0.37890625 0.033203125 0.033203125
0 0.943359375 0.3857421875 0.033203125 0.033203125
0 0.8974609375 0.396484375 0.033203125 0.033203125
0 0.3857421875 0.400390625 0.033203125 0.033203125
0 0.8251953125 0.408203125 0.033203125 0.033203125
0 0.4462890625 0.498046875 0.033203125 0.033203125
0 0.859375 0.544921875 0.033203125 0.033203125
0 0.806640625 0.5625 0.033203125 0.033203125
0 0.7734375 0.578125 0.033203125 0.033203125
0 0.0810546875 0.712890625 0.033203125 0.033203125
0 0.5068359375 0.771484375 0.033203125 0.033203125