0 0.0126953125 0.095703125 0.025390625 0.033203125
0 0.01025390625 0.251953125 0.0205078125 0.033203125
0 0.01171875 0.337890625 0.0234375 0.033203125
0 0.04296875 0.455078125 0.033203125 0.033203125
0 0.13671875 0.5009765625 0.033203125 0.033203125
0 0.1357421875 0.5029296875 0.033203125 0.033203125
0 0.017578125 0.50390625 0.033203125 0.033203125
0 0.1455078125 0.5390625 0.033203125 0.033203125
0 0.07421875 0.556640625 0.033203125 0.033203125
0 0.1455078125 0.6015625 0.033203125 0.033203125
0 0.1826171875 0.65625 0.033203125 0.033203125
0 0.1982421875 0.697265625 0.033203125 0.033203125
0 0.1357421875 0.75 0.033203125 0.033203125
0 0.1484375 0.7890625 0.033203125 0.033203125
0 0.16015625 0.8251953125 0.033203125 0.033203125
0 0.1708984375 0.85546875 0.033203125 0.033203125
0 0.25 0.8583984375 0.033203125 0.033203125
0 0.48046875 0.8916015625 0.033203125 0.033203125
0 0.1845703125 0.8974609375 0.033203125 0.033203125
0 0.26171875 0.9052734375 0.033203125 0.033203125
0 0.48828125 0.9111328125 0.033203125 0.033203125
0 0.4970703125 0.9267578125 0.033203125 0.033203125
0 0.1962890625 0.94140625 0.033203125 0.033203125
0 0.49609375 0.9462890625 0.033203125 0.033203125
0 0.50390625 0.9794921875 0.033203125 0.033203125
0 0.20703125 0.9833984375 0.033203125 0.033203125
0 0.2900390625 0.98486328125 0.033203125 0.0302734375
0 0.5146484375 0.990234375 0.033203125 0.01953125