0 0.9560546875 0.150390625 0.033203125 0.033203125
0 0.931640625 0.166015625 0.033203125 0.033203125
0 0.8779296875 0.171875 0.033203125 0.033203125
0 0.9130859375 0.171875 0.033203125 0.033203125
0 0.1142578125 0.228515625 0.033203125 0.033203125
0 0.080078125 0.2314453125 0.033203125 0.033203125
0 0.7197265625 0.2314453125 0.033203125 0.033203125
0 0.3994140625 0.2734375 0.033203125 0.033203125
0 0.6337890625 0.3017578125 0.033203125 0.033203125
0 0.63671875 0.31640625 0.033203125 0.033203125
0 0.7255859375 0.3232421875 0.033203125 0.033203125
0 0.6455078125 0.33203125 0.033203125 0.033203125
0 0.6484375 0.3505859375 0.033203125 0.033203125
0 0.650390625 0.3662109375 0.033203125 0.033203125
0 0.6533203125 0.3837890625 0.033203125 0.033203125
0 0.658203125 0.40625 0.033203125 0.033203125
0 0.66796875 0.43359375 0.033203125 0.033203125
0 0.673828125 0.447265625 0.033203125 0.033203125
0 0.685546875 0.46484375 0.033203125 0.033203125
0 0.693359375 0.4833984375 0.033203125 0.033203125
0 0.7001953125 0.5009765625 0.033203125 0.033203125
0 0.880859375 0.5458984375 0.033203125 0.033203125
0 0.990234375 0.5888671875 0.01953125 0.033203125
0 0.669921875 0.6044921875 0.033203125 0.033203125
0 0.890625 0.6220703125 0.033203125 0.033203125
0 0.6044921875 0.6416015625 0.033203125 0.033203125
0 0.484375 0.6806640625 0.033203125 0.033203125
0 0.3701171875 0.6875 0.033203125 0.033203125
0 0.654296875 0.6923828125 0.033203125 0.033203125
0 0.55859375 0.7216796875 0.033203125 0.033203125
0 0.330078125 0.7265625 0.033203125 0.033203125
0 0.5009765625 0.7392578125 0.033203125 0.033203125
0 0.0625 0.74609375 0.033203125 0.033203125
0 0.4345703125 0.7548828125 0.033203125 0.033203125
0 0.2021484375 0.765625 0.033203125 0.033203125
0 0.3388671875 0.771484375 0.033203125 0.033203125
0 0.375 0.783203125 0.033203125 0.033203125
0 0.2578125 0.7939453125 0.033203125 0.033203125
0 0.3125 0.7978515625 0.033203125 0.033203125
0 0.244140625 0.8212890625 0.033203125 0.033203125
0 0.1865234375 0.8388671875 0.033203125 0.033203125
0 0.5361328125 0.982421875 0.033203125 0.033203125