0 0.8232421875 0.0341796875 0.033203125 0.033203125
0 0.8330078125 0.0458984375 0.033203125 0.033203125
0 0.9091796875 0.05859375 0.033203125 0.033203125
0 0.8369140625 0.0673828125 0.033203125 0.033203125
0 0.53515625 0.078125 0.033203125 0.033203125
0 0.9140625 0.078125 0.033203125 0.033203125
0 0.84375 0.08203125 0.033203125 0.033203125
0 0.8486328125 0.099609375 0.033203125 0.033203125
0 0.921875 0.1142578125 0.033203125 0.033203125
0 0.8564453125 0.115234375 0.033203125 0.033203125
0 0.92578125 0.1298828125 0.033203125 0.033203125
0 0.033203125 0.1533203125 0.033203125 0.033203125
0 0.078125 0.154296875 0.033203125 0.033203125
0 0.9453125 0.1806640625 0.033203125 0.033203125
0 0.056640625 0.1845703125 0.033203125 0.033203125
0 0.0615234375 0.220703125 0.033203125 0.033203125
0 0.8603515625 0.25 0.033203125 0.033203125
0 0.8427734375 0.255859375 0.033203125 0.033203125
0 0.171875 0.2587890625 0.033203125 0.033203125
0 0.1552734375 0.2646484375 0.033203125 0.033203125
0 0.1376953125 0.2705078125 0.033203125 0.033203125
0 0.0888671875 0.2724609375 0.033203125 0.033203125
0 0.9619140625 0.275390625 0.033203125 0.033203125
0 0.1005859375 0.2998046875 0.033203125 0.033203125
0 0.1142578125 0.326171875 0.033203125 0.033203125
0 0.9453125 0.326171875 0.033203125 0.033203125
0 0.119140625 0.345703125 0.033203125 0.033203125
0 0.8408203125 0.3623046875 0.033203125 0.033203125
0 0.1259765625 0.380859375 0.033203125 0.033203125
0 0.130859375 0.4052734375 0.033203125 0.033203125
0 0.1416015625 0.427734375 0.033203125 0.033203125
0 0.4873046875 0.435546875 0.033203125 0.033203125
0 0.4404296875 0.4501953125 0.033203125 0.033203125
0 0.4833984375 0.4638671875 0.033203125 0.033203125
0 0.1318359375 0.486328125 0.033203125 0.033203125
0 0.302734375 0.494140625 0.033203125 0.033203125
0 0.3955078125 0.513671875 0.033203125 0.033203125
0 0.205078125 0.5283203125 0.033203125 0.033203125
0 0.2607421875 0.53515625 0.033203125 0.033203125
0 0.12109375 0.58984375 0.033203125 0.033203125
0 0.0087890625 0.6435546875 0.017578125 0.033203125
0 0.185546875 0.7080078125 0.033203125 0.033203125
0 0.16796875 0.708984375 0.033203125 0.033203125
0 0.1416015625 0.716796875 0.033203125 0.033203125
0 0.02734375 0.75 0.033203125 0.033203125
0 0.0126953125 0.7548828125 0.025390625 0.033203125
0 0.2783203125 0.8134765625 0.033203125 0.033203125
0 0.3193359375 0.822265625 0.033203125 0.033203125
0 0.28515625 0.8310546875 0.033203125 0.033203125
0 0.3525390625 0.8330078125 0.033203125 0.033203125
0 0.31640625 0.84375 0.033203125 0.033203125
0 0.361328125 0.849609375 0.033203125 0.033203125
0 0.28515625 0.853515625 0.033203125 0.033203125
0 0.31640625 0.865234375 0.033203125 0.033203125
0 0.3662109375 0.8671875 0.033203125 0.033203125
0 0.3310546875 0.8779296875 0.033203125 0.033203125
0 0.3701171875 0.8837890625 0.033203125 0.033203125
0 0.3369140625 0.89453125 0.033203125 0.033203125
0 0.37890625 0.9033203125 0.033203125 0.033203125
0 0.341796875 0.9130859375 0.033203125 0.033203125
0 0.388671875 0.921875 0.033203125 0.033203125
0 0.3515625 0.9306640625 0.033203125 0.033203125
0 0.3896484375 0.935546875 0.033203125 0.033203125
0 0.357421875 0.951171875 0.033203125 0.033203125
0 0.3984375 0.958984375 0.033203125 0.033203125
0 0.3232421875 0.9599609375 0.033203125 0.033203125
0 0.359375 0.9697265625 0.033203125 0.033203125
0 0.40234375 0.9755859375 0.033203125 0.033203125
0 0.328125 0.9814453125 0.033203125 0.033203125
0 0.3662109375 0.98486328125 0.033203125 0.0302734375
0 0.412109375 0.98828125 0.033203125 0.0234375