0 0.642578125 0.01171875 0.033203125 0.0234375
0 0.6064453125 0.033203125 0.033203125 0.033203125
0 0.5185546875 0.0380859375 0.033203125 0.033203125
0 0.244140625 0.087890625 0.033203125 0.033203125
0 0.99072265625 0.0927734375 0.0185546875 0.033203125
0 0.525390625 0.0966796875 0.033203125 0.033203125
0 0.4873046875 0.107421875 0.033203125 0.033203125
0 0.09375 0.12109375 0.033203125 0.033203125
0 0.44140625 0.1220703125 0.033203125 0.033203125
0 0.578125 0.1279296875 0.033203125 0.033203125
0 0.4072265625 0.1337890625 0.033203125 0.033203125
0 0.3623046875 0.1484375 0.033203125 0.033203125
0 0.0107421875 0.150390625 0.021484375 0.033203125
0 0.3271484375 0.1611328125 0.033203125 0.033203125
0 0.58203125 0.1630859375 0.033203125 0.033203125
0 0.2890625 0.1708984375 0.033203125 0.033203125
0 0.5390625 0.17578125 0.033203125 0.033203125
0 0.2509765625 0.1845703125 0.033203125 0.033203125
0 0.49609375 0.193359375 0.033203125 0.033203125
0 0.89453125 0.1982421875 0.033203125 0.033203125
0 0.4560546875 0.205078125 0.033203125 0.033203125
0 0.4130859375 0.216796875 0.033203125 0.033203125
0 0.1083984375 0.2294921875 0.033203125 0.033203125
0 0.380859375 0.23046875 0.033203125 0.033203125
0 0.072265625 0.240234375 0.033203125 0.033203125
0 0.3447265625 0.240234375 0.033203125 0.033203125
0 0.0380859375 0.2509765625 0.033203125 0.033203125
0 0.3037109375 0.25390625 0.033203125 0.033203125
0 0.2587890625 0.267578125 0.033203125 0.033203125
0 0.9765625 0.275390625 0.033203125 0.033203125
0 0.2197265625 0.2802734375 0.033203125 0.033203125
0 0.1689453125 0.2978515625 0.033203125 0.033203125
0 0.1298828125 0.3095703125 0.033203125 0.033203125
0 0.0869140625 0.326171875 0.033203125 0.033203125
0 0.05078125 0.3369140625 0.033203125 0.033203125
0 0.94140625 0.3388671875 0.033203125 0.033203125
0 0.01123046875 0.3505859375 0.0224609375 0.033203125
0 0.533203125 0.44140625 0.033203125 0.033203125
0 0.5009765625 0.443359375 0.033203125 0.033203125
0 0.3896484375 0.4921875 0.033203125 0.033203125
0 0.3701171875 0.5009765625 0.033203125 0.033203125
0 0.35546875 0.5029296875 0.033203125 0.033203125
0 0.3388671875 0.5048828125 0.033203125 0.033203125
0 0.01416015625 0.560546875 0.0283203125 0.033203125
0 0.12109375 0.572265625 0.033203125 0.033203125
0 0.029296875 0.6181640625 0.033203125 0.033203125
0 0.0302734375 0.619140625 0.033203125 0.033203125
0 0.60546875 0.767578125 0.033203125 0.033203125
0 0.6787109375 0.7978515625 0.033203125 0.033203125
0 0.6787109375 0.798828125 0.033203125 0.033203125