0 0.650390625 0.0078125 0.033203125 0.015625
0 0.322265625 0.0166015625 0.033203125 0.033203125
0 0.5029296875 0.0166015625 0.033203125 0.033203125
0 0.26953125 0.0546875 0.033203125 0.033203125
0 0.361328125 0.0576171875 0.033203125 0.033203125
0 0.2041015625 0.076171875 0.033203125 0.033203125
0 0.2236328125 0.0947265625 0.033203125 0.033203125
0 0.2216796875 0.09765625 0.033203125 0.033203125
0 0.1982421875 0.126953125 0.033203125 0.033203125
0 0.037109375 0.15234375 0.033203125 0.033203125
0 0.0859375 0.189453125 0.033203125 0.033203125
0 0.09375 0.4111328125 0.033203125 0.033203125
0 0.1025390625 0.5693359375 0.033203125 0.033203125
0 0.14453125 0.5703125 0.033203125 0.033203125
0 0.166015625 0.642578125 0.033203125 0.033203125
0 0.7783203125 0.8310546875 0.033203125 0.033203125
0 0.4453125 0.8974609375 0.033203125 0.033203125
0 0.16015625 0.9443359375 0.033203125 0.033203125
0 0.119140625 0.9560546875 0.033203125 0.033203125
0 0.080078125 0.96875 0.033203125 0.033203125
0 0.041015625 0.98046875 0.033203125 0.033203125
0 0.1875 0.98828125 0.033203125 0.0234375
0 0.00927734375 0.98876953125 0.0185546875 0.0224609375