0 0.2744140625 0.17578125 0.033203125 0.033203125
0 0.3271484375 0.2119140625 0.033203125 0.033203125
0 0.283203125 0.224609375 0.033203125 0.033203125
0 0.2451171875 0.23828125 0.033203125 0.033203125
0 0.2099609375 0.248046875 0.033203125 0.033203125
0 0.177734375 0.2607421875 0.033203125 0.033203125
0 0.1005859375 0.2841796875 0.033203125 0.033203125
0 0.0576171875 0.3427734375 0.033203125 0.033203125
0 0.0625 0.3701171875 0.033203125 0.033203125
0 0.06640625 0.3876953125 0.033203125 0.033203125
0 0.0771484375 0.4052734375 0.033203125 0.033203125
0 0.080078125 0.4248046875 0.033203125 0.033203125
0 0.08984375 0.443359375 0.033203125 0.033203125
0 0.01416015625 0.4443359375 0.0283203125 0.033203125
0 0.0966796875 0.4580078125 0.033203125 0.033203125
0 0.1015625 0.4775390625 0.033203125 0.033203125
0 0.0537109375 0.498046875 0.033203125 0.033203125
0 0.109375 0.498046875 0.033203125 0.033203125
0 0.2265625 0.5029296875 0.033203125 0.033203125
0 0.1123046875 0.5185546875 0.033203125 0.033203125
0 0.25390625 0.53125 0.033203125 0.033203125
0 0.115234375 0.53515625 0.033203125 0.033203125
0 0.119140625 0.55078125 0.033203125 0.033203125
0 0.86328125 0.8037109375 0.033203125 0.033203125
0 0.8447265625 0.8515625 0.033203125 0.033203125
0 0.7685546875 0.853515625 0.033203125 0.033203125
0 0.626953125 0.896484375 0.033203125 0.033203125
0 0.6748046875 0.90234375 0.033203125 0.033203125
0 0.740234375 0.90625 0.033203125 0.033203125
0 0.65234375 0.9365234375 0.033203125 0.033203125
0 0.55078125 0.9462890625 0.033203125 0.033203125
0 0.291015625 0.984375 0.033203125 0.03125