0 0.443359375 0.01171875 0.033203125 0.0234375
0 0.6796875 0.0537109375 0.033203125 0.033203125
0 0.765625 0.05859375 0.033203125 0.033203125
0 0.69140625 0.0712890625 0.033203125 0.033203125
0 0.7724609375 0.0771484375 0.033203125 0.033203125
0 0.6923828125 0.091796875 0.033203125 0.033203125
0 0.77734375 0.095703125 0.033203125 0.033203125
0 0.423828125 0.1103515625 0.033203125 0.033203125
0 0.697265625 0.1103515625 0.033203125 0.033203125
0 0.703125 0.126953125 0.033203125 0.033203125
0 0.70703125 0.146484375 0.033203125 0.033203125
0 0.79296875 0.1484375 0.033203125 0.033203125
0 0.71484375 0.16796875 0.033203125 0.033203125
0 0.8017578125 0.1728515625 0.033203125 0.033203125
0 0.7275390625 0.1865234375 0.033203125 0.033203125
0 0.8056640625 0.1923828125 0.033203125 0.033203125
0 0.822265625 0.2529296875 0.033203125 0.033203125
0 0.5595703125 0.26953125 0.033203125 0.033203125
0 0.8310546875 0.275390625 0.033203125 0.033203125
0 0.8037109375 0.2841796875 0.033203125 0.033203125
0 0.75390625 0.2861328125 0.033203125 0.033203125
0 0.5703125 0.296875 0.033203125 0.033203125
0 0.837890625 0.296875 0.033203125 0.033203125
0 0.482421875 0.2998046875 0.033203125 0.033203125
0 0.8447265625 0.314453125 0.033203125 0.033203125
0 0.7626953125 0.328125 0.033203125 0.033203125
0 0.7705078125 0.3466796875 0.033203125 0.033203125
0 0.8583984375 0.353515625 0.033203125 0.033203125
0 0.8525390625 0.4033203125 0.033203125 0.033203125
0 0.01611328125 0.568359375 0.0322265625 0.033203125
0 0.021484375 0.5869140625 0.033203125 0.033203125
0 0.029296875 0.6064453125 0.033203125 0.033203125
0 0.0361328125 0.626953125 0.033203125 0.033203125
0 0.04296875 0.6484375 0.033203125 0.033203125
0 0.046875 0.6689453125 0.033203125 0.033203125
0 0.0546875 0.6875 0.033203125 0.033203125
0 0.5517578125 0.689453125 0.033203125 0.033203125