0 0.08984375 0.1044921875 0.033203125 0.033203125
0 0.099609375 0.13671875 0.033203125 0.033203125
0 0.4462890625 0.1689453125 0.033203125 0.033203125
0 0.6220703125 0.169921875 0.033203125 0.033203125
0 0.5771484375 0.18359375 0.033203125 0.033203125
0 0.529296875 0.19921875 0.033203125 0.033203125
0 0.4619140625 0.220703125 0.033203125 0.033203125
0 0.423828125 0.232421875 0.033203125 0.033203125
0 0.216796875 0.240234375 0.033203125 0.033203125
0 0.3564453125 0.2548828125 0.033203125 0.033203125
0 0.7900390625 0.2822265625 0.033203125 0.033203125
0 0.2626953125 0.2861328125 0.033203125 0.033203125
0 0.7421875 0.40234375 0.033203125 0.033203125
0 0.69921875 0.421875 0.033203125 0.033203125
0 0.19140625 0.4384765625 0.033203125 0.033203125
0 0.775390625 0.4951171875 0.033203125 0.033203125
0 0.78515625 0.5341796875 0.033203125 0.033203125
0 0.791015625 0.5517578125 0.033203125 0.033203125
0 0.2451171875 0.607421875 0.033203125 0.033203125
0 0.80078125 0.6416015625 0.033203125 0.033203125
0 0.69140625 0.6474609375 0.033203125 0.033203125
0 0.2568359375 0.6484375 0.033203125 0.033203125
0 0.8125 0.66015625 0.033203125 0.033203125
0 0.8193359375 0.681640625 0.033203125 0.033203125
0 0.443359375 0.685546875 0.033203125 0.033203125
0 0.9169921875 0.6884765625 0.033203125 0.033203125
0 0.82421875 0.69921875 0.033203125 0.033203125
0 0.7041015625 0.716796875 0.033203125 0.033203125
0 0.8291015625 0.7177734375 0.033203125 0.033203125
0 0.833984375 0.734375 0.033203125 0.033203125
0 0.7109375 0.7373046875 0.033203125 0.033203125
0 0.9296875 0.7392578125 0.033203125 0.033203125
0 0.287109375 0.7529296875 0.033203125 0.033203125
0 0.7197265625 0.7529296875 0.033203125 0.033203125
0 0.59375 0.7587890625 0.033203125 0.033203125
0 0.7255859375 0.7705078125 0.033203125 0.033203125
0 0.7294921875 0.7890625 0.033203125 0.033203125
0 0.2998046875 0.7958984375 0.033203125 0.033203125
0 0.734375 0.806640625 0.033203125 0.033203125
0 0.73828125 0.82421875 0.033203125 0.033203125
0 0.3125 0.8310546875 0.033203125 0.033203125
0 0.7490234375 0.8427734375 0.033203125 0.033203125
0 0.7109375 0.8525390625 0.033203125 0.033203125
0 0.32421875 0.8642578125 0.033203125 0.033203125
0 0.5068359375 0.865234375 0.033203125 0.033203125
0 0.587890625 0.8759765625 0.033203125 0.033203125
0 0.951171875 0.8984375 0.033203125 0.033203125
0 0.603515625 0.904296875 0.033203125 0.033203125
0 0.021484375 0.9296875 0.033203125 0.033203125
0 0.5283203125 0.94921875 0.033203125 0.033203125
0 0.5380859375 0.9658203125 0.033203125 0.033203125
0 0.73828125 0.9775390625 0.033203125 0.033203125