0 0.27734375 0.0732421875 0.033203125 0.033203125
0 0.90234375 0.658203125 0.033203125 0.033203125
0 0.8671875 0.669921875 0.033203125 0.033203125
0 0.8271484375 0.685546875 0.033203125 0.033203125
0 0.791015625 0.693359375 0.033203125 0.033203125
0 0.5390625 0.77734375 0.033203125 0.033203125
0 0.2705078125 0.8662109375 0.033203125 0.033203125
0 0.224609375 0.880859375 0.033203125 0.033203125
0 0.171875 0.8974609375 0.033203125 0.033203125
0 0.119140625 0.9130859375 0.033203125 0.033203125
0 0.0703125 0.9296875 0.033203125 0.033203125
0 0.0263671875 0.943359375 0.033203125 0.033203125