0 0.0439453125 0.7158203125 0.033203125 0.033203125
0 0.0439453125 0.716796875 0.033203125 0.033203125
0 0.05859375 0.7568359375 0.033203125 0.033203125
0 0.0673828125 0.796875 0.033203125 0.033203125
0 0.0673828125 0.7978515625 0.033203125 0.033203125
0 0.080078125 0.8369140625 0.033203125 0.033203125
0 0.0947265625 0.87890625 0.033203125 0.033203125
0 0.09375 0.8828125 0.033203125 0.033203125
0 0.3994140625 0.9609375 0.033203125 0.033203125
0 0.4931640625 0.966796875 0.033203125 0.033203125
0 0.3837890625 0.96875 0.033203125 0.033203125
0 0.34375 0.98486328125 0.033203125 0.0302734375
0 0.3115234375 0.98876953125 0.033203125 0.0224609375
0 0.2900390625 0.99072265625 0.033203125 0.0185546875