0 0.888671875 0.115234375 0.033203125 0.033203125
0 0.65234375 0.1337890625 0.033203125 0.033203125
0 0.630859375 0.2353515625 0.033203125 0.033203125
0 0.828125 0.2509765625 0.033203125 0.033203125
0 0.6474609375 0.302734375 0.033203125 0.033203125
0 0.9072265625 0.3046875 0.033203125 0.033203125
0 0.8740234375 0.3173828125 0.033203125 0.033203125
0 0.83203125 0.322265625 0.033203125 0.033203125
0 0.6611328125 0.3408203125 0.033203125 0.033203125
0 0.9716796875 0.3671875 0.033203125 0.033203125
0 0.9365234375 0.3818359375 0.033203125 0.033203125
0 0.8212890625 0.384765625 0.033203125 0.033203125
0 0.9013671875 0.38671875 0.033203125 0.033203125
0 0.98388671875 0.40625 0.0322265625 0.033203125
0 0.962890625 0.4091796875 0.033203125 0.033203125
0 0.91796875 0.419921875 0.033203125 0.033203125
0 0.935546875 0.419921875 0.033203125 0.033203125
0 0.833984375 0.4248046875 0.033203125 0.033203125
0 0.900390625 0.4326171875 0.033203125 0.033203125
0 0.8359375 0.4453125 0.033203125 0.033203125
0 0.0234375 0.462890625 0.033203125 0.033203125
0 0.841796875 0.462890625 0.033203125 0.033203125
0 0.0537109375 0.46875 0.033203125 0.033203125
0 0.75 0.5 0.033203125 0.033203125
0 0.0693359375 0.51171875 0.033203125 0.033203125
0 0.9267578125 0.51171875 0.033203125 0.033203125
0 0.9697265625 0.52734375 0.033203125 0.033203125
0 0.08203125 0.5478515625 0.033203125 0.033203125
0 0.6015625 0.5634765625 0.033203125 0.033203125
0 0.01318359375 0.564453125 0.0263671875 0.033203125
0 0.640625 0.5830078125 0.033203125 0.033203125
0 0.6005859375 0.595703125 0.033203125 0.033203125
0 0.1005859375 0.599609375 0.033203125 0.033203125
0 0.89453125 0.6064453125 0.033203125 0.033203125
0 0.021484375 0.6083984375 0.033203125 0.033203125
0 0.48828125 0.62890625 0.033203125 0.033203125
0 0.4599609375 0.638671875 0.033203125 0.033203125
0 0.03515625 0.6474609375 0.033203125 0.033203125
0 0.314453125 0.65234375 0.033203125 0.033203125
0 0.39453125 0.66015625 0.033203125 0.033203125
0 0.7275390625 0.671875 0.033203125 0.033203125
0 0.7099609375 0.67578125 0.033203125 0.033203125
0 0.328125 0.681640625 0.033203125 0.033203125
0 0.6962890625 0.681640625 0.033203125 0.033203125
0 0.6826171875 0.6884765625 0.033203125 0.033203125
0 0.2060546875 0.689453125 0.033203125 0.033203125
0 0.6689453125 0.6982421875 0.033203125 0.033203125
0 0.6533203125 0.7001953125 0.033203125 0.033203125
0 0.6337890625 0.70703125 0.033203125 0.033203125
0 0.6181640625 0.7109375 0.033203125 0.033203125
0 0.619140625 0.7109375 0.033203125 0.033203125
0 0.5830078125 0.71484375 0.033203125 0.033203125
0 0.6025390625 0.7177734375 0.033203125 0.033203125
0 0.2099609375 0.72265625 0.033203125 0.033203125
0 0.501953125 0.9091796875 0.033203125 0.033203125
0 0.455078125 0.927734375 0.033203125 0.033203125