0 0.087890625 0.0859375 0.033203125 0.033203125
0 0.9775390625 0.095703125 0.033203125 0.033203125
0 0.9423828125 0.1064453125 0.033203125 0.033203125
0 0.904296875 0.1201171875 0.033203125 0.033203125
0 0.4150390625 0.26953125 0.033203125 0.033203125
0 0.3779296875 0.287109375 0.033203125 0.033203125
0 0.3779296875 0.2880859375 0.033203125 0.033203125
0 0.345703125 0.294921875 0.033203125 0.033203125
0 0.3017578125 0.30859375 0.033203125 0.033203125
0 0.31640625 0.35546875 0.033203125 0.033203125
0 0.7587890625 0.6455078125 0.033203125 0.033203125
0 0.8115234375 0.6806640625 0.033203125 0.033203125
0 0.5224609375 0.7236328125 0.033203125 0.033203125
0 0.4580078125 0.7421875 0.033203125 0.033203125
0 0.5654296875 0.7568359375 0.033203125 0.033203125
0 0.345703125 0.7734375 0.033203125 0.033203125
0 0.4599609375 0.7958984375 0.033203125 0.033203125
0 0.3525390625 0.8017578125 0.033203125 0.033203125
0 0.2109375 0.822265625 0.033203125 0.033203125
0 0.6181640625 0.8271484375 0.033203125 0.033203125
0 0.091796875 0.8525390625 0.033203125 0.033203125
0 0.3056640625 0.8583984375 0.033203125 0.033203125
0 0.0126953125 0.9384765625 0.025390625 0.033203125
0 0.0732421875 0.943359375 0.033203125 0.033203125
0 0.2587890625 0.9755859375 0.033203125 0.033203125
0 0.2646484375 0.98779296875 0.033203125 0.0244140625