0 0.419921875 0.015625 0.033203125 0.03125
0 0.5859375 0.0380859375 0.033203125 0.033203125
0 0.2275390625 0.154296875 0.033203125 0.033203125
0 0.1708984375 0.17578125 0.033203125 0.033203125
0 0.6083984375 0.294921875 0.033203125 0.033203125
0 0.595703125 0.328125 0.033203125 0.033203125
0 0.625 0.3349609375 0.033203125 0.033203125
0 0.6220703125 0.35546875 0.033203125 0.033203125
0 0.6279296875 0.37109375 0.033203125 0.033203125
0 0.59765625 0.3818359375 0.033203125 0.033203125
0 0.533203125 0.3876953125 0.033203125 0.033203125
0 0.576171875 0.3916015625 0.033203125 0.033203125
0 0.6298828125 0.3935546875 0.033203125 0.033203125
0 0.5380859375 0.40234375 0.033203125 0.033203125
0 0.6376953125 0.408203125 0.033203125 0.033203125
0 0.4541015625 0.412109375 0.033203125 0.033203125
0 0.552734375 0.4189453125 0.033203125 0.033203125
0 0.6123046875 0.42578125 0.033203125 0.033203125
0 0.6435546875 0.4267578125 0.033203125 0.033203125
0 0.64453125 0.4267578125 0.033203125 0.033203125
0 0.4541015625 0.4306640625 0.033203125 0.033203125
0 0.513671875 0.431640625 0.033203125 0.033203125
0 0.5546875 0.4375 0.033203125 0.033203125
0 0.49609375 0.439453125 0.033203125 0.033203125
0 0.6484375 0.4423828125 0.033203125 0.033203125
0 0.5908203125 0.447265625 0.033203125 0.033203125
0 0.4609375 0.4501953125 0.033203125 0.033203125
0 0.5576171875 0.45703125 0.033203125 0.033203125
0 0.654296875 0.4609375 0.033203125 0.033203125
0 0.654296875 0.4619140625 0.033203125 0.033203125
0 0.6220703125 0.462890625 0.033203125 0.033203125
0 0.5263671875 0.46484375 0.033203125 0.033203125
0 0.4658203125 0.46875 0.033203125 0.033203125
0 0.5595703125 0.4765625 0.033203125 0.033203125
0 0.66015625 0.48046875 0.033203125 0.033203125
0 0.4755859375 0.482421875 0.033203125 0.033203125
0 0.94921875 0.4873046875 0.033203125 0.033203125
0 0.5947265625 0.48828125 0.033203125 0.033203125
0 0.5654296875 0.4931640625 0.033203125 0.033203125
0 0.6650390625 0.4970703125 0.033203125 0.033203125
0 0.4794921875 0.5029296875 0.033203125 0.033203125
0 0.197265625 0.5068359375 0.033203125 0.033203125
0 0.5703125 0.5087890625 0.033203125 0.033203125
0 0.634765625 0.5087890625 0.033203125 0.033203125
0 0.5400390625 0.509765625 0.033203125 0.033203125
0 0.669921875 0.5126953125 0.033203125 0.033203125
0 0.6708984375 0.5126953125 0.033203125 0.033203125
0 0.8740234375 0.5126953125 0.033203125 0.033203125
0 0.4853515625 0.5146484375 0.033203125 0.033203125
0 0.517578125 0.5166015625 0.033203125 0.033203125
0 0.6201171875 0.51953125 0.033203125 0.033203125
0 0.83203125 0.5263671875 0.033203125 0.033203125
0 0.5712890625 0.52734375 0.033203125 0.033203125
0 0.6025390625 0.52734375 0.033203125 0.033203125
0 0.4970703125 0.5322265625 0.033203125 0.033203125
0 0.6767578125 0.5322265625 0.033203125 0.033203125
0 0.7900390625 0.5390625 0.033203125 0.033203125
0 0.57421875 0.544921875 0.033203125 0.033203125
0 0.212890625 0.5458984375 0.033203125 0.033203125
0 0.55078125 0.55078125 0.033203125 0.033203125
0 0.748046875 0.5517578125 0.033203125 0.033203125
0 0.4912109375 0.552734375 0.033203125 0.033203125
0 0.5322265625 0.55859375 0.033203125 0.033203125
0 0.533203125 0.55859375 0.033203125 0.033203125
0 0.5888671875 0.5595703125 0.033203125 0.033203125
0 0.5009765625 0.5673828125 0.033203125 0.033203125
0 0.125 0.5693359375 0.033203125 0.033203125
0 0.681640625 0.5751953125 0.033203125 0.033203125
0 0.505859375 0.583984375 0.033203125 0.033203125
0 0.2255859375 0.5859375 0.033203125 0.033203125
0 0.5888671875 0.60546875 0.033203125 0.033203125
0 0.54296875 0.6181640625 0.033203125 0.033203125
0 0.236328125 0.6279296875 0.033203125 0.033203125
0 0.4423828125 0.654296875 0.033203125 0.033203125
0 0.154296875 0.65625 0.033203125 0.033203125
0 0.3916015625 0.66796875 0.033203125 0.033203125
0 0.177734375 0.7373046875 0.033203125 0.033203125
0 0.1865234375 0.7705078125 0.033203125 0.033203125
0 0.19921875 0.8076171875 0.033203125 0.033203125
0 0.298828125 0.8173828125 0.033203125 0.033203125
0 0.2109375 0.853515625 0.033203125 0.033203125
0 0.3125 0.8671875 0.033203125 0.033203125
0 0.232421875 0.8955078125 0.033203125 0.033203125
0 0.32421875 0.8984375 0.033203125 0.033203125
0 0.3349609375 0.94140625 0.033203125 0.033203125
0 0.2451171875 0.943359375 0.033203125 0.033203125
0 0.578125 0.947265625 0.033203125 0.033203125
0 0.798828125 0.95703125 0.033203125 0.033203125
0 0.765625 0.9619140625 0.033203125 0.033203125
0 0.5498046875 0.97265625 0.033203125 0.033203125
0 0.345703125 0.978515625 0.033203125 0.033203125
0 0.5087890625 0.98046875 0.033203125 0.033203125
0 0.609375 0.98486328125 0.033203125 0.0302734375
0 0.8056640625 0.9853515625 0.033203125 0.029296875
0 0.4755859375 0.98779296875 0.033203125 0.0244140625
0 0.4453125 0.99072265625 0.033203125 0.0185546875