0 0.9794921875 0.0087890625 0.033203125 0.017578125
0 0.1640625 0.1259765625 0.033203125 0.033203125
0 0.4091796875 0.1357421875 0.033203125 0.033203125
0 0.216796875 0.142578125 0.033203125 0.033203125
0 0.376953125 0.1455078125 0.033203125 0.033203125
0 0.333984375 0.1591796875 0.033203125 0.033203125
0 0.759765625 0.17578125 0.033203125 0.033203125
0 0.1435546875 0.181640625 0.033203125 0.033203125
0 0.6318359375 0.193359375 0.033203125 0.033203125
0 0.6435546875 0.2294921875 0.033203125 0.033203125
0 0.98974609375 0.2998046875 0.0205078125 0.033203125
0 0.673828125 0.3232421875 0.033203125 0.033203125
0 0.2646484375 0.3955078125 0.033203125 0.033203125
0 0.248046875 0.408203125 0.033203125 0.033203125
0 0.44921875 0.412109375 0.033203125 0.033203125
0 0.759765625 0.427734375 0.033203125 0.033203125
0 0.34375 0.451171875 0.033203125 0.033203125
0 0.1728515625 0.46484375 0.033203125 0.033203125
0 0.2216796875 0.607421875 0.033203125 0.033203125
0 0.7666015625 0.611328125 0.033203125 0.033203125
0 0.77734375 0.646484375 0.033203125 0.033203125
0 0.2373046875 0.65234375 0.033203125 0.033203125
0 0.8818359375 0.6552734375 0.033203125 0.033203125
0 0.0537109375 0.6611328125 0.033203125 0.033203125
0 0.25 0.6904296875 0.033203125 0.033203125
0 0.0205078125 0.72265625 0.033203125 0.033203125
0 0.263671875 0.734375 0.033203125 0.033203125
0 0.2763671875 0.7705078125 0.033203125 0.033203125
0 0.8251953125 0.7841796875 0.033203125 0.033203125
0 0.857421875 0.884765625 0.033203125 0.033203125
0 0.2724609375 0.94921875 0.033203125 0.033203125
0 0.3486328125 0.98583984375 0.033203125 0.0283203125