0 0.60546875 0.0830078125 0.033203125 0.033203125
0 0.6123046875 0.1181640625 0.033203125 0.033203125
0 0.7197265625 0.1279296875 0.033203125 0.033203125
0 0.7421875 0.2158203125 0.033203125 0.033203125
0 0.650390625 0.2392578125 0.033203125 0.033203125
0 0.65625 0.2548828125 0.033203125 0.033203125
0 0.630859375 0.5361328125 0.033203125 0.033203125
0 0.7392578125 0.5595703125 0.033203125 0.033203125
0 0.9658203125 0.5595703125 0.033203125 0.033203125
0 0.9169921875 0.5732421875 0.033203125 0.033203125
0 0.982421875 0.640625 0.033203125 0.033203125
0 0.9833984375 0.640625 0.033203125 0.033203125
0 0.951171875 0.65234375 0.033203125 0.033203125
0 0.677734375 0.6640625 0.033203125 0.033203125
0 0.6484375 0.716796875 0.033203125 0.033203125
0 0.6064453125 0.8095703125 0.033203125 0.033203125
0 0.5341796875 0.828125 0.033203125 0.033203125
0 0.6259765625 0.8369140625 0.033203125 0.033203125
0 0.671875 0.8369140625 0.033203125 0.033203125
0 0.677734375 0.85546875 0.033203125 0.033203125
0 0.4970703125 0.8603515625 0.033203125 0.033203125
0 0.533203125 0.8642578125 0.033203125 0.033203125
0 0.068359375 0.8681640625 0.033203125 0.033203125
0 0.67578125 0.875 0.033203125 0.033203125
0 0.5048828125 0.876953125 0.033203125 0.033203125
0 0.6416015625 0.8818359375 0.033203125 0.033203125
0 0.513671875 0.8896484375 0.033203125 0.033203125
0 0.353515625 0.890625 0.033203125 0.033203125
0 0.0478515625 0.92578125 0.033203125 0.033203125
0 0.4228515625 0.9384765625 0.033203125 0.033203125
0 0.5302734375 0.9423828125 0.033203125 0.033203125
0 0.6689453125 0.9521484375 0.033203125 0.033203125
0 0.7119140625 0.9677734375 0.033203125 0.033203125
0 0.529296875 0.9765625 0.033203125 0.033203125
0 0.662109375 0.984375 0.033203125 0.03125
0 0.4306640625 0.98779296875 0.033203125 0.0244140625
0 0.02734375 0.9892578125 0.033203125 0.021484375
0 0.724609375 0.99072265625 0.033203125 0.0185546875