0 0.830078125 0.01318359375 0.033203125 0.0263671875
0 0.78125 0.0234375 0.033203125 0.033203125
0 0.9365234375 0.169921875 0.033203125 0.033203125
0 0.2626953125 0.2177734375 0.033203125 0.033203125
0 0.96484375 0.2177734375 0.033203125 0.033203125
0 0.806640625 0.224609375 0.033203125 0.033203125
0 0.9248046875 0.2333984375 0.033203125 0.033203125
0 0.8837890625 0.244140625 0.033203125 0.033203125
0 0.6767578125 0.2578125 0.033203125 0.033203125
0 0.67578125 0.2587890625 0.033203125 0.033203125
0 0.833984375 0.26171875 0.033203125 0.033203125
0 0.7724609375 0.2783203125 0.033203125 0.033203125
0 0.0966796875 0.279296875 0.033203125 0.033203125
0 0.775390625 0.2802734375 0.033203125 0.033203125
0 0.697265625 0.28125 0.033203125 0.033203125
0 0.69921875 0.28125 0.033203125 0.033203125
0 0.7216796875 0.296875 0.033203125 0.033203125
0 0.7255859375 0.2978515625 0.033203125 0.033203125
0 0.7265625 0.2978515625 0.033203125 0.033203125
0 0.7275390625 0.2978515625 0.033203125 0.033203125
0 0.58984375 0.3994140625 0.033203125 0.033203125
0 0.6025390625 0.4423828125 0.033203125 0.033203125
0 0.2294921875 0.4638671875 0.033203125 0.033203125
0 0.63671875 0.46875 0.033203125 0.033203125
0 0.1943359375 0.474609375 0.033203125 0.033203125
0 0.1552734375 0.4892578125 0.033203125 0.033203125
0 0.666015625 0.640625 0.033203125 0.033203125
0 0.529296875 0.6689453125 0.033203125 0.033203125
0 0.736328125 0.7705078125 0.033203125 0.033203125
0 0.6494140625 0.7783203125 0.033203125 0.033203125
0 0.74609375 0.8056640625 0.033203125 0.033203125
0 0.662109375 0.81640625 0.033203125 0.033203125
0 0.755859375 0.833984375 0.033203125 0.033203125
0 0.6748046875 0.853515625 0.033203125 0.033203125
0 0.6845703125 0.890625 0.033203125 0.033203125
0 0.69921875 0.9345703125 0.033203125 0.033203125