0 0.5263671875 0.01513671875 0.033203125 0.0302734375
0 0.134765625 0.171875 0.033203125 0.033203125
0 0.09375 0.1826171875 0.033203125 0.033203125
0 0.060546875 0.1953125 0.033203125 0.033203125
0 0.3076171875 0.21875 0.033203125 0.033203125
0 0.07421875 0.2314453125 0.033203125 0.033203125
0 0.322265625 0.265625 0.033203125 0.033203125
0 0.333984375 0.30859375 0.033203125 0.033203125
0 0.9638671875 0.3115234375 0.033203125 0.033203125
0 0.91796875 0.328125 0.033203125 0.033203125
0 0.1064453125 0.3349609375 0.033203125 0.033203125
0 0.009765625 0.34375 0.01953125 0.033203125
0 0.3671875 0.3505859375 0.033203125 0.033203125
0 0.3681640625 0.3505859375 0.033203125 0.033203125
0 0.34765625 0.3515625 0.033203125 0.033203125
0 0.01318359375 0.3603515625 0.0263671875 0.033203125
0 0.8193359375 0.3603515625 0.033203125 0.033203125
0 0.7822265625 0.369140625 0.033203125 0.033203125
0 0.7392578125 0.3828125 0.033203125 0.033203125
0 0.3642578125 0.3955078125 0.033203125 0.033203125
0 0.7060546875 0.396484375 0.033203125 0.033203125
0 0.0673828125 0.3974609375 0.033203125 0.033203125
0 0.9013671875 0.3994140625 0.033203125 0.033203125
0 0.802734375 0.4296875 0.033203125 0.033203125
0 0.7548828125 0.4462890625 0.033203125 0.033203125
0 0.0927734375 0.4833984375 0.033203125 0.033203125
0 0.1044921875 0.5185546875 0.033203125 0.033203125
0 0.0927734375 0.5576171875 0.033203125 0.033203125
0 0.5537109375 0.572265625 0.033203125 0.033203125
0 0.5693359375 0.6103515625 0.033203125 0.033203125
0 0.75 0.6357421875 0.033203125 0.033203125
0 0.6806640625 0.658203125 0.033203125 0.033203125
0 0.1376953125 0.66015625 0.033203125 0.033203125
0 0.5908203125 0.66015625 0.033203125 0.033203125
0 0.771484375 0.701171875 0.033203125 0.033203125
0 0.59765625 0.703125 0.033203125 0.033203125
0 0.5146484375 0.7060546875 0.033203125 0.033203125
0 0.666015625 0.7177734375 0.033203125 0.033203125
0 0.61328125 0.732421875 0.033203125 0.033203125
0 0.7783203125 0.734375 0.033203125 0.033203125
0 0.6826171875 0.7431640625 0.033203125 0.033203125
0 0.6865234375 0.763671875 0.033203125 0.033203125
0 0.7158203125 0.7705078125 0.033203125 0.033203125
0 0.720703125 0.7890625 0.033203125 0.033203125
0 0.6904296875 0.7978515625 0.033203125 0.033203125
0 0.794921875 0.8017578125 0.033203125 0.033203125
0 0.7314453125 0.8037109375 0.033203125 0.033203125
0 0.6337890625 0.83203125 0.033203125 0.033203125
0 0.6435546875 0.8447265625 0.033203125 0.033203125
0 0.9140625 0.8525390625 0.033203125 0.033203125
0 0.8974609375 0.859375 0.033203125 0.033203125
0 0.8076171875 0.8662109375 0.033203125 0.033203125
0 0.8583984375 0.8740234375 0.033203125 0.033203125
0 0.87890625 0.8740234375 0.033203125 0.033203125
0 0.7763671875 0.8759765625 0.033203125 0.033203125
0 0.7197265625 0.8984375 0.033203125 0.033203125
0 0.73046875 0.912109375 0.033203125 0.033203125
0 0.525390625 0.9228515625 0.033203125 0.033203125
0 0.744140625 0.9267578125 0.033203125 0.033203125
0 0.77734375 0.9326171875 0.033203125 0.033203125
0 0.669921875 0.9384765625 0.033203125 0.033203125
0 0.7451171875 0.9443359375 0.033203125 0.033203125
0 0.7880859375 0.9453125 0.033203125 0.033203125
0 0.6748046875 0.955078125 0.033203125 0.033203125
0 0.7939453125 0.9599609375 0.033203125 0.033203125
0 0.6845703125 0.9716796875 0.033203125 0.033203125
0 0.7568359375 0.97265625 0.033203125 0.033203125
0 0.8017578125 0.978515625 0.033203125 0.033203125
0 0.763671875 0.9853515625 0.033203125 0.029296875
0 0.693359375 0.9873046875 0.033203125 0.025390625
0 0.6943359375 0.9873046875 0.033203125 0.025390625
0 0.806640625 0.9892578125 0.033203125 0.021484375