0 0.9296875 0.01953125 0.033203125 0.033203125
0 0.8681640625 0.0224609375 0.033203125 0.033203125
0 0.8974609375 0.123046875 0.033203125 0.033203125
0 0.9072265625 0.16015625 0.033203125 0.033203125
0 0.978515625 0.1767578125 0.033203125 0.033203125
0 0.9208984375 0.19921875 0.033203125 0.033203125
0 0.9306640625 0.23046875 0.033203125 0.033203125
0 0.982421875 0.2451171875 0.033203125 0.033203125
0 0.9423828125 0.265625 0.033203125 0.033203125
0 0.9541015625 0.306640625 0.033203125 0.033203125
0 0.9638671875 0.3408203125 0.033203125 0.033203125
0 0.9873046875 0.3525390625 0.025390625 0.033203125
0 0.98681640625 0.4189453125 0.0263671875 0.033203125
0 0.5166015625 0.8037109375 0.033203125 0.033203125