0 0.5244140625 0.0625 0.033203125 0.033203125
0 0.4345703125 0.06640625 0.033203125 0.033203125
0 0.1376953125 0.0927734375 0.033203125 0.033203125
0 0.2236328125 0.1064453125 0.033203125 0.033203125
0 0.537109375 0.109375 0.033203125 0.033203125
0 0.0302734375 0.1103515625 0.033203125 0.033203125
0 0.04296875 0.1357421875 0.033203125 0.033203125
0 0.98876953125 0.1416015625 0.0224609375 0.033203125
0 0.962890625 0.1513671875 0.033203125 0.033203125
0 0.9267578125 0.162109375 0.033203125 0.033203125
0 0.98681640625 0.1748046875 0.0263671875 0.033203125
0 0.470703125 0.177734375 0.033203125 0.033203125
0 0.857421875 0.1875 0.033203125 0.033203125
0 0.56640625 0.2001953125 0.033203125 0.033203125
0 0.8095703125 0.2001953125 0.033203125 0.033203125
0 0.7763671875 0.2109375 0.033203125 0.033203125
0 0.740234375 0.22265625 0.033203125 0.033203125
0 0.7041015625 0.234375 0.033203125 0.033203125
0 0.6708984375 0.244140625 0.033203125 0.033203125
0 0.41796875 0.287109375 0.033203125 0.033203125
0 0.4208984375 0.328125 0.033203125 0.033203125
0 0.2236328125 0.3896484375 0.033203125 0.033203125
0 0.15234375 0.41015625 0.033203125 0.033203125
0 0.0703125 0.4375 0.033203125 0.033203125
0 0.7333984375 0.4775390625 0.033203125 0.033203125
0 0.6806640625 0.5302734375 0.033203125 0.033203125
0 0.6220703125 0.5322265625 0.033203125 0.033203125
0 0.890625 0.544921875 0.033203125 0.033203125
0 0.3408203125 0.5556640625 0.033203125 0.033203125
0 0.3486328125 0.5703125 0.033203125 0.033203125
0 0.314453125 0.580078125 0.033203125 0.033203125
0 0.888671875 0.5869140625 0.033203125 0.033203125
0 0.3564453125 0.58984375 0.033203125 0.033203125
0 0.98046875 0.5927734375 0.033203125 0.033203125
0 0.322265625 0.5966796875 0.033203125 0.033203125
0 0.330078125 0.6181640625 0.033203125 0.033203125
0 0.3330078125 0.63671875 0.033203125 0.033203125
0 0.373046875 0.642578125 0.033203125 0.033203125
0 0.3818359375 0.65625 0.033203125 0.033203125
0 0.66015625 0.6640625 0.033203125 0.033203125
0 0.341796875 0.669921875 0.033203125 0.033203125
0 0.197265625 0.6787109375 0.033203125 0.033203125
0 0.1611328125 0.697265625 0.033203125 0.033203125
0 0.6806640625 0.7060546875 0.033203125 0.033203125
0 0.060546875 0.7177734375 0.033203125 0.033203125
0 0.8984375 0.734375 0.033203125 0.033203125
0 0.9833984375 0.748046875 0.033203125 0.033203125
0 0.701171875 0.7578125 0.033203125 0.033203125
0 0.8916015625 0.7744140625 0.033203125 0.033203125
0 0.896484375 0.7744140625 0.033203125 0.033203125
0 0.0556640625 0.80859375 0.033203125 0.033203125
0 0.0263671875 0.8134765625 0.033203125 0.033203125
0 0.9345703125 0.8349609375 0.033203125 0.033203125
0 0.576171875 0.853515625 0.033203125 0.033203125
0 0.544921875 0.8662109375 0.033203125 0.033203125
0 0.5048828125 0.8779296875 0.033203125 0.033203125
0 0.337890625 0.9306640625 0.033203125 0.033203125
0 0.30078125 0.9404296875 0.033203125 0.033203125
0 0.787109375 0.9423828125 0.033203125 0.033203125
0 0.267578125 0.9521484375 0.033203125 0.033203125
0 0.509765625 0.9716796875 0.033203125 0.033203125
0 0.19921875 0.97265625 0.033203125 0.033203125
0 0.154296875 0.98486328125 0.033203125 0.0302734375