0 0.59765625 0.00927734375 0.033203125 0.0185546875
0 0.876953125 0.01416015625 0.033203125 0.0283203125
0 0.689453125 0.0205078125 0.033203125 0.033203125
0 0.5869140625 0.0400390625 0.033203125 0.033203125
0 0.09765625 0.16796875 0.033203125 0.033203125
0 0.0810546875 0.173828125 0.033203125 0.033203125
0 0.1259765625 0.18359375 0.033203125 0.033203125
0 0.126953125 0.2099609375 0.033203125 0.033203125
0 0.509765625 0.267578125 0.033203125 0.033203125
0 0.0810546875 0.28125 0.033203125 0.033203125
0 0.1591796875 0.294921875 0.033203125 0.033203125
0 0.0546875 0.3056640625 0.033203125 0.033203125
0 0.16796875 0.3125 0.033203125 0.033203125
0 0.0869140625 0.3134765625 0.033203125 0.033203125
0 0.0537109375 0.326171875 0.033203125 0.033203125
0 0.171875 0.3330078125 0.033203125 0.033203125
0 0.1240234375 0.3974609375 0.033203125 0.033203125
0 0.0625 0.416015625 0.033203125 0.033203125
0 0.0625 0.4169921875 0.033203125 0.033203125
0 0.0771484375 0.4345703125 0.033203125 0.033203125
0 0.9873046875 0.439453125 0.025390625 0.033203125
0 0.9443359375 0.4541015625 0.033203125 0.033203125
0 0.5263671875 0.4736328125 0.033203125 0.033203125
0 0.861328125 0.4755859375 0.033203125 0.033203125
0 0.0498046875 0.5205078125 0.033203125 0.033203125
0 0.7314453125 0.5244140625 0.033203125 0.033203125
0 0.69140625 0.5380859375 0.033203125 0.033203125
0 0.041015625 0.5556640625 0.033203125 0.033203125
0 0.0439453125 0.556640625 0.033203125 0.033203125
0 0.60546875 0.5625 0.033203125 0.033203125
0 0.1357421875 0.5908203125 0.033203125 0.033203125
0 0.51171875 0.59375 0.033203125 0.033203125
0 0.3125 0.623046875 0.033203125 0.033203125
0 0.2158203125 0.6630859375 0.033203125 0.033203125
0 0.1494140625 0.6689453125 0.033203125 0.033203125
0 0.453125 0.6796875 0.033203125 0.033203125
0 0.41796875 0.7060546875 0.033203125 0.033203125
0 0.27734375 0.7177734375 0.033203125 0.033203125
0 0.4619140625 0.7177734375 0.033203125 0.033203125
0 0.4228515625 0.728515625 0.033203125 0.033203125
0 0.0537109375 0.7509765625 0.033203125 0.033203125
0 0.4326171875 0.751953125 0.033203125 0.033203125
0 0.0166015625 0.763671875 0.033203125 0.033203125
0 0.4404296875 0.7724609375 0.033203125 0.033203125
0 0.970703125 0.78125 0.033203125 0.033203125
0 0.4443359375 0.7939453125 0.033203125 0.033203125
0 0.2099609375 0.802734375 0.033203125 0.033203125
0 0.6865234375 0.8291015625 0.033203125 0.033203125
0 0.8125 0.8359375 0.033203125 0.033203125
0 0.693359375 0.8525390625 0.033203125 0.033203125
0 0.4755859375 0.865234375 0.033203125 0.033203125
0 0.482421875 0.8828125 0.033203125 0.033203125
0 0.9677734375 0.8876953125 0.033203125 0.033203125
0 0.6962890625 0.888671875 0.033203125 0.033203125
0 0.6572265625 0.8935546875 0.033203125 0.033203125
0 0.677734375 0.8935546875 0.033203125 0.033203125
0 0.9296875 0.9013671875 0.033203125 0.033203125
0 0.490234375 0.9033203125 0.033203125 0.033203125
0 0.912109375 0.9033203125 0.033203125 0.033203125
0 0.912109375 0.904296875 0.033203125 0.033203125
0 0.6220703125 0.9052734375 0.033203125 0.033203125
0 0.6376953125 0.9052734375 0.033203125 0.033203125
0 0.603515625 0.91015625 0.033203125 0.033203125
0 0.5869140625 0.91796875 0.033203125 0.033203125
0 0.2255859375 0.919921875 0.033203125 0.033203125
0 0.833984375 0.919921875 0.033203125 0.033203125
0 0.4931640625 0.921875 0.033203125 0.033203125
0 0.818359375 0.9267578125 0.033203125 0.033203125
0 0.548828125 0.9306640625 0.033203125 0.033203125
0 0.7998046875 0.931640625 0.033203125 0.033203125
0 0.529296875 0.9365234375 0.033203125 0.033203125
0 0.1259765625 0.9580078125 0.033203125 0.033203125
0 0.7021484375 0.96484375 0.033203125 0.033203125
0 0.681640625 0.9677734375 0.033203125 0.033203125
0 0.09765625 0.9697265625 0.033203125 0.033203125
0 0.6435546875 0.9775390625 0.033203125 0.033203125
0 0.60546875 0.98046875 0.033203125 0.033203125
0 0.0595703125 0.984375 0.033203125 0.03125
0 0.826171875 0.98779296875 0.033203125 0.0244140625
0 0.6181640625 0.98974609375 0.033203125 0.0205078125