0 0.7900390625 0.01416015625 0.033203125 0.0283203125
0 0.984375 0.0234375 0.03125 0.033203125
0 0.9677734375 0.0283203125 0.033203125 0.033203125
0 0.94921875 0.03125 0.033203125 0.033203125
0 0.7080078125 0.037109375 0.033203125 0.033203125
0 0.9345703125 0.04296875 0.033203125 0.033203125
0 0.8857421875 0.048828125 0.033203125 0.033203125
0 0.9052734375 0.05078125 0.033203125 0.033203125
0 0.87109375 0.0595703125 0.033203125 0.033203125
0 0.8525390625 0.0673828125 0.033203125 0.033203125
0 0.8359375 0.072265625 0.033203125 0.033203125
0 0.8193359375 0.078125 0.033203125 0.033203125
0 0.8017578125 0.083984375 0.033203125 0.033203125
0 0.55859375 0.087890625 0.033203125 0.033203125
0 0.783203125 0.087890625 0.033203125 0.033203125
0 0.7685546875 0.0927734375 0.033203125 0.033203125
0 0.75 0.095703125 0.033203125 0.033203125
0 0.5205078125 0.1005859375 0.033203125 0.033203125
0 0.7333984375 0.10546875 0.033203125 0.033203125
0 0.48046875 0.1142578125 0.033203125 0.033203125
0 0.435546875 0.1279296875 0.033203125 0.033203125
0 0.619140625 0.1318359375 0.033203125 0.033203125
0 0.9873046875 0.1318359375 0.025390625 0.033203125
0 0.974609375 0.1376953125 0.033203125 0.033203125
0 0.404296875 0.138671875 0.033203125 0.033203125
0 0.9609375 0.1416015625 0.033203125 0.033203125
0 0.6298828125 0.1484375 0.033203125 0.033203125
0 0.365234375 0.150390625 0.033203125 0.033203125
0 0.9384765625 0.15234375 0.033203125 0.033203125
0 0.9208984375 0.158203125 0.033203125 0.033203125
0 0.8291015625 0.162109375 0.033203125 0.033203125
0 0.63671875 0.1630859375 0.033203125 0.033203125
0 0.9052734375 0.1630859375 0.033203125 0.033203125
0 0.33203125 0.1640625 0.033203125 0.033203125
0 0.888671875 0.166015625 0.033203125 0.033203125
0 0.8134765625 0.1689453125 0.033203125 0.033203125
0 0.8525390625 0.169921875 0.033203125 0.033203125
0 0.8681640625 0.169921875 0.033203125 0.033203125
0 0.703125 0.1708984375 0.033203125 0.033203125
0 0.291015625 0.1748046875 0.033203125 0.033203125
0 0.794921875 0.1748046875 0.033203125 0.033203125
0 0.642578125 0.177734375 0.033203125 0.033203125
0 0.7783203125 0.181640625 0.033203125 0.033203125
0 0.2548828125 0.1875 0.033203125 0.033203125
0 0.759765625 0.1943359375 0.033203125 0.033203125
0 0.6416015625 0.1962890625 0.033203125 0.033203125
0 0.2197265625 0.1982421875 0.033203125 0.033203125
0 0.740234375 0.1982421875 0.033203125 0.033203125
0 0.1826171875 0.2099609375 0.033203125 0.033203125
0 0.6474609375 0.21875 0.033203125 0.033203125
0 0.0771484375 0.2451171875 0.033203125 0.033203125
0 0.14453125 0.4580078125 0.033203125 0.033203125
0 0.1181640625 0.4814453125 0.033203125 0.033203125
0 0.1904296875 0.533203125 0.033203125 0.033203125
0 0.1474609375 0.560546875 0.033203125 0.033203125
0 0.9892578125 0.5908203125 0.021484375 0.033203125
0 0.9580078125 0.6015625 0.033203125 0.033203125
0 0.912109375 0.619140625 0.033203125 0.033203125
0 0.81640625 0.6494140625 0.033203125 0.033203125
0 0.7822265625 0.66015625 0.033203125 0.033203125
0 0.7412109375 0.67578125 0.033203125 0.033203125
0 0.978515625 0.6826171875 0.033203125 0.033203125
0 0.1689453125 0.68359375 0.033203125 0.033203125
0 0.7041015625 0.685546875 0.033203125 0.033203125
0 0.66796875 0.6953125 0.033203125 0.033203125
0 0.9345703125 0.6982421875 0.033203125 0.033203125
0 0.1943359375 0.7021484375 0.033203125 0.033203125
0 0.9033203125 0.7099609375 0.033203125 0.033203125
0 0.619140625 0.7119140625 0.033203125 0.033203125
0 0.5859375 0.724609375 0.033203125 0.033203125
0 0.857421875 0.724609375 0.033203125 0.033203125
0 0.7861328125 0.728515625 0.033203125 0.033203125
0 0.541015625 0.736328125 0.033203125 0.033203125
0 0.8095703125 0.740234375 0.033203125 0.033203125
0 0.501953125 0.75 0.033203125 0.033203125
0 0.2109375 0.7529296875 0.033203125 0.033203125
0 0.57421875 0.7568359375 0.033203125 0.033203125
0 0.7373046875 0.7587890625 0.033203125 0.033203125
0 0.666015625 0.7861328125 0.033203125 0.033203125
0 0.6298828125 0.796875 0.033203125 0.033203125
0 0.583984375 0.8115234375 0.033203125 0.033203125
0 0.298828125 0.8173828125 0.033203125 0.033203125
0 0.5419921875 0.826171875 0.033203125 0.033203125
0 0.361328125 0.8330078125 0.033203125 0.033203125
0 0.505859375 0.837890625 0.033203125 0.033203125
0 0.21875 0.84375 0.033203125 0.033203125
0 0.2548828125 0.8564453125 0.033203125 0.033203125
0 0.1181640625 0.90625 0.033203125 0.033203125
0 0.2529296875 0.93359375 0.033203125 0.033203125
0 0.015625 0.9404296875 0.03125 0.033203125