0 0.3681640625 0.01171875 0.033203125 0.0234375
0 0.0078125 0.01416015625 0.015625 0.0283203125
0 0.3388671875 0.0166015625 0.033203125 0.033203125
0 0.0283203125 0.0595703125 0.033203125 0.033203125
0 0.619140625 0.1298828125 0.033203125 0.033203125
0 0.5849609375 0.1435546875 0.033203125 0.033203125
0 0.5419921875 0.1640625 0.033203125 0.033203125
0 0.7958984375 0.1640625 0.033203125 0.033203125
0 0.3095703125 0.1787109375 0.033203125 0.033203125
0 0.5029296875 0.1806640625 0.033203125 0.033203125
0 0.4609375 0.1943359375 0.033203125 0.033203125
0 0.822265625 0.2001953125 0.033203125 0.033203125
0 0.4248046875 0.2060546875 0.033203125 0.033203125
0 0.298828125 0.20703125 0.033203125 0.033203125
0 0.318359375 0.2119140625 0.033203125 0.033203125
0 0.2802734375 0.2158203125 0.033203125 0.033203125
0 0.3857421875 0.2177734375 0.033203125 0.033203125
0 0.8232421875 0.2177734375 0.033203125 0.033203125
0 0.2587890625 0.2236328125 0.033203125 0.033203125
0 0.21875 0.2666015625 0.033203125 0.033203125
0 0.740234375 0.275390625 0.033203125 0.033203125
0 0.8115234375 0.3076171875 0.033203125 0.033203125
0 0.791015625 0.3193359375 0.033203125 0.033203125
0 0.07421875 0.4296875 0.033203125 0.033203125
0 0.07421875 0.4306640625 0.033203125 0.033203125
0 0.0859375 0.466796875 0.033203125 0.033203125
0 0.111328125 0.54296875 0.033203125 0.033203125
0 0.1533203125 0.5595703125 0.033203125 0.033203125
0 0.1240234375 0.5869140625 0.033203125 0.033203125
0 0.13671875 0.6279296875 0.033203125 0.033203125
0 0.107421875 0.7099609375 0.033203125 0.033203125
0 0.171875 0.734375 0.033203125 0.033203125
0 0.2119140625 0.8662109375 0.033203125 0.033203125