0 0.162109375 0.01025390625 0.033203125 0.0205078125
0 0.09375 0.01611328125 0.033203125 0.0322265625
0 0.73046875 0.041015625 0.033203125 0.033203125
0 0.6787109375 0.0546875 0.033203125 0.033203125
0 0.6328125 0.0703125 0.033203125 0.033203125
0 0.58984375 0.08203125 0.033203125 0.033203125
0 0.501953125 0.1103515625 0.033203125 0.033203125
0 0.1162109375 0.1181640625 0.033203125 0.033203125
0 0.44140625 0.12890625 0.033203125 0.033203125
0 0.53515625 0.1357421875 0.033203125 0.033203125
0 0.4013671875 0.140625 0.033203125 0.033203125
0 0.4375 0.1591796875 0.033203125 0.033203125
0 0.6259765625 0.1591796875 0.033203125 0.033203125
0 0.5927734375 0.1669921875 0.033203125 0.033203125
0 0.353515625 0.1845703125 0.033203125 0.033203125
0 0.2822265625 0.203125 0.033203125 0.033203125
0 0.4736328125 0.205078125 0.033203125 0.033203125
0 0.2333984375 0.34375 0.033203125 0.033203125
0 0.2080078125 0.7509765625 0.033203125 0.033203125
0 0.16796875 0.7568359375 0.033203125 0.033203125
0 0.1884765625 0.759765625 0.033203125 0.033203125
0 0.150390625 0.765625 0.033203125 0.033203125
0 0.138671875 0.775390625 0.033203125 0.033203125
0 0.1396484375 0.775390625 0.033203125 0.033203125
0 0.22265625 0.7900390625 0.033203125 0.033203125
0 0.203125 0.79296875 0.033203125 0.033203125
0 0.1640625 0.796875 0.033203125 0.033203125
0 0.181640625 0.7978515625 0.033203125 0.033203125
0 0.1494140625 0.8095703125 0.033203125 0.033203125
0 0.130859375 0.8173828125 0.033203125 0.033203125
0 0.4404296875 0.94921875 0.033203125 0.033203125