0 0.5322265625 0.0185546875 0.033203125 0.033203125
0 0.7900390625 0.0498046875 0.033203125 0.033203125
0 0.794921875 0.0673828125 0.033203125 0.033203125
0 0.72265625 0.0732421875 0.033203125 0.033203125
0 0.8037109375 0.0849609375 0.033203125 0.033203125
0 0.8125 0.1044921875 0.033203125 0.033203125
0 0.736328125 0.1083984375 0.033203125 0.033203125
0 0.1591796875 0.1103515625 0.033203125 0.033203125
0 0.73828125 0.1259765625 0.033203125 0.033203125
0 0.8173828125 0.1259765625 0.033203125 0.033203125
0 0.1064453125 0.1376953125 0.033203125 0.033203125
0 0.494140625 0.1474609375 0.033203125 0.033203125
0 0.82421875 0.1474609375 0.033203125 0.033203125
0 0.8251953125 0.1474609375 0.033203125 0.033203125
0 0.7509765625 0.154296875 0.033203125 0.033203125
0 0.833984375 0.166015625 0.033203125 0.033203125
0 0.5009765625 0.16796875 0.033203125 0.033203125
0 0.6162109375 0.1708984375 0.033203125 0.033203125
0 0.7607421875 0.1767578125 0.033203125 0.033203125
0 0.837890625 0.185546875 0.033203125 0.033203125
0 0.7216796875 0.1865234375 0.033203125 0.033203125
0 0.5849609375 0.1875 0.033203125 0.033203125
0 0.6220703125 0.1923828125 0.033203125 0.033203125
0 0.5908203125 0.2021484375 0.033203125 0.033203125
0 0.728515625 0.2021484375 0.033203125 0.033203125
0 0.630859375 0.2060546875 0.033203125 0.033203125
0 0.5107421875 0.2080078125 0.033203125 0.033203125
0 0.7646484375 0.2119140625 0.033203125 0.033203125
0 0.8525390625 0.2197265625 0.033203125 0.033203125
0 0.599609375 0.220703125 0.033203125 0.033203125
0 0.7294921875 0.22265625 0.033203125 0.033203125
0 0.63671875 0.224609375 0.033203125 0.033203125
0 0.6376953125 0.224609375 0.033203125 0.033203125
0 0.5205078125 0.2255859375 0.033203125 0.033203125
0 0.7705078125 0.2294921875 0.033203125 0.033203125
0 0.7353515625 0.2353515625 0.033203125 0.033203125
0 0.8525390625 0.23828125 0.033203125 0.033203125
0 0.525390625 0.2421875 0.033203125 0.033203125
0 0.77734375 0.2470703125 0.033203125 0.033203125
0 0.6025390625 0.2548828125 0.033203125 0.033203125
0 0.7412109375 0.255859375 0.033203125 0.033203125
0 0.638671875 0.2568359375 0.033203125 0.033203125
0 0.8515625 0.2587890625 0.033203125 0.033203125
0 0.484375 0.2607421875 0.033203125 0.033203125
0 0.7822265625 0.2666015625 0.033203125 0.033203125
0 0.7470703125 0.271484375 0.033203125 0.033203125
0 0.6083984375 0.2724609375 0.033203125 0.033203125
0 0.650390625 0.275390625 0.033203125 0.033203125
0 0.7509765625 0.2880859375 0.033203125 0.033203125
0 0.6142578125 0.2919921875 0.033203125 0.033203125
0 0.54296875 0.294921875 0.033203125 0.033203125
0 0.65234375 0.296875 0.033203125 0.033203125
0 0.755859375 0.3056640625 0.033203125 0.033203125
0 0.6201171875 0.310546875 0.033203125 0.033203125
0 0.658203125 0.3154296875 0.033203125 0.033203125
0 0.7587890625 0.322265625 0.033203125 0.033203125
0 0.6640625 0.3349609375 0.033203125 0.033203125
0 0.759765625 0.3408203125 0.033203125 0.033203125
0 0.6689453125 0.3525390625 0.033203125 0.033203125
0 0.759765625 0.3583984375 0.033203125 0.033203125
0 0.568359375 0.3681640625 0.033203125 0.033203125
0 0.673828125 0.3740234375 0.033203125 0.033203125
0 0.779296875 0.392578125 0.033203125 0.033203125
0 0.68359375 0.3955078125 0.033203125 0.033203125
0 0.783203125 0.412109375 0.033203125 0.033203125
0 0.8525390625 0.4130859375 0.033203125 0.033203125
0 0.6904296875 0.4169921875 0.033203125 0.033203125
0 0.6943359375 0.43359375 0.033203125 0.033203125
0 0.7880859375 0.447265625 0.033203125 0.033203125
0 0.6015625 0.4658203125 0.033203125 0.033203125
0 0.69921875 0.470703125 0.033203125 0.033203125
0 0.7998046875 0.484375 0.033203125 0.033203125
0 0.60546875 0.486328125 0.033203125 0.033203125
0 0.802734375 0.5009765625 0.033203125 0.033203125
0 0.7099609375 0.501953125 0.033203125 0.033203125
0 0.8076171875 0.51953125 0.033203125 0.033203125
0 0.7119140625 0.5234375 0.033203125 0.033203125
0 0.6220703125 0.525390625 0.033203125 0.033203125
0 0.6640625 0.671875 0.033203125 0.033203125
0 0.8291015625 0.7138671875 0.033203125 0.033203125
0 0.8125 0.7216796875 0.033203125 0.033203125
0 0.1552734375 0.9541015625 0.033203125 0.033203125
0 0.2060546875 0.9619140625 0.033203125 0.033203125
0 0.4287109375 0.982421875 0.033203125 0.033203125
0 0.1640625 0.98486328125 0.033203125 0.0302734375