0 0.6162109375 0.01220703125 0.033203125 0.0244140625
0 0.7451171875 0.013671875 0.033203125 0.02734375
0 0.83984375 0.01611328125 0.033203125 0.0322265625
0 0.6640625 0.03125 0.033203125 0.033203125
0 0.8525390625 0.0576171875 0.033203125 0.033203125
0 0.525390625 0.05859375 0.033203125 0.033203125
0 0.505859375 0.0673828125 0.033203125 0.033203125
0 0.470703125 0.0751953125 0.033203125 0.033203125
0 0.4189453125 0.0927734375 0.033203125 0.033203125
0 0.8642578125 0.095703125 0.033203125 0.033203125
0 0.384765625 0.0986328125 0.033203125 0.033203125
0 0.2998046875 0.1025390625 0.033203125 0.033203125
0 0.697265625 0.1123046875 0.033203125 0.033203125
0 0.7822265625 0.1220703125 0.033203125 0.033203125
0 0.69921875 0.1474609375 0.033203125 0.033203125
0 0.7919921875 0.1572265625 0.033203125 0.033203125
0 0.3505859375 0.1708984375 0.033203125 0.033203125
0 0.7099609375 0.1806640625 0.033203125 0.033203125
0 0.919921875 0.208984375 0.033203125 0.033203125
0 0.333984375 0.2734375 0.033203125 0.033203125
0 0.716796875 0.2734375 0.033203125 0.033203125
0 0.3837890625 0.318359375 0.033203125 0.033203125
0 0.7158203125 0.3271484375 0.033203125 0.033203125
0 0.693359375 0.3955078125 0.033203125 0.033203125
0 0.205078125 0.4013671875 0.033203125 0.033203125
0 0.40234375 0.4208984375 0.033203125 0.033203125
0 0.1044921875 0.431640625 0.033203125 0.033203125
0 0.06640625 0.443359375 0.033203125 0.033203125
0 0.384765625 0.4482421875 0.033203125 0.033203125
0 0.41796875 0.4697265625 0.033203125 0.033203125
0 0.7255859375 0.490234375 0.033203125 0.033203125
0 0.1376953125 0.5087890625 0.033203125 0.033203125
0 0.099609375 0.51953125 0.033203125 0.033203125
0 0.87109375 0.53125 0.033203125 0.033203125
0 0.05859375 0.533203125 0.033203125 0.033203125
0 0.87109375 0.5498046875 0.033203125 0.033203125
0 0.01025390625 0.5517578125 0.0205078125 0.033203125
0 0.880859375 0.56640625 0.033203125 0.033203125
0 0.4287109375 0.5791015625 0.033203125 0.033203125
0 0.880859375 0.58203125 0.033203125 0.033203125
0 0.7763671875 0.587890625 0.033203125 0.033203125
0 0.8671875 0.611328125 0.033203125 0.033203125
0 0.427734375 0.6552734375 0.033203125 0.033203125
0 0.822265625 0.6669921875 0.033203125 0.033203125
0 0.4599609375 0.6689453125 0.033203125 0.033203125
0 0.826171875 0.681640625 0.033203125 0.033203125
0 0.4423828125 0.697265625 0.033203125 0.033203125
0 0.83203125 0.69921875 0.033203125 0.033203125
0 0.521484375 0.71484375 0.033203125 0.033203125
0 0.4580078125 0.7470703125 0.033203125 0.033203125
0 0.8642578125 0.7490234375 0.033203125 0.033203125
0 0.5341796875 0.75 0.033203125 0.033203125
0 0.4892578125 0.7734375 0.033203125 0.033203125
0 0.0546875 0.775390625 0.033203125 0.033203125
0 0.466796875 0.779296875 0.033203125 0.033203125
0 0.4814453125 0.8212890625 0.033203125 0.033203125
0 0.8837890625 0.83984375 0.033203125 0.033203125
0 0.6640625 0.84765625 0.033203125 0.033203125
0 0.8662109375 0.84765625 0.033203125 0.033203125
0 0.83203125 0.85546875 0.033203125 0.033203125
0 0.8173828125 0.8564453125 0.033203125 0.033203125
0 0.490234375 0.857421875 0.033203125 0.033203125
0 0.501953125 0.8955078125 0.033203125 0.033203125
0 0.5341796875 0.90234375 0.033203125 0.033203125
0 0.5146484375 0.9345703125 0.033203125 0.033203125
0 0.5927734375 0.94921875 0.033203125 0.033203125
0 0.529296875 0.978515625 0.033203125 0.033203125
0 0.5869140625 0.9814453125 0.033203125 0.033203125
0 0.60546875 0.984375 0.033203125 0.03125
0 0.896484375 0.98486328125 0.033203125 0.0302734375