0 0.53125 0.0400390625 0.033203125 0.033203125
0 0.5703125 0.134765625 0.033203125 0.033203125
0 0.4072265625 0.171875 0.033203125 0.033203125
0 0.5859375 0.1796875 0.033203125 0.033203125
0 0.369140625 0.1826171875 0.033203125 0.033203125
0 0.353515625 0.1865234375 0.033203125 0.033203125
0 0.599609375 0.21875 0.033203125 0.033203125
0 0.220703125 0.232421875 0.033203125 0.033203125
0 0.2431640625 0.2333984375 0.033203125 0.033203125
0 0.4287109375 0.2421875 0.033203125 0.033203125
0 0.41015625 0.244140625 0.033203125 0.033203125
0 0.3837890625 0.2568359375 0.033203125 0.033203125
0 0.3642578125 0.26171875 0.033203125 0.033203125
0 0.3642578125 0.2626953125 0.033203125 0.033203125
0 0.3466796875 0.2685546875 0.033203125 0.033203125
0 0.619140625 0.271484375 0.033203125 0.033203125
0 0.4443359375 0.2734375 0.033203125 0.033203125
0 0.3310546875 0.275390625 0.033203125 0.033203125
0 0.3154296875 0.279296875 0.033203125 0.033203125
0 0.4267578125 0.279296875 0.033203125 0.033203125
0 0.408203125 0.2880859375 0.033203125 0.033203125
0 0.279296875 0.291015625 0.033203125 0.033203125
0 0.39453125 0.29296875 0.033203125 0.033203125
0 0.2626953125 0.2958984375 0.033203125 0.033203125
0 0.37890625 0.298828125 0.033203125 0.033203125
0 0.359375 0.3017578125 0.033203125 0.033203125
0 0.3427734375 0.3046875 0.033203125 0.033203125
0 0.228515625 0.3056640625 0.033203125 0.033203125
0 0.328125 0.310546875 0.033203125 0.033203125
0 0.6376953125 0.3125 0.033203125 0.033203125
0 0.3095703125 0.3154296875 0.033203125 0.033203125
0 0.21484375 0.3173828125 0.033203125 0.033203125
0 0.1796875 0.3193359375 0.033203125 0.033203125
0 0.2939453125 0.326171875 0.033203125 0.033203125
0 0.2734375 0.328125 0.033203125 0.033203125
0 0.244140625 0.3408203125 0.033203125 0.033203125
0 0.0927734375 0.3466796875 0.033203125 0.033203125
0 0.2255859375 0.3466796875 0.033203125 0.033203125
0 0.8125 0.3466796875 0.033203125 0.033203125
0 0.2099609375 0.3515625 0.033203125 0.033203125
0 0.453125 0.3515625 0.033203125 0.033203125
0 0.6484375 0.3515625 0.033203125 0.033203125
0 0.435546875 0.353515625 0.033203125 0.033203125
0 0.19140625 0.35546875 0.033203125 0.033203125
0 0.421875 0.3662109375 0.033203125 0.033203125
0 0.404296875 0.3681640625 0.033203125 0.033203125
0 0.38671875 0.3720703125 0.033203125 0.033203125
0 0.3701171875 0.3798828125 0.033203125 0.033203125
0 0.33203125 0.384765625 0.033203125 0.033203125
0 0.44921875 0.388671875 0.033203125 0.033203125
0 0.9541015625 0.3935546875 0.033203125 0.033203125
0 0.30078125 0.3994140625 0.033203125 0.033203125
0 0.4169921875 0.4033203125 0.033203125 0.033203125
0 0.2861328125 0.40625 0.033203125 0.033203125
0 0.3994140625 0.408203125 0.033203125 0.033203125
0 0.3857421875 0.4150390625 0.033203125 0.033203125
0 0.2509765625 0.4169921875 0.033203125 0.033203125
0 0.904296875 0.4169921875 0.033203125 0.033203125
0 0.2724609375 0.4189453125 0.033203125 0.033203125
0 0.2373046875 0.421875 0.033203125 0.033203125
0 0.216796875 0.4267578125 0.033203125 0.033203125
0 0.3359375 0.4296875 0.033203125 0.033203125
0 0.31640625 0.4365234375 0.033203125 0.033203125
0 0.2978515625 0.44140625 0.033203125 0.033203125
0 0.0830078125 0.4443359375 0.033203125 0.033203125
0 0.2626953125 0.4462890625 0.033203125 0.033203125
0 0.24609375 0.4541015625 0.033203125 0.033203125
0 0.1015625 0.45703125 0.033203125 0.033203125
0 0.23046875 0.4619140625 0.033203125 0.033203125
0 0.458984375 0.46484375 0.033203125 0.033203125
0 0.8017578125 0.4697265625 0.033203125 0.033203125
0 0.84765625 0.4716796875 0.033203125 0.033203125
0 0.1171875 0.47265625 0.033203125 0.033203125
0 0.138671875 0.484375 0.033203125 0.033203125
0 0.4873046875 0.48828125 0.033203125 0.033203125
0 0.392578125 0.4921875 0.033203125 0.033203125
0 0.376953125 0.4970703125 0.033203125 0.033203125
0 0.1591796875 0.50390625 0.033203125 0.033203125
0 0.43359375 0.5078125 0.033203125 0.033203125
0 0.3427734375 0.509765625 0.033203125 0.033203125
0 0.3076171875 0.513671875 0.033203125 0.033203125
0 0.17578125 0.5185546875 0.033203125 0.033203125
0 0.2919921875 0.5263671875 0.033203125 0.033203125
0 0.37109375 0.533203125 0.033203125 0.033203125
0 0.193359375 0.5341796875 0.033203125 0.033203125
0 0.3515625 0.541015625 0.033203125 0.033203125
0 0.333984375 0.5439453125 0.033203125 0.033203125
0 0.212890625 0.55078125 0.033203125 0.033203125
0 0.224609375 0.5654296875 0.033203125 0.033203125
0 0.2431640625 0.5771484375 0.033203125 0.033203125
0 0.4404296875 0.578125 0.033203125 0.033203125
0 0.2626953125 0.587890625 0.033203125 0.033203125
0 0.283203125 0.60546875 0.033203125 0.033203125
0 0.298828125 0.615234375 0.033203125 0.033203125
0 0.591796875 0.6259765625 0.033203125 0.033203125
0 0.3095703125 0.6337890625 0.033203125 0.033203125
0 0.59765625 0.64453125 0.033203125 0.033203125
0 0.5234375 0.650390625 0.033203125 0.033203125
0 0.60546875 0.6611328125 0.033203125 0.033203125
0 0.52734375 0.6650390625 0.033203125 0.033203125
0 0.5341796875 0.6796875 0.033203125 0.033203125
0 0.6083984375 0.681640625 0.033203125 0.033203125
0 0.53515625 0.69921875 0.033203125 0.033203125
0 0.615234375 0.69921875 0.033203125 0.033203125
0 0.77734375 0.708984375 0.033203125 0.033203125
0 0.541015625 0.7158203125 0.033203125 0.033203125
0 0.615234375 0.716796875 0.033203125 0.033203125
0 0.548828125 0.73046875 0.033203125 0.033203125
0 0.5537109375 0.7490234375 0.033203125 0.033203125
0 0.2587890625 0.7529296875 0.033203125 0.033203125
0 0.236328125 0.7548828125 0.033203125 0.033203125
0 0.798828125 0.755859375 0.033203125 0.033203125
0 0.2197265625 0.7578125 0.033203125 0.033203125
0 0.283203125 0.7607421875 0.033203125 0.033203125
0 0.564453125 0.7626953125 0.033203125 0.033203125
0 0.2041015625 0.7685546875 0.033203125 0.033203125
0 0.30078125 0.7734375 0.033203125 0.033203125
0 0.568359375 0.779296875 0.033203125 0.033203125
0 0.31640625 0.78515625 0.033203125 0.033203125
0 0.333984375 0.794921875 0.033203125 0.033203125
0 0.376953125 0.7958984375 0.033203125 0.033203125
0 0.576171875 0.7958984375 0.033203125 0.033203125
0 0.5771484375 0.7958984375 0.033203125 0.033203125
0 0.65625 0.8017578125 0.033203125 0.033203125
0 0.3994140625 0.8046875 0.033203125 0.033203125
0 0.591796875 0.806640625 0.033203125 0.033203125
0 0.7763671875 0.806640625 0.033203125 0.033203125
0 0.3447265625 0.8076171875 0.033203125 0.033203125
0 0.4208984375 0.8076171875 0.033203125 0.033203125
0 0.4365234375 0.8193359375 0.033203125 0.033203125
0 0.458984375 0.8212890625 0.033203125 0.033203125
0 0.5947265625 0.8271484375 0.033203125 0.033203125
0 0.4755859375 0.8310546875 0.033203125 0.033203125
0 0.4765625 0.8310546875 0.033203125 0.033203125
0 0.662109375 0.83203125 0.033203125 0.033203125
0 0.494140625 0.83984375 0.033203125 0.033203125
0 0.599609375 0.84375 0.033203125 0.033203125
0 0.5126953125 0.8486328125 0.033203125 0.033203125
0 0.6123046875 0.857421875 0.033203125 0.033203125
0 0.5322265625 0.865234375 0.033203125 0.033203125
0 0.4970703125 0.88671875 0.033203125 0.033203125
0 0.6875 0.88671875 0.033203125 0.033203125
0 0.5654296875 0.9013671875 0.033203125 0.033203125
0 0.6923828125 0.9072265625 0.033203125 0.033203125
0 0.5712890625 0.921875 0.033203125 0.033203125
0 0.53515625 0.923828125 0.033203125 0.033203125
0 0.576171875 0.9384765625 0.033203125 0.033203125
0 0.7060546875 0.9384765625 0.033203125 0.033203125
0 0.58203125 0.9560546875 0.033203125 0.033203125
0 0.7119140625 0.9619140625 0.033203125 0.033203125
0 0.595703125 0.97265625 0.033203125 0.033203125
0 0.7177734375 0.9833984375 0.033203125 0.033203125
0 0.599609375 0.98876953125 0.033203125 0.0224609375