0 0.8037109375 0.01318359375 0.033203125 0.0263671875
0 0.4658203125 0.0166015625 0.033203125 0.033203125
0 0.5517578125 0.0458984375 0.033203125 0.033203125
0 0.75 0.0498046875 0.033203125 0.033203125
0 0.4765625 0.0537109375 0.033203125 0.033203125
0 0.4892578125 0.1005859375 0.033203125 0.033203125
0 0.578125 0.1240234375 0.033203125 0.033203125
0 0.5009765625 0.1376953125 0.033203125 0.033203125
0 0.5 0.138671875 0.033203125 0.033203125
0 0.58984375 0.171875 0.033203125 0.033203125
0 0.6005859375 0.2021484375 0.033203125 0.033203125
0 0.9794921875 0.2021484375 0.033203125 0.033203125
0 0.9375 0.2119140625 0.033203125 0.033203125
0 0.615234375 0.2490234375 0.033203125 0.033203125
0 0.0625 0.26171875 0.033203125 0.033203125
0 0.625 0.2783203125 0.033203125 0.033203125
0 0.078125 0.318359375 0.033203125 0.033203125
0 0.6484375 0.35546875 0.033203125 0.033203125
0 0.98486328125 0.376953125 0.0302734375 0.033203125
0 0.6630859375 0.4013671875 0.033203125 0.033203125
0 0.9833984375 0.4052734375 0.033203125 0.033203125
0 0.095703125 0.4794921875 0.033203125 0.033203125
0 0.189453125 0.4814453125 0.033203125 0.033203125
0 0.6103515625 0.484375 0.033203125 0.033203125
0 0.15234375 0.4931640625 0.033203125 0.033203125
0 0.095703125 0.509765625 0.033203125 0.033203125
0 0.0615234375 0.521484375 0.033203125 0.033203125
0 0.021484375 0.5361328125 0.033203125 0.033203125
0 0.6298828125 0.5458984375 0.033203125 0.033203125
0 0.6630859375 0.5830078125 0.033203125 0.033203125
0 0.642578125 0.595703125 0.033203125 0.033203125
0 0.9697265625 0.603515625 0.033203125 0.033203125
0 0.732421875 0.6259765625 0.033203125 0.033203125
0 0.9794921875 0.6259765625 0.033203125 0.033203125
0 0.6533203125 0.6318359375 0.033203125 0.033203125
0 0.98388671875 0.6435546875 0.0322265625 0.033203125
0 0.7138671875 0.646484375 0.033203125 0.033203125
0 0.7451171875 0.6591796875 0.033203125 0.033203125
0 0.984375 0.6611328125 0.03125 0.033203125
0 0.6943359375 0.689453125 0.033203125 0.033203125
0 0.7529296875 0.6982421875 0.033203125 0.033203125
0 0.4111328125 0.732421875 0.033203125 0.033203125
0 0.427734375 0.771484375 0.033203125 0.033203125
0 0.7529296875 0.7744140625 0.033203125 0.033203125
0 0.44140625 0.7890625 0.033203125 0.033203125
0 0.7294921875 0.7939453125 0.033203125 0.033203125
0 0.4609375 0.841796875 0.033203125 0.033203125
0 0.7841796875 0.8740234375 0.033203125 0.033203125
0 0.763671875 0.90625 0.033203125 0.033203125