0 0.9033203125 0.01123046875 0.033203125 0.0224609375
0 0.4599609375 0.01513671875 0.033203125 0.0302734375
0 0.8388671875 0.021484375 0.033203125 0.033203125
0 0.8193359375 0.03125 0.033203125 0.033203125
0 0.80078125 0.03515625 0.033203125 0.033203125
0 0.46875 0.0498046875 0.033203125 0.033203125
0 0.748046875 0.0546875 0.033203125 0.033203125
0 0.9462890625 0.0712890625 0.033203125 0.033203125
0 0.482421875 0.0966796875 0.033203125 0.033203125
0 0.91015625 0.1123046875 0.033203125 0.033203125
0 0.8251953125 0.1259765625 0.033203125 0.033203125
0 0.494140625 0.1279296875 0.033203125 0.033203125
0 0.802734375 0.1318359375 0.033203125 0.033203125
0 0.7509765625 0.13671875 0.033203125 0.033203125
0 0.4208984375 0.140625 0.033203125 0.033203125
0 0.7900390625 0.140625 0.033203125 0.033203125
0 0.708984375 0.1591796875 0.033203125 0.033203125
0 0.51953125 0.21484375 0.033203125 0.033203125
0 0.0146484375 0.220703125 0.029296875 0.033203125
0 0.0146484375 0.2431640625 0.029296875 0.033203125
0 0.248046875 0.2548828125 0.033203125 0.033203125
0 0.01220703125 0.2958984375 0.0244140625 0.033203125
0 0.0380859375 0.30859375 0.033203125 0.033203125
0 0.130859375 0.322265625 0.033203125 0.033203125
0 0.5556640625 0.333984375 0.033203125 0.033203125
0 0.5625 0.3720703125 0.033203125 0.033203125
0 0.1044921875 0.3828125 0.033203125 0.033203125
0 0.126953125 0.3896484375 0.033203125 0.033203125
0 0.1494140625 0.3916015625 0.033203125 0.033203125
0 0.150390625 0.3916015625 0.033203125 0.033203125
0 0.0458984375 0.4033203125 0.033203125 0.033203125
0 0.029296875 0.41015625 0.033203125 0.033203125
0 0.0673828125 0.41015625 0.033203125 0.033203125
0 0.083984375 0.4111328125 0.033203125 0.033203125
0 0.01416015625 0.4140625 0.0283203125 0.033203125
0 0.130859375 0.41796875 0.033203125 0.033203125
0 0.1328125 0.431640625 0.033203125 0.033203125
0 0.0341796875 0.4443359375 0.033203125 0.033203125
0 0.068359375 0.455078125 0.033203125 0.033203125
0 0.0322265625 0.4658203125 0.033203125 0.033203125
0 0.0830078125 0.486328125 0.033203125 0.033203125
0 0.0703125 0.48828125 0.033203125 0.033203125
0 0.0537109375 0.4970703125 0.033203125 0.033203125
0 0.037109375 0.4990234375 0.033203125 0.033203125
0 0.0380859375 0.4990234375 0.033203125 0.033203125
0 0.021484375 0.5048828125 0.033203125 0.033203125
0 0.427734375 0.646484375 0.033203125 0.033203125
0 0.806640625 0.85546875 0.033203125 0.033203125
0 0.771484375 0.861328125 0.033203125 0.033203125
0 0.7822265625 0.9140625 0.033203125 0.033203125
0 0.7060546875 0.935546875 0.033203125 0.033203125
0 0.740234375 0.9560546875 0.033203125 0.033203125
0 0.6689453125 0.986328125 0.033203125 0.02734375
0 0.650390625 0.98974609375 0.033203125 0.0205078125