0 0.3173828125 0.0146484375 0.033203125 0.029296875
0 0.322265625 0.0380859375 0.033203125 0.033203125
0 0.3310546875 0.0546875 0.033203125 0.033203125
0 0.337890625 0.078125 0.033203125 0.033203125
0 0.349609375 0.10546875 0.033203125 0.033203125
0 0.3720703125 0.14453125 0.033203125 0.033203125
0 0.54296875 0.1796875 0.033203125 0.033203125
0 0.6337890625 0.21875 0.033203125 0.033203125
0 0.0078125 0.2255859375 0.015625 0.033203125
0 0.02734375 0.2333984375 0.033203125 0.033203125
0 0.6025390625 0.2353515625 0.033203125 0.033203125
0 0.583984375 0.2451171875 0.033203125 0.033203125
0 0.01513671875 0.2724609375 0.0302734375 0.033203125
0 0.0263671875 0.31640625 0.033203125 0.033203125
0 0.0390625 0.3642578125 0.033203125 0.033203125
0 0.0537109375 0.40625 0.033203125 0.033203125
0 0.064453125 0.4462890625 0.033203125 0.033203125
0 0.0751953125 0.4814453125 0.033203125 0.033203125
0 0.0869140625 0.513671875 0.033203125 0.033203125
0 0.1171875 0.6201171875 0.033203125 0.033203125
0 0.1259765625 0.66015625 0.033203125 0.033203125
0 0.1455078125 0.7060546875 0.033203125 0.033203125
0 0.154296875 0.7470703125 0.033203125 0.033203125
0 0.1728515625 0.80859375 0.033203125 0.033203125
0 0.1865234375 0.845703125 0.033203125 0.033203125
0 0.201171875 0.8896484375 0.033203125 0.033203125
0 0.2099609375 0.9326171875 0.033203125 0.033203125