0 0.0556640625 0.013671875 0.033203125 0.02734375
0 0.1591796875 0.029296875 0.033203125 0.033203125
0 0.0703125 0.0595703125 0.033203125 0.033203125
0 0.1728515625 0.0673828125 0.033203125 0.033203125
0 0.08203125 0.0947265625 0.033203125 0.033203125
0 0.5556640625 0.1416015625 0.033203125 0.033203125
0 0.1953125 0.1435546875 0.033203125 0.033203125
0 0.205078125 0.177734375 0.033203125 0.033203125
0 0.5908203125 0.2236328125 0.033203125 0.033203125
0 0.48828125 0.234375 0.033203125 0.033203125
0 0.494140625 0.25 0.033203125 0.033203125
0 0.5625 0.2509765625 0.033203125 0.033203125
0 0.501953125 0.265625 0.033203125 0.033203125
0 0.23046875 0.267578125 0.033203125 0.033203125
0 0.4990234375 0.2890625 0.033203125 0.033203125
0 0.5 0.306640625 0.033203125 0.033203125
0 0.2568359375 0.345703125 0.033203125 0.033203125
0 0.5244140625 0.3466796875 0.033203125 0.033203125
0 0.486328125 0.3583984375 0.033203125 0.033203125
0 0.2109375 0.361328125 0.033203125 0.033203125
0 0.2265625 0.4130859375 0.033203125 0.033203125
0 0.2353515625 0.453125 0.033203125 0.033203125
0 0.8017578125 0.494140625 0.033203125 0.033203125
0 0.2197265625 0.5 0.033203125 0.033203125
0 0.23828125 0.552734375 0.033203125 0.033203125
0 0.9111328125 0.5625 0.033203125 0.033203125
0 0.87890625 0.6044921875 0.033203125 0.033203125
0 0.7666015625 0.611328125 0.033203125 0.033203125
0 0.421875 0.6279296875 0.033203125 0.033203125
0 0.287109375 0.6455078125 0.033203125 0.033203125
0 0.71875 0.6533203125 0.033203125 0.033203125
0 0.6181640625 0.6552734375 0.033203125 0.033203125
0 0.6484375 0.671875 0.033203125 0.033203125
0 0.5546875 0.6806640625 0.033203125 0.033203125
0 0.4296875 0.7197265625 0.033203125 0.033203125
0 0.3134765625 0.7548828125 0.033203125 0.033203125
0 0.2021484375 0.76953125 0.033203125 0.033203125
0 0.158203125 0.7802734375 0.033203125 0.033203125
0 0.2900390625 0.787109375 0.033203125 0.033203125
0 0.1103515625 0.794921875 0.033203125 0.033203125
0 0.1767578125 0.7978515625 0.033203125 0.033203125
0 0.072265625 0.806640625 0.033203125 0.033203125
0 0.0166015625 0.82421875 0.033203125 0.033203125
0 0.3974609375 0.8388671875 0.033203125 0.033203125
0 0.3759765625 0.8466796875 0.033203125 0.033203125
0 0.359375 0.884765625 0.033203125 0.033203125
0 0.66796875 0.921875 0.033203125 0.033203125
0 0.400390625 0.9267578125 0.033203125 0.033203125
0 0.6640625 0.9443359375 0.033203125 0.033203125
0 0.357421875 0.9560546875 0.033203125 0.033203125
0 0.416015625 0.978515625 0.033203125 0.033203125
0 0.390625 0.98486328125 0.033203125 0.0302734375
0 0.6865234375 0.98486328125 0.033203125 0.0302734375