0 0.6181640625 0.01953125 0.033203125 0.033203125
0 0.5703125 0.0361328125 0.033203125 0.033203125
0 0.1484375 0.037109375 0.033203125 0.033203125
0 0.6220703125 0.0390625 0.033203125 0.033203125
0 0.5205078125 0.0556640625 0.033203125 0.033203125
0 0.634765625 0.0732421875 0.033203125 0.033203125
0 0.583984375 0.07421875 0.033203125 0.033203125
0 0.63671875 0.0888671875 0.033203125 0.033203125
0 0.1435546875 0.1044921875 0.033203125 0.033203125
0 0.6416015625 0.1064453125 0.033203125 0.033203125
0 0.87109375 0.107421875 0.033203125 0.033203125
0 0.64453125 0.1220703125 0.033203125 0.033203125
0 0.599609375 0.1318359375 0.033203125 0.033203125
0 0.6455078125 0.142578125 0.033203125 0.033203125
0 0.6591796875 0.1572265625 0.033203125 0.033203125
0 0.6142578125 0.1767578125 0.033203125 0.033203125
0 0.5576171875 0.177734375 0.033203125 0.033203125
0 0.6279296875 0.2158203125 0.033203125 0.033203125
0 0.91015625 0.228515625 0.033203125 0.033203125
0 0.6396484375 0.2578125 0.033203125 0.033203125
0 0.6552734375 0.302734375 0.033203125 0.033203125
0 0.21484375 0.3271484375 0.033203125 0.033203125
0 0.9443359375 0.328125 0.033203125 0.033203125
0 0.6669921875 0.341796875 0.033203125 0.033203125
0 0.66796875 0.341796875 0.033203125 0.033203125
0 0.953125 0.345703125 0.033203125 0.033203125
0 0.958984375 0.361328125 0.033203125 0.033203125
0 0.2314453125 0.36328125 0.033203125 0.033203125
0 0.615234375 0.369140625 0.033203125 0.033203125
0 0.0146484375 0.3798828125 0.029296875 0.033203125
0 0.9619140625 0.3837890625 0.033203125 0.033203125
0 0.9619140625 0.40234375 0.033203125 0.033203125
0 0.9736328125 0.4150390625 0.033203125 0.033203125
0 0.978515625 0.4306640625 0.033203125 0.033203125
0 0.9814453125 0.4482421875 0.033203125 0.033203125
0 0.30078125 0.466796875 0.033203125 0.033203125
0 0.986328125 0.466796875 0.02734375 0.033203125
0 0.3056640625 0.4833984375 0.033203125 0.033203125
0 0.98876953125 0.4853515625 0.0224609375 0.033203125
0 0.6806640625 0.4951171875 0.033203125 0.033203125
0 0.046875 0.4970703125 0.033203125 0.033203125
0 0.310546875 0.5 0.033203125 0.033203125
0 0.66015625 0.5126953125 0.033203125 0.033203125
0 0.318359375 0.5166015625 0.033203125 0.033203125
0 0.8154296875 0.609375 0.033203125 0.033203125
0 0.7685546875 0.6240234375 0.033203125 0.033203125
0 0.720703125 0.63671875 0.033203125 0.033203125
0 0.107421875 0.697265625 0.033203125 0.033203125
0 0.3583984375 0.70703125 0.033203125 0.033203125
0 0.31640625 0.7216796875 0.033203125 0.033203125
0 0.2783203125 0.7333984375 0.033203125 0.033203125
0 0.748046875 0.791015625 0.033203125 0.033203125
0 0.833984375 0.87890625 0.033203125 0.033203125
0 0.8505859375 0.939453125 0.033203125 0.033203125
0 0.8193359375 0.9423828125 0.033203125 0.033203125
0 0.1279296875 0.978515625 0.033203125 0.033203125
0 0.4677734375 0.990234375 0.033203125 0.01953125