0 0.8935546875 0.0166015625 0.033203125 0.033203125
0 0.875 0.0244140625 0.033203125 0.033203125
0 0.8583984375 0.03515625 0.033203125 0.033203125
0 0.8408203125 0.041015625 0.033203125 0.033203125
0 0.9208984375 0.05078125 0.033203125 0.033203125
0 0.9033203125 0.0537109375 0.033203125 0.033203125
0 0.775390625 0.0673828125 0.033203125 0.033203125
0 0.142578125 0.1259765625 0.033203125 0.033203125
0 0.0859375 0.142578125 0.033203125 0.033203125
0 0.890625 0.14453125 0.033203125 0.033203125
0 0.8779296875 0.1533203125 0.033203125 0.033203125
0 0.2060546875 0.1552734375 0.033203125 0.033203125
0 0.955078125 0.1630859375 0.033203125 0.033203125
0 0.80859375 0.171875 0.033203125 0.033203125
0 0.1357421875 0.1826171875 0.033203125 0.033203125
0 0.853515625 0.265625 0.033203125 0.033203125
0 0.8173828125 0.2705078125 0.033203125 0.033203125
0 0.78515625 0.28515625 0.033203125 0.033203125
0 0.75 0.2978515625 0.033203125 0.033203125
0 0.7119140625 0.3095703125 0.033203125 0.033203125
0 0.9140625 0.3125 0.033203125 0.033203125
0 0.984375 0.3583984375 0.03125 0.033203125
0 0.345703125 0.42578125 0.033203125 0.033203125
0 0.921875 0.4716796875 0.033203125 0.033203125
0 0.3349609375 0.5751953125 0.033203125 0.033203125
0 0.025390625 0.6552734375 0.033203125 0.033203125
0 0.9326171875 0.7890625 0.033203125 0.033203125
0 0.705078125 0.794921875 0.033203125 0.033203125
0 0.03125 0.802734375 0.033203125 0.033203125
0 0.046875 0.802734375 0.033203125 0.033203125
0 0.51171875 0.8056640625 0.033203125 0.033203125
0 0.4658203125 0.8076171875 0.033203125 0.033203125
0 0.9375 0.80859375 0.033203125 0.033203125
0 0.783203125 0.8115234375 0.033203125 0.033203125
0 0.01611328125 0.8154296875 0.0322265625 0.033203125
0 0.56640625 0.8369140625 0.033203125 0.033203125
0 0.515625 0.853515625 0.033203125 0.033203125
0 0.56640625 0.8740234375 0.033203125 0.033203125
0 0.7265625 0.87890625 0.033203125 0.033203125
0 0.5234375 0.884765625 0.033203125 0.033203125
0 0.73046875 0.892578125 0.033203125 0.033203125
0 0.591796875 0.900390625 0.033203125 0.033203125
0 0.533203125 0.9189453125 0.033203125 0.033203125
0 0.15625 0.921875 0.033203125 0.033203125
0 0.5791015625 0.9228515625 0.033203125 0.033203125
0 0.2197265625 0.931640625 0.033203125 0.033203125
0 0.546875 0.9521484375 0.033203125 0.033203125
0 0.080078125 0.982421875 0.033203125 0.033203125
0 0.0478515625 0.984375 0.033203125 0.03125
0 0.0634765625 0.984375 0.033203125 0.03125
0 0.03125 0.9873046875 0.033203125 0.025390625
0 0.013671875 0.9892578125 0.02734375 0.021484375
0 0.166015625 0.9892578125 0.033203125 0.021484375