0 0.5986328125 0.00830078125 0.033203125 0.0166015625
0 0.6123046875 0.0244140625 0.033203125 0.033203125
0 0.9501953125 0.2666015625 0.033203125 0.033203125
0 0.771484375 0.3271484375 0.033203125 0.033203125
0 0.6650390625 0.3876953125 0.033203125 0.033203125
0 0.6240234375 0.400390625 0.033203125 0.033203125
0 0.947265625 0.548828125 0.033203125 0.033203125
0 0.953125 0.56640625 0.033203125 0.033203125
0 0.958984375 0.5869140625 0.033203125 0.033203125
0 0.017578125 0.626953125 0.033203125 0.033203125
0 0.01611328125 0.6669921875 0.0322265625 0.033203125
0 0.33984375 0.6865234375 0.033203125 0.033203125
0 0.1171875 0.75 0.033203125 0.033203125
0 0.1083984375 0.8017578125 0.033203125 0.033203125
0 0.19921875 0.8037109375 0.033203125 0.033203125
0 0.205078125 0.822265625 0.033203125 0.033203125
0 0.3984375 0.8515625 0.033203125 0.033203125
0 0.12890625 0.8544921875 0.033203125 0.033203125
0 0.2177734375 0.8671875 0.033203125 0.033203125
0 0.1357421875 0.8759765625 0.033203125 0.033203125
0 0.41015625 0.8828125 0.033203125 0.033203125
0 0.142578125 0.8984375 0.033203125 0.033203125
0 0.5126953125 0.923828125 0.033203125 0.033203125
0 0.5126953125 0.9423828125 0.033203125 0.033203125
0 0.4345703125 0.955078125 0.033203125 0.033203125
0 0.154296875 0.9638671875 0.033203125 0.033203125
0 0.1650390625 0.9833984375 0.033203125 0.033203125