0 0.4677734375 0.025390625 0.033203125 0.033203125
0 0.6806640625 0.0634765625 0.033203125 0.033203125
0 0.7021484375 0.0673828125 0.033203125 0.033203125
0 0.66015625 0.068359375 0.033203125 0.033203125
0 0.642578125 0.076171875 0.033203125 0.033203125
0 0.6259765625 0.08203125 0.033203125 0.033203125
0 0.6904296875 0.1005859375 0.033203125 0.033203125
0 0.6728515625 0.103515625 0.033203125 0.033203125
0 0.654296875 0.10546875 0.033203125 0.033203125
0 0.63671875 0.115234375 0.033203125 0.033203125
0 0.4013671875 0.125 0.033203125 0.033203125
0 0.7001953125 0.1806640625 0.033203125 0.033203125
0 0.685546875 0.19140625 0.033203125 0.033203125
0 0.5205078125 0.2021484375 0.033203125 0.033203125
0 0.5732421875 0.2119140625 0.033203125 0.033203125
0 0.533203125 0.234375 0.033203125 0.033203125
0 0.1396484375 0.2763671875 0.033203125 0.033203125
0 0.0341796875 0.283203125 0.033203125 0.033203125
0 0.5458984375 0.2861328125 0.033203125 0.033203125
0 0.04296875 0.3134765625 0.033203125 0.033203125
0 0.5556640625 0.314453125 0.033203125 0.033203125
0 0.5634765625 0.345703125 0.033203125 0.033203125
0 0.0087890625 0.3623046875 0.017578125 0.033203125
0 0.875 0.3935546875 0.033203125 0.033203125
0 0.5185546875 0.4013671875 0.033203125 0.033203125
0 0.8603515625 0.4208984375 0.033203125 0.033203125
0 0.8408203125 0.4248046875 0.033203125 0.033203125
0 0.5908203125 0.427734375 0.033203125 0.033203125
0 0.140625 0.431640625 0.033203125 0.033203125
0 0.828125 0.439453125 0.033203125 0.033203125
0 0.8115234375 0.4501953125 0.033203125 0.033203125
0 0.79296875 0.455078125 0.033203125 0.033203125
0 0.77734375 0.4609375 0.033203125 0.033203125
0 0.7607421875 0.4638671875 0.033203125 0.033203125
0 0.599609375 0.4658203125 0.033203125 0.033203125
0 0.7421875 0.4716796875 0.033203125 0.033203125
0 0.87890625 0.4716796875 0.033203125 0.033203125
0 0.8583984375 0.478515625 0.033203125 0.033203125
0 0.837890625 0.484375 0.033203125 0.033203125
0 0.8203125 0.4912109375 0.033203125 0.033203125
0 0.8076171875 0.4990234375 0.033203125 0.033203125
0 0.791015625 0.50390625 0.033203125 0.033203125
0 0.7734375 0.5078125 0.033203125 0.033203125
0 0.7529296875 0.513671875 0.033203125 0.033203125
0 0.7353515625 0.5185546875 0.033203125 0.033203125
0 0.8984375 0.548828125 0.033203125 0.033203125
0 0.8818359375 0.5537109375 0.033203125 0.033203125
0 0.861328125 0.55859375 0.033203125 0.033203125
0 0.845703125 0.572265625 0.033203125 0.033203125
0 0.828125 0.5732421875 0.033203125 0.033203125
0 0.8095703125 0.578125 0.033203125 0.033203125
0 0.794921875 0.5849609375 0.033203125 0.033203125
0 0.7783203125 0.59375 0.033203125 0.033203125
0 0.98779296875 0.63671875 0.0244140625 0.033203125
0 0.9736328125 0.640625 0.033203125 0.033203125
0 0.98681640625 0.6748046875 0.0263671875 0.033203125
0 0.974609375 0.6796875 0.033203125 0.033203125
0 0.703125 0.71484375 0.033203125 0.033203125
0 0.34375 0.8173828125 0.033203125 0.033203125
0 0.9140625 0.8564453125 0.033203125 0.033203125
0 0.9208984375 0.8740234375 0.033203125 0.033203125
0 0.923828125 0.8916015625 0.033203125 0.033203125
0 0.93359375 0.9072265625 0.033203125 0.033203125
0 0.9384765625 0.923828125 0.033203125 0.033203125
0 0.376953125 0.9287109375 0.033203125 0.033203125
0 0.943359375 0.939453125 0.033203125 0.033203125
0 0.8671875 0.9521484375 0.033203125 0.033203125
0 0.876953125 0.98486328125 0.033203125 0.0302734375