0 0.05859375 0.0126953125 0.033203125 0.025390625
0 0.1875 0.033203125 0.033203125 0.033203125
0 0.2041015625 0.033203125 0.033203125 0.033203125
0 0.03125 0.0546875 0.033203125 0.033203125
0 0.0439453125 0.0849609375 0.033203125 0.033203125
0 0.0625 0.1484375 0.033203125 0.033203125
0 0.0732421875 0.1904296875 0.033203125 0.033203125
0 0.01416015625 0.205078125 0.0283203125 0.033203125
0 0.0859375 0.22265625 0.033203125 0.033203125
0 0.654296875 0.2548828125 0.033203125 0.033203125
0 0.408203125 0.265625 0.033203125 0.033203125
0 0.6103515625 0.267578125 0.033203125 0.033203125
0 0.4111328125 0.28125 0.033203125 0.033203125
0 0.326171875 0.283203125 0.033203125 0.033203125
0 0.0712890625 0.298828125 0.033203125 0.033203125
0 0.109375 0.3056640625 0.033203125 0.033203125
0 0.3388671875 0.3232421875 0.033203125 0.033203125
0 0.0791015625 0.333984375 0.033203125 0.033203125
0 0.341796875 0.3369140625 0.033203125 0.033203125
0 0.1220703125 0.341796875 0.033203125 0.033203125
0 0.3466796875 0.353515625 0.033203125 0.033203125
0 0.0869140625 0.3662109375 0.033203125 0.033203125
0 0.13671875 0.38671875 0.033203125 0.033203125
0 0.1005859375 0.40234375 0.033203125 0.033203125
0 0.1484375 0.4248046875 0.033203125 0.033203125
0 0.111328125 0.4404296875 0.033203125 0.033203125
0 0.1123046875 0.4404296875 0.033203125 0.033203125
0 0.11328125 0.4404296875 0.033203125 0.033203125
0 0.15625 0.455078125 0.033203125 0.033203125
0 0.1572265625 0.455078125 0.033203125 0.033203125
0 0.1259765625 0.484375 0.033203125 0.033203125
0 0.126953125 0.484375 0.033203125 0.033203125
0 0.166015625 0.4951171875 0.033203125 0.033203125
0 0.3759765625 0.4990234375 0.033203125 0.033203125
0 0.9384765625 0.5 0.033203125 0.033203125
0 0.134765625 0.51171875 0.033203125 0.033203125
0 0.9423828125 0.5185546875 0.033203125 0.033203125
0 0.40234375 0.5224609375 0.033203125 0.033203125
0 0.41015625 0.54296875 0.033203125 0.033203125
0 0.1875 0.5615234375 0.033203125 0.033203125
0 0.4130859375 0.5625 0.033203125 0.033203125
0 0.15625 0.5927734375 0.033203125 0.033203125
0 0.2021484375 0.609375 0.033203125 0.033203125
0 0.1689453125 0.62890625 0.033203125 0.033203125
0 0.4833984375 0.6337890625 0.033203125 0.033203125
0 0.48828125 0.6484375 0.033203125 0.033203125
0 0.21484375 0.654296875 0.033203125 0.033203125
0 0.181640625 0.6669921875 0.033203125 0.033203125
0 0.2275390625 0.6904296875 0.033203125 0.033203125
0 0.193359375 0.7099609375 0.033203125 0.033203125
0 0.23828125 0.724609375 0.033203125 0.033203125
0 0.5205078125 0.728515625 0.033203125 0.033203125
0 0.2060546875 0.75 0.033203125 0.033203125
0 0.9091796875 0.751953125 0.033203125 0.033203125
0 0.5302734375 0.7607421875 0.033203125 0.033203125
0 0.2490234375 0.76171875 0.033203125 0.033203125
0 0.2626953125 0.7978515625 0.033203125 0.033203125
0 0.23046875 0.8251953125 0.033203125 0.033203125
0 0.271484375 0.8427734375 0.033203125 0.033203125
0 0.2412109375 0.865234375 0.033203125 0.033203125
0 0.2841796875 0.873046875 0.033203125 0.033203125
0 0.2548828125 0.91015625 0.033203125 0.033203125
0 0.29296875 0.9130859375 0.033203125 0.033203125
0 0.2939453125 0.9130859375 0.033203125 0.033203125
0 0.267578125 0.947265625 0.033203125 0.033203125
0 0.3115234375 0.94921875 0.033203125 0.033203125
0 0.3134765625 0.970703125 0.033203125 0.033203125
0 0.849609375 0.98046875 0.033203125 0.033203125
0 0.2802734375 0.9853515625 0.033203125 0.029296875
0 0.810546875 0.98681640625 0.033203125 0.0263671875