0 0.05078125 0.00927734375 0.033203125 0.0185546875
0 0.0146484375 0.0146484375 0.029296875 0.029296875
0 0.3359375 0.0283203125 0.033203125 0.033203125
0 0.36328125 0.052734375 0.033203125 0.033203125
0 0.8076171875 0.052734375 0.033203125 0.033203125
0 0.833984375 0.0615234375 0.033203125 0.033203125
0 0.7255859375 0.0712890625 0.033203125 0.033203125
0 0.7080078125 0.078125 0.033203125 0.033203125
0 0.6494140625 0.095703125 0.033203125 0.033203125
0 0.740234375 0.115234375 0.033203125 0.033203125
0 0.1962890625 0.1220703125 0.033203125 0.033203125
0 0.72265625 0.1259765625 0.033203125 0.033203125
0 0.72265625 0.126953125 0.033203125 0.033203125
0 0.7041015625 0.1298828125 0.033203125 0.033203125
0 0.615234375 0.1337890625 0.033203125 0.033203125
0 0.583984375 0.1572265625 0.033203125 0.033203125
0 0.7314453125 0.162109375 0.033203125 0.033203125
0 0.712890625 0.1640625 0.033203125 0.033203125
0 0.55078125 0.169921875 0.033203125 0.033203125
0 0.6923828125 0.173828125 0.033203125 0.033203125
0 0.8056640625 0.2021484375 0.033203125 0.033203125
0 0.2294921875 0.2216796875 0.033203125 0.033203125
0 0.6982421875 0.236328125 0.033203125 0.033203125
0 0.23828125 0.263671875 0.033203125 0.033203125
0 0.59765625 0.267578125 0.033203125 0.033203125
0 0.7529296875 0.3857421875 0.033203125 0.033203125
0 0.763671875 0.4169921875 0.033203125 0.033203125
0 0.771484375 0.435546875 0.033203125 0.033203125
0 0.7724609375 0.4541015625 0.033203125 0.033203125
0 0.0625 0.4658203125 0.033203125 0.033203125
0 0.7822265625 0.4716796875 0.033203125 0.033203125
0 0.9755859375 0.4716796875 0.033203125 0.033203125
0 0.9462890625 0.4814453125 0.033203125 0.033203125
0 0.6640625 0.4853515625 0.033203125 0.033203125
0 0.9091796875 0.4931640625 0.033203125 0.033203125
0 0.873046875 0.5048828125 0.033203125 0.033203125
0 0.80078125 0.5263671875 0.033203125 0.033203125
0 0.3740234375 0.55859375 0.033203125 0.033203125
0 0.9599609375 0.564453125 0.033203125 0.033203125
0 0.76953125 0.59375 0.033203125 0.033203125
0 0.8515625 0.59765625 0.033203125 0.033203125
0 0.81640625 0.609375 0.033203125 0.033203125
0 0.751953125 0.6279296875 0.033203125 0.033203125
0 0.4619140625 0.779296875 0.033203125 0.033203125
0 0.4306640625 0.8076171875 0.033203125 0.033203125
0 0.15234375 0.81640625 0.033203125 0.033203125
0 0.2578125 0.8232421875 0.033203125 0.033203125
0 0.1015625 0.828125 0.033203125 0.033203125
0 0.2275390625 0.841796875 0.033203125 0.033203125
0 0.419921875 0.841796875 0.033203125 0.033203125
0 0.26953125 0.859375 0.033203125 0.033203125
0 0.240234375 0.8798828125 0.033203125 0.033203125
0 0.451171875 0.8828125 0.033203125 0.033203125
0 0.279296875 0.8876953125 0.033203125 0.033203125
0 0.26171875 0.8896484375 0.033203125 0.033203125
0 0.041015625 0.890625 0.033203125 0.033203125
0 0.07421875 0.896484375 0.033203125 0.033203125
0 0.4365234375 0.9169921875 0.033203125 0.033203125
0 0.5107421875 0.939453125 0.033203125 0.033203125
0 0.4462890625 0.955078125 0.033203125 0.033203125
0 0.08984375 0.9580078125 0.033203125 0.033203125
0 0.45703125 0.98828125 0.033203125 0.0234375