0 0.4921875 0.0107421875 0.033203125 0.021484375
0 0.3037109375 0.0361328125 0.033203125 0.033203125
0 0.2333984375 0.0537109375 0.033203125 0.033203125
0 0.1650390625 0.07421875 0.033203125 0.033203125
0 0.419921875 0.0810546875 0.033203125 0.033203125
0 0.298828125 0.0830078125 0.033203125 0.033203125
0 0.3173828125 0.0830078125 0.033203125 0.033203125
0 0.283203125 0.083984375 0.033203125 0.033203125
0 0.5244140625 0.107421875 0.033203125 0.033203125
0 0.4248046875 0.1142578125 0.033203125 0.033203125
0 0.4736328125 0.126953125 0.033203125 0.033203125
0 0.37890625 0.130859375 0.033203125 0.033203125
0 0.01025390625 0.1376953125 0.0205078125 0.033203125
0 0.5068359375 0.1669921875 0.033203125 0.033203125
0 0.3447265625 0.220703125 0.033203125 0.033203125
0 0.2802734375 0.2373046875 0.033203125 0.033203125
0 0.7294921875 0.2392578125 0.033203125 0.033203125
0 0.244140625 0.2470703125 0.033203125 0.033203125
0 0.6982421875 0.310546875 0.033203125 0.033203125
0 0.7255859375 0.3974609375 0.033203125 0.033203125
0 0.73828125 0.439453125 0.033203125 0.033203125
0 0.9609375 0.6826171875 0.033203125 0.033203125
0 0.8017578125 0.7177734375 0.033203125 0.033203125
0 0.7099609375 0.7626953125 0.033203125 0.033203125
0 0.6376953125 0.7646484375 0.033203125 0.033203125
0 0.513671875 0.8056640625 0.033203125 0.033203125
0 0.419921875 0.8330078125 0.033203125 0.033203125
0 0.4833984375 0.8427734375 0.033203125 0.033203125
0 0.2568359375 0.85546875 0.033203125 0.033203125
0 0.947265625 0.8642578125 0.033203125 0.033203125
0 0.9482421875 0.8662109375 0.033203125 0.033203125
0 0.2001953125 0.904296875 0.033203125 0.033203125
0 0.1943359375 0.9296875 0.033203125 0.033203125
0 0.009765625 0.9365234375 0.01953125 0.033203125
0 0.0322265625 0.98388671875 0.033203125 0.0322265625