0 0.89453125 0.0107421875 0.033203125 0.021484375
0 0.7275390625 0.296875 0.033203125 0.033203125
0 0.74609375 0.3525390625 0.033203125 0.033203125
0 0.9892578125 0.4453125 0.021484375 0.033203125
0 0.87109375 0.46484375 0.033203125 0.033203125
0 0.8095703125 0.466796875 0.033203125 0.033203125
0 0.7724609375 0.4765625 0.033203125 0.033203125
0 0.8828125 0.4814453125 0.033203125 0.033203125
0 0.8076171875 0.486328125 0.033203125 0.033203125
0 0.7763671875 0.494140625 0.033203125 0.033203125
0 0.7001953125 0.49609375 0.033203125 0.033203125
0 0.8857421875 0.501953125 0.033203125 0.033203125
0 0.8095703125 0.5029296875 0.033203125 0.033203125
0 0.658203125 0.5107421875 0.033203125 0.033203125
0 0.70703125 0.5146484375 0.033203125 0.033203125
0 0.8955078125 0.515625 0.033203125 0.033203125
0 0.8203125 0.51953125 0.033203125 0.033203125
0 0.6728515625 0.52734375 0.033203125 0.033203125
0 0.7080078125 0.5322265625 0.033203125 0.033203125
0 0.587890625 0.5341796875 0.033203125 0.033203125
0 0.78515625 0.5341796875 0.033203125 0.033203125
0 0.9013671875 0.5341796875 0.033203125 0.033203125
0 0.8251953125 0.537109375 0.033203125 0.033203125
0 0.5556640625 0.5419921875 0.033203125 0.033203125
0 0.677734375 0.5439453125 0.033203125 0.033203125
0 0.7890625 0.5478515625 0.033203125 0.033203125
0 0.9072265625 0.5498046875 0.033203125 0.033203125
0 0.5927734375 0.55078125 0.033203125 0.033203125
0 0.7158203125 0.55078125 0.033203125 0.033203125
0 0.8271484375 0.552734375 0.033203125 0.033203125
0 0.681640625 0.5595703125 0.033203125 0.033203125
0 0.5576171875 0.560546875 0.033203125 0.033203125
0 0.7958984375 0.5634765625 0.033203125 0.033203125
0 0.6015625 0.56640625 0.033203125 0.033203125
0 0.7236328125 0.5673828125 0.033203125 0.033203125
0 0.91015625 0.568359375 0.033203125 0.033203125
0 0.8369140625 0.5703125 0.033203125 0.033203125
0 0.5712890625 0.578125 0.033203125 0.033203125
0 0.7998046875 0.5830078125 0.033203125 0.033203125
0 0.9150390625 0.5830078125 0.033203125 0.033203125
0 0.6103515625 0.583984375 0.033203125 0.033203125
0 0.7294921875 0.583984375 0.033203125 0.033203125
0 0.48828125 0.5869140625 0.033203125 0.033203125
0 0.83984375 0.5869140625 0.033203125 0.033203125
0 0.578125 0.5908203125 0.033203125 0.033203125
0 0.6123046875 0.5966796875 0.033203125 0.033203125
0 0.6884765625 0.59765625 0.033203125 0.033203125
0 0.8037109375 0.5986328125 0.033203125 0.033203125
0 0.490234375 0.6005859375 0.033203125 0.033203125
0 0.919921875 0.6015625 0.033203125 0.033203125
0 0.728515625 0.603515625 0.033203125 0.033203125
0 0.8505859375 0.603515625 0.033203125 0.033203125
0 0.58203125 0.609375 0.033203125 0.033203125
0 0.6953125 0.611328125 0.033203125 0.033203125
0 0.6181640625 0.6162109375 0.033203125 0.033203125
0 0.8134765625 0.6162109375 0.033203125 0.033203125
0 0.498046875 0.6171875 0.033203125 0.033203125
0 0.7314453125 0.6220703125 0.033203125 0.033203125
0 0.853515625 0.6220703125 0.033203125 0.033203125
0 0.5859375 0.626953125 0.033203125 0.033203125
0 0.6982421875 0.62890625 0.033203125 0.033203125
0 0.6201171875 0.6328125 0.033203125 0.033203125
0 0.81640625 0.6337890625 0.033203125 0.033203125
0 0.5087890625 0.634765625 0.033203125 0.033203125
0 0.740234375 0.6357421875 0.033203125 0.033203125
0 0.931640625 0.6376953125 0.033203125 0.033203125
0 0.8623046875 0.6396484375 0.033203125 0.033203125
0 0.7080078125 0.64453125 0.033203125 0.033203125
0 0.818359375 0.6484375 0.033203125 0.033203125
0 0.515625 0.6494140625 0.033203125 0.033203125
0 0.626953125 0.650390625 0.033203125 0.033203125
0 0.8603515625 0.6552734375 0.033203125 0.033203125
0 0.9384765625 0.6552734375 0.033203125 0.033203125
0 0.744140625 0.65625 0.033203125 0.033203125
0 0.5966796875 0.66015625 0.033203125 0.033203125
0 0.6318359375 0.6650390625 0.033203125 0.033203125
0 0.7109375 0.6650390625 0.033203125 0.033203125
0 0.515625 0.6669921875 0.033203125 0.033203125
0 0.8251953125 0.6669921875 0.033203125 0.033203125
0 0.9404296875 0.669921875 0.033203125 0.033203125
0 0.7529296875 0.6708984375 0.033203125 0.033203125
0 0.8662109375 0.6728515625 0.033203125 0.033203125
0 0.603515625 0.6787109375 0.033203125 0.033203125
0 0.7177734375 0.681640625 0.033203125 0.033203125
0 0.521484375 0.6826171875 0.033203125 0.033203125
0 0.6337890625 0.6845703125 0.033203125 0.033203125
0 0.828125 0.6845703125 0.033203125 0.033203125
0 0.875 0.6875 0.033203125 0.033203125
0 0.9462890625 0.6875 0.033203125 0.033203125
0 0.7470703125 0.6904296875 0.033203125 0.033203125
0 0.6083984375 0.6962890625 0.033203125 0.033203125
0 0.7216796875 0.6962890625 0.033203125 0.033203125
0 0.642578125 0.7001953125 0.033203125 0.033203125
0 0.5283203125 0.7021484375 0.033203125 0.033203125
0 0.8427734375 0.7021484375 0.033203125 0.033203125
0 0.9521484375 0.7021484375 0.033203125 0.033203125
0 0.76171875 0.7041015625 0.033203125 0.033203125
0 0.8779296875 0.70703125 0.033203125 0.033203125
0 0.6103515625 0.7109375 0.033203125 0.033203125
0 0.724609375 0.71484375 0.033203125 0.033203125
0 0.642578125 0.716796875 0.033203125 0.033203125
0 0.84765625 0.716796875 0.033203125 0.033203125
0 0.9599609375 0.7177734375 0.033203125 0.033203125
0 0.5361328125 0.7197265625 0.033203125 0.033203125
0 0.767578125 0.7216796875 0.033203125 0.033203125
0 0.8876953125 0.7236328125 0.033203125 0.033203125
0 0.61328125 0.7275390625 0.033203125 0.033203125
0 0.732421875 0.73046875 0.033203125 0.033203125
0 0.8515625 0.7314453125 0.033203125 0.033203125
0 0.6494140625 0.736328125 0.033203125 0.033203125
0 0.767578125 0.740234375 0.033203125 0.033203125
0 0.9658203125 0.740234375 0.033203125 0.033203125
0 0.5341796875 0.7412109375 0.033203125 0.033203125
0 0.888671875 0.7421875 0.033203125 0.033203125
0 0.6201171875 0.74609375 0.033203125 0.033203125
0 0.73828125 0.7490234375 0.033203125 0.033203125
0 0.8583984375 0.7509765625 0.033203125 0.033203125
0 0.5361328125 0.7548828125 0.033203125 0.033203125
0 0.650390625 0.7548828125 0.033203125 0.033203125
0 0.7724609375 0.7578125 0.033203125 0.033203125
0 0.89453125 0.759765625 0.033203125 0.033203125
0 0.625 0.763671875 0.033203125 0.033203125
0 0.744140625 0.765625 0.033203125 0.033203125
0 0.8603515625 0.767578125 0.033203125 0.033203125
0 0.6572265625 0.76953125 0.033203125 0.033203125
0 0.541015625 0.771484375 0.033203125 0.033203125
0 0.78125 0.7734375 0.033203125 0.033203125
0 0.8984375 0.7783203125 0.033203125 0.033203125
0 0.62890625 0.779296875 0.033203125 0.033203125
0 0.7470703125 0.7841796875 0.033203125 0.033203125
0 0.6630859375 0.7861328125 0.033203125 0.033203125
0 0.865234375 0.7861328125 0.033203125 0.033203125
0 0.5478515625 0.7890625 0.033203125 0.033203125
0 0.7890625 0.7890625 0.033203125 0.033203125
0 0.62890625 0.7998046875 0.033203125 0.033203125
0 0.7509765625 0.7998046875 0.033203125 0.033203125
0 0.939453125 0.802734375 0.033203125 0.033203125
0 0.5556640625 0.8037109375 0.033203125 0.033203125
0 0.6669921875 0.806640625 0.033203125 0.033203125
0 0.791015625 0.8076171875 0.033203125 0.033203125
0 0.6357421875 0.81640625 0.033203125 0.033203125
0 0.98486328125 0.81640625 0.0302734375 0.033203125
0 0.76171875 0.818359375 0.033203125 0.033203125
0 0.5654296875 0.8193359375 0.033203125 0.033203125
0 0.6728515625 0.82421875 0.033203125 0.033203125
0 0.6396484375 0.8330078125 0.033203125 0.033203125
0 0.5703125 0.837890625 0.033203125 0.033203125
0 0.681640625 0.8447265625 0.033203125 0.033203125
0 0.9775390625 0.849609375 0.033203125 0.033203125
0 0.572265625 0.8525390625 0.033203125 0.033203125
0 0.6484375 0.853515625 0.033203125 0.033203125
0 0.9619140625 0.8603515625 0.033203125 0.033203125
0 0.9453125 0.86328125 0.033203125 0.033203125
0 0.9228515625 0.8662109375 0.033203125 0.033203125
0 0.9091796875 0.869140625 0.033203125 0.033203125
0 0.5791015625 0.873046875 0.033203125 0.033203125
0 0.8916015625 0.875 0.033203125 0.033203125
0 0.875 0.8837890625 0.033203125 0.033203125
0 0.8564453125 0.8876953125 0.033203125 0.033203125
0 0.58203125 0.8896484375 0.033203125 0.033203125
0 0.837890625 0.8916015625 0.033203125 0.033203125
0 0.9658203125 0.8916015625 0.033203125 0.033203125
0 0.98486328125 0.8916015625 0.0302734375 0.033203125
0 0.8232421875 0.896484375 0.033203125 0.033203125
0 0.951171875 0.900390625 0.033203125 0.033203125
0 0.806640625 0.90625 0.033203125 0.033203125
0 0.9345703125 0.9072265625 0.033203125 0.033203125
0 0.5869140625 0.908203125 0.033203125 0.033203125
0 0.7890625 0.9111328125 0.033203125 0.033203125
0 0.9150390625 0.912109375 0.033203125 0.033203125
0 0.7548828125 0.9150390625 0.033203125 0.033203125
0 0.8974609375 0.9150390625 0.033203125 0.033203125
0 0.6259765625 0.916015625 0.033203125 0.033203125
0 0.7744140625 0.916015625 0.033203125 0.033203125
0 0.8818359375 0.916015625 0.033203125 0.033203125
0 0.669921875 0.9228515625 0.033203125 0.033203125
0 0.865234375 0.923828125 0.033203125 0.033203125
0 0.736328125 0.92578125 0.033203125 0.033203125
0 0.58984375 0.9267578125 0.033203125 0.033203125
0 0.7001953125 0.9267578125 0.033203125 0.033203125
0 0.845703125 0.9287109375 0.033203125 0.033203125
0 0.7236328125 0.931640625 0.033203125 0.033203125
0 0.8291015625 0.9365234375 0.033203125 0.033203125
0 0.8115234375 0.939453125 0.033203125 0.033203125
0 0.654296875 0.9462890625 0.033203125 0.033203125
0 0.63671875 0.94921875 0.033203125 0.033203125
0 0.7958984375 0.9501953125 0.033203125 0.033203125
0 0.779296875 0.955078125 0.033203125 0.033203125
0 0.6181640625 0.95703125 0.033203125 0.033203125
0 0.7607421875 0.95703125 0.033203125 0.033203125
0 0.6005859375 0.958984375 0.033203125 0.033203125
0 0.70703125 0.9658203125 0.033203125 0.033203125
0 0.744140625 0.9658203125 0.033203125 0.033203125
0 0.7255859375 0.9697265625 0.033203125 0.033203125
0 0.8037109375 0.9736328125 0.033203125 0.033203125
0 0.6591796875 0.98046875 0.033203125 0.033203125
0 0.7705078125 0.986328125 0.033203125 0.02734375
0 0.791015625 0.9873046875 0.033203125 0.025390625
0 0.734375 0.9892578125 0.033203125 0.021484375
0 0.751953125 0.99072265625 0.033203125 0.0185546875