0 0.5703125 0.0185546875 0.033203125 0.033203125
0 0.5380859375 0.029296875 0.033203125 0.033203125
0 0.5009765625 0.0419921875 0.033203125 0.033203125
0 0.8330078125 0.416015625 0.033203125 0.033203125
0 0.9833984375 0.5478515625 0.033203125 0.033203125
0 0.9365234375 0.55859375 0.033203125 0.033203125
0 0.8271484375 0.56640625 0.033203125 0.033203125
0 0.8935546875 0.5712890625 0.033203125 0.033203125
0 0.8359375 0.5888671875 0.033203125 0.033203125
0 0.7978515625 0.59765625 0.033203125 0.033203125
0 0.798828125 0.59765625 0.033203125 0.033203125
0 0.7587890625 0.6142578125 0.033203125 0.033203125
0 0.521484375 0.689453125 0.033203125 0.033203125
0 0.4853515625 0.701171875 0.033203125 0.033203125
0 0.4462890625 0.7138671875 0.033203125 0.033203125
0 0.404296875 0.724609375 0.033203125 0.033203125
0 0.3681640625 0.732421875 0.033203125 0.033203125
0 0.330078125 0.7490234375 0.033203125 0.033203125
0 0.2939453125 0.7607421875 0.033203125 0.033203125
0 0.1767578125 0.76171875 0.033203125 0.033203125
0 0.2607421875 0.7724609375 0.033203125 0.033203125
0 0.212890625 0.787109375 0.033203125 0.033203125
0 0.1748046875 0.7958984375 0.033203125 0.033203125
0 0.1748046875 0.7978515625 0.033203125 0.033203125
0 0.1328125 0.8095703125 0.033203125 0.033203125
0 0.087890625 0.826171875 0.033203125 0.033203125
0 0.0517578125 0.83203125 0.033203125 0.033203125
0 0.7470703125 0.87890625 0.033203125 0.033203125
0 0.623046875 0.8828125 0.033203125 0.033203125
0 0.6669921875 0.8828125 0.033203125 0.033203125
0 0.4873046875 0.919921875 0.033203125 0.033203125
0 0.470703125 0.931640625 0.033203125 0.033203125
0 0.00830078125 0.9501953125 0.0166015625 0.033203125
0 0.404296875 0.958984375 0.033203125 0.033203125
0 0.01416015625 0.9853515625 0.0283203125 0.029296875
0 0.29296875 0.986328125 0.033203125 0.02734375