0 0.34375 0.041015625 0.033203125 0.033203125
0 0.3271484375 0.0439453125 0.033203125 0.033203125
0 0.29296875 0.0556640625 0.033203125 0.033203125
0 0.259765625 0.0673828125 0.033203125 0.033203125
0 0.046875 0.068359375 0.033203125 0.033203125
0 0.2255859375 0.0810546875 0.033203125 0.033203125
0 0.150390625 0.1025390625 0.033203125 0.033203125
0 0.1142578125 0.1181640625 0.033203125 0.033203125
0 0.0322265625 0.142578125 0.033203125 0.033203125
0 0.98583984375 0.1845703125 0.0283203125 0.033203125
0 0.4541015625 0.2119140625 0.033203125 0.033203125
0 0.4208984375 0.2216796875 0.033203125 0.033203125
0 0.9814453125 0.2265625 0.033203125 0.033203125
0 0.42578125 0.2373046875 0.033203125 0.033203125
0 0.326171875 0.2421875 0.033203125 0.033203125
0 0.4619140625 0.2470703125 0.033203125 0.033203125
0 0.2880859375 0.251953125 0.033203125 0.033203125
0 0.3359375 0.2607421875 0.033203125 0.033203125
0 0.98876953125 0.2626953125 0.0224609375 0.033203125
0 0.2998046875 0.26953125 0.033203125 0.033203125
0 0.4404296875 0.2734375 0.033203125 0.033203125
0 0.55078125 0.2939453125 0.033203125 0.033203125
0 0.560546875 0.30859375 0.033203125 0.033203125
0 0.3486328125 0.3095703125 0.033203125 0.033203125
0 0.564453125 0.3271484375 0.033203125 0.033203125
0 0.3544921875 0.3291015625 0.033203125 0.033203125
0 0.482421875 0.33203125 0.033203125 0.033203125
0 0.5673828125 0.345703125 0.033203125 0.033203125
0 0.4892578125 0.3505859375 0.033203125 0.033203125
0 0.455078125 0.3623046875 0.033203125 0.033203125
0 0.49609375 0.3720703125 0.033203125 0.033203125
0 0.4580078125 0.3798828125 0.033203125 0.033203125
0 0.3701171875 0.3857421875 0.033203125 0.033203125
0 0.4560546875 0.4013671875 0.033203125 0.033203125
0 0.37890625 0.404296875 0.033203125 0.033203125
0 0.3876953125 0.4375 0.033203125 0.033203125
0 0.392578125 0.45703125 0.033203125 0.033203125
0 0.6328125 0.57421875 0.033203125 0.033203125
0 0.69140625 0.6015625 0.033203125 0.033203125
0 0.041015625 0.619140625 0.033203125 0.033203125
0 0.0517578125 0.66015625 0.033203125 0.033203125
0 0.7353515625 0.7001953125 0.033203125 0.033203125
0 0.0673828125 0.708984375 0.033203125 0.033203125
0 0.24609375 0.7177734375 0.033203125 0.033203125
0 0.966796875 0.7216796875 0.033203125 0.033203125
0 0.3955078125 0.73046875 0.033203125 0.033203125
0 0.7333984375 0.73828125 0.033203125 0.033203125
0 0.43359375 0.740234375 0.033203125 0.033203125
0 0.5498046875 0.740234375 0.033203125 0.033203125
0 0.4033203125 0.7490234375 0.033203125 0.033203125
0 0.080078125 0.75 0.033203125 0.033203125
0 0.4404296875 0.7578125 0.033203125 0.033203125
0 0.55859375 0.7607421875 0.033203125 0.033203125
0 0.7265625 0.7685546875 0.033203125 0.033203125
0 0.451171875 0.7744140625 0.033203125 0.033203125
0 0.5634765625 0.7783203125 0.033203125 0.033203125
0 0.09375 0.78515625 0.033203125 0.033203125
0 0.4580078125 0.791015625 0.033203125 0.033203125
0 0.7021484375 0.806640625 0.033203125 0.033203125
0 0.5361328125 0.8076171875 0.033203125 0.033203125
0 0.4609375 0.810546875 0.033203125 0.033203125
0 0.423828125 0.8212890625 0.033203125 0.033203125
0 0.638671875 0.82421875 0.033203125 0.033203125
0 0.4619140625 0.8291015625 0.033203125 0.033203125
0 0.11328125 0.8564453125 0.033203125 0.033203125
0 0.6943359375 0.8564453125 0.033203125 0.033203125
0 0.662109375 0.865234375 0.033203125 0.033203125
0 0.3359375 0.8671875 0.033203125 0.033203125
0 0.3359375 0.8681640625 0.033203125 0.033203125
0 0.6259765625 0.875 0.033203125 0.033203125
0 0.7900390625 0.884765625 0.033203125 0.033203125
0 0.587890625 0.8876953125 0.033203125 0.033203125
0 0.7744140625 0.8896484375 0.033203125 0.033203125
0 0.759765625 0.896484375 0.033203125 0.033203125
0 0.5458984375 0.900390625 0.033203125 0.033203125
0 0.5048828125 0.9130859375 0.033203125 0.033203125
0 0.46484375 0.9248046875 0.033203125 0.033203125
0 0.79296875 0.92578125 0.033203125 0.033203125
0 0.796875 0.953125 0.033203125 0.033203125
0 0.80859375 0.966796875 0.033203125 0.033203125
0 0.7763671875 0.9765625 0.033203125 0.033203125
0 0.814453125 0.984375 0.033203125 0.03125
0 0.0849609375 0.98876953125 0.033203125 0.0224609375