0 0.7802734375 0.0078125 0.033203125 0.015625
0 0.716796875 0.015625 0.033203125 0.03125
0 0.7763671875 0.0224609375 0.033203125 0.033203125
0 0.1396484375 0.02734375 0.033203125 0.033203125
0 0.287109375 0.033203125 0.033203125 0.033203125
0 0.7236328125 0.0400390625 0.033203125 0.033203125
0 0.0810546875 0.0419921875 0.033203125 0.033203125
0 0.1572265625 0.0537109375 0.033203125 0.033203125
0 0.2099609375 0.05859375 0.033203125 0.033203125
0 0.041015625 0.087890625 0.033203125 0.033203125
0 0.033203125 0.1142578125 0.033203125 0.033203125
0 0.9365234375 0.1201171875 0.033203125 0.033203125
0 0.3447265625 0.1357421875 0.033203125 0.033203125
0 0.8896484375 0.1455078125 0.033203125 0.033203125
0 0.2158203125 0.1484375 0.033203125 0.033203125
0 0.3994140625 0.1533203125 0.033203125 0.033203125
0 0.2744140625 0.189453125 0.033203125 0.033203125
0 0.5322265625 0.193359375 0.033203125 0.033203125
0 0.2412109375 0.201171875 0.033203125 0.033203125
0 0.8115234375 0.205078125 0.033203125 0.033203125
0 0.5390625 0.2099609375 0.033203125 0.033203125
0 0.083984375 0.2158203125 0.033203125 0.033203125
0 0.9169921875 0.228515625 0.033203125 0.033203125
0 0.955078125 0.2470703125 0.033203125 0.033203125
0 0.6552734375 0.2509765625 0.033203125 0.033203125
0 0.98388671875 0.2890625 0.0322265625 0.033203125
0 0.55859375 0.296875 0.033203125 0.033203125
0 0.470703125 0.3203125 0.033203125 0.033203125
0 0.4794921875 0.3408203125 0.033203125 0.033203125
0 0.4921875 0.3837890625 0.033203125 0.033203125
0 0.96875 0.40234375 0.033203125 0.033203125
0 0.5048828125 0.4384765625 0.033203125 0.033203125
0 0.990234375 0.4921875 0.01953125 0.033203125
0 0.9130859375 0.5625 0.033203125 0.033203125
0 0.927734375 0.57421875 0.033203125 0.033203125
0 0.93359375 0.5927734375 0.033203125 0.033203125
0 0.8525390625 0.60546875 0.033203125 0.033203125
0 0.7734375 0.6669921875 0.033203125 0.033203125
0 0.865234375 0.7255859375 0.033203125 0.033203125
0 0.8720703125 0.751953125 0.033203125 0.033203125
0 0.7685546875 0.7685546875 0.033203125 0.033203125
0 0.8984375 0.8486328125 0.033203125 0.033203125
0 0.8095703125 0.9150390625 0.033203125 0.033203125
0 0.8193359375 0.9462890625 0.033203125 0.033203125
0 0.03515625 0.9521484375 0.033203125 0.033203125
0 0.3359375 0.9521484375 0.033203125 0.033203125
0 0.224609375 0.958984375 0.033203125 0.033203125
0 0.0478515625 0.98681640625 0.033203125 0.0263671875