0 0.4541015625 0.0263671875 0.033203125 0.033203125
0 0.55078125 0.0439453125 0.033203125 0.033203125
0 0.1875 0.056640625 0.033203125 0.033203125
0 0.1943359375 0.076171875 0.033203125 0.033203125
0 0.201171875 0.09375 0.033203125 0.033203125
0 0.205078125 0.11328125 0.033203125 0.033203125
0 0.560546875 0.138671875 0.033203125 0.033203125
0 0.5361328125 0.1455078125 0.033203125 0.033203125
0 0.4892578125 0.15625 0.033203125 0.033203125
0 0.19140625 0.333984375 0.033203125 0.033203125
0 0.19921875 0.3642578125 0.033203125 0.033203125
0 0.96484375 0.625 0.033203125 0.033203125
0 0.8876953125 0.65234375 0.033203125 0.033203125
0 0.8857421875 0.654296875 0.033203125 0.033203125
0 0.8408203125 0.6640625 0.033203125 0.033203125
0 0.7646484375 0.685546875 0.033203125 0.033203125
0 0.765625 0.685546875 0.033203125 0.033203125
0 0.7197265625 0.7001953125 0.033203125 0.033203125
0 0.671875 0.7138671875 0.033203125 0.033203125
0 0.796875 0.7216796875 0.033203125 0.033203125
0 0.5126953125 0.7705078125 0.033203125 0.033203125
0 0.4814453125 0.78125 0.033203125 0.033203125
0 0.408203125 0.8017578125 0.033203125 0.033203125
0 0.3740234375 0.8125 0.033203125 0.033203125
0 0.3271484375 0.8271484375 0.033203125 0.033203125
0 0.5107421875 0.8349609375 0.033203125 0.033203125
0 0.298828125 0.837890625 0.033203125 0.033203125
0 0.474609375 0.845703125 0.033203125 0.033203125
0 0.25390625 0.8525390625 0.033203125 0.033203125
0 0.435546875 0.859375 0.033203125 0.033203125
0 0.4365234375 0.859375 0.033203125 0.033203125
0 0.2197265625 0.8603515625 0.033203125 0.033203125
0 0.4033203125 0.8671875 0.033203125 0.033203125
0 0.4052734375 0.8681640625 0.033203125 0.033203125
0 0.2509765625 0.9130859375 0.033203125 0.033203125
0 0.01220703125 0.9208984375 0.0244140625 0.033203125
0 0.3046875 0.9638671875 0.033203125 0.033203125
0 0.3115234375 0.9814453125 0.033203125 0.033203125