0 0.615234375 0.009765625 0.033203125 0.01953125
0 0.5107421875 0.07421875 0.033203125 0.033203125
0 0.4580078125 0.0888671875 0.033203125 0.033203125
0 0.419921875 0.1015625 0.033203125 0.033203125
0 0.578125 0.134765625 0.033203125 0.033203125
0 0.4619140625 0.1669921875 0.033203125 0.033203125
0 0.48046875 0.1669921875 0.033203125 0.033203125
0 0.2177734375 0.16796875 0.033203125 0.033203125
0 0.42578125 0.1865234375 0.033203125 0.033203125
0 0.01025390625 0.193359375 0.0205078125 0.033203125
0 0.599609375 0.20703125 0.033203125 0.033203125
0 0.2880859375 0.2236328125 0.033203125 0.033203125
0 0.607421875 0.240234375 0.033203125 0.033203125
0 0.625 0.2998046875 0.033203125 0.033203125
0 0.74609375 0.33984375 0.033203125 0.033203125
0 0.6474609375 0.369140625 0.033203125 0.033203125
0 0.3095703125 0.373046875 0.033203125 0.033203125
0 0.6552734375 0.4091796875 0.033203125 0.033203125
0 0.7880859375 0.4091796875 0.033203125 0.033203125
0 0.349609375 0.447265625 0.033203125 0.033203125
0 0.75 0.470703125 0.033203125 0.033203125
0 0.23828125 0.48046875 0.033203125 0.033203125
0 0.1669921875 0.5068359375 0.033203125 0.033203125
0 0.6875 0.509765625 0.033203125 0.033203125
0 0.7744140625 0.5361328125 0.033203125 0.033203125
0 0.6962890625 0.5458984375 0.033203125 0.033203125
0 0.232421875 0.5498046875 0.033203125 0.033203125
0 0.70703125 0.58203125 0.033203125 0.033203125
0 0.7900390625 0.609375 0.033203125 0.033203125
0 0.71875 0.6171875 0.033203125 0.033203125
0 0.7294921875 0.65234375 0.033203125 0.033203125
0 0.806640625 0.66015625 0.033203125 0.033203125
0 0.736328125 0.6845703125 0.033203125 0.033203125
0 0.2431640625 0.6875 0.033203125 0.033203125
0 0.8154296875 0.69921875 0.033203125 0.033203125
0 0.2763671875 0.703125 0.033203125 0.033203125
0 0.287109375 0.744140625 0.033203125 0.033203125
0 0.3017578125 0.84375 0.033203125 0.033203125
0 0.6201171875 0.921875 0.033203125 0.033203125
0 0.5361328125 0.9521484375 0.033203125 0.033203125