0 0.98974609375 0.015625 0.0205078125 0.03125
0 0.484375 0.021484375 0.033203125 0.033203125
0 0.4619140625 0.0283203125 0.033203125 0.033203125
0 0.4443359375 0.0361328125 0.033203125 0.033203125
0 0.05078125 0.05859375 0.033203125 0.033203125
0 0.6796875 0.0849609375 0.033203125 0.033203125
0 0.2236328125 0.0986328125 0.033203125 0.033203125
0 0.103515625 0.11328125 0.033203125 0.033203125
0 0.5888671875 0.138671875 0.033203125 0.033203125
0 0.5341796875 0.1552734375 0.033203125 0.033203125
0 0.4912109375 0.171875 0.033203125 0.033203125
0 0.1376953125 0.1884765625 0.033203125 0.033203125
0 0.0869140625 0.2080078125 0.033203125 0.033203125
0 0.96875 0.2314453125 0.033203125 0.033203125
0 0.9560546875 0.2666015625 0.033203125 0.033203125
0 0.0224609375 0.5908203125 0.033203125 0.033203125
0 0.0625 0.72265625 0.033203125 0.033203125
0 0.017578125 0.755859375 0.033203125 0.033203125
0 0.046875 0.7666015625 0.033203125 0.033203125
0 0.0322265625 0.80078125 0.033203125 0.033203125
0 0.0576171875 0.880859375 0.033203125 0.033203125
0 0.1123046875 0.896484375 0.033203125 0.033203125
0 0.9443359375 0.9140625 0.033203125 0.033203125
0 0.068359375 0.9150390625 0.033203125 0.033203125
0 0.9267578125 0.9248046875 0.033203125 0.033203125
0 0.0791015625 0.947265625 0.033203125 0.033203125
0 0.091796875 0.9814453125 0.033203125 0.033203125
0 0.1201171875 0.98486328125 0.033203125 0.0302734375
0 0.935546875 0.98828125 0.033203125 0.0234375