0 0.556640625 0.021484375 0.033203125 0.033203125
0 0.3876953125 0.2001953125 0.033203125 0.033203125
0 0.150390625 0.236328125 0.033203125 0.033203125
0 0.0400390625 0.2724609375 0.033203125 0.033203125
0 0.6162109375 0.3037109375 0.033203125 0.033203125
0 0.5322265625 0.3291015625 0.033203125 0.033203125
0 0.5791015625 0.345703125 0.033203125 0.033203125
0 0.4755859375 0.3486328125 0.033203125 0.033203125
0 0.4091796875 0.3671875 0.033203125 0.033203125
0 0.56640625 0.3701171875 0.033203125 0.033203125
0 0.6162109375 0.3828125 0.033203125 0.033203125
0 0.33203125 0.478515625 0.033203125 0.033203125
0 0.2529296875 0.50390625 0.033203125 0.033203125
0 0.21875 0.51171875 0.033203125 0.033203125
0 0.7451171875 0.6171875 0.033203125 0.033203125
0 0.98583984375 0.66796875 0.0283203125 0.033203125
0 0.9609375 0.6767578125 0.033203125 0.033203125
0 0.7744140625 0.701171875 0.033203125 0.033203125
0 0.806640625 0.8046875 0.033203125 0.033203125
0 0.99072265625 0.8193359375 0.0185546875 0.033203125
0 0.9814453125 0.822265625 0.033203125 0.033203125
0 0.9619140625 0.826171875 0.033203125 0.033203125
0 0.92578125 0.8408203125 0.033203125 0.033203125
0 0.947265625 0.8427734375 0.033203125 0.033203125
0 0.9111328125 0.8525390625 0.033203125 0.033203125
0 0.9755859375 0.943359375 0.033203125 0.033203125
0 0.857421875 0.9619140625 0.033203125 0.033203125