0 0.4931640625 0.0146484375 0.033203125 0.029296875
0 0.15625 0.01611328125 0.033203125 0.0322265625
0 0.3291015625 0.01611328125 0.033203125 0.0322265625
0 0.126953125 0.0234375 0.033203125 0.033203125
0 0.4267578125 0.033203125 0.033203125 0.033203125
0 0.390625 0.0419921875 0.033203125 0.033203125
0 0.509765625 0.0458984375 0.033203125 0.033203125
0 0.2392578125 0.0517578125 0.033203125 0.033203125
0 0.0576171875 0.142578125 0.033203125 0.033203125
0 0.0576171875 0.1435546875 0.033203125 0.033203125
0 0.0224609375 0.15625 0.033203125 0.033203125
0 0.98876953125 0.208984375 0.0224609375 0.033203125
0 0.802734375 0.220703125 0.033203125 0.033203125
0 0.8251953125 0.2236328125 0.033203125 0.033203125
0 0.9755859375 0.2275390625 0.033203125 0.033203125
0 0.947265625 0.2333984375 0.033203125 0.033203125
0 0.2685546875 0.2412109375 0.033203125 0.033203125
0 0.9072265625 0.2421875 0.033203125 0.033203125
0 0.9208984375 0.2421875 0.033203125 0.033203125
0 0.7939453125 0.248046875 0.033203125 0.033203125
0 0.634765625 0.2548828125 0.033203125 0.033203125
0 0.65625 0.2548828125 0.033203125 0.033203125
0 0.841796875 0.2548828125 0.033203125 0.033203125
0 0.814453125 0.2626953125 0.033203125 0.033203125
0 0.76171875 0.26953125 0.033203125 0.033203125
0 0.7802734375 0.271484375 0.033203125 0.033203125
0 0.279296875 0.2763671875 0.033203125 0.033203125
0 0.732421875 0.2783203125 0.033203125 0.033203125
0 0.24609375 0.3076171875 0.033203125 0.033203125
0 0.2939453125 0.3193359375 0.033203125 0.033203125
0 0.595703125 0.3232421875 0.033203125 0.033203125
0 0.7919921875 0.3486328125 0.033203125 0.033203125
0 0.7685546875 0.3583984375 0.033203125 0.033203125
0 0.306640625 0.3603515625 0.033203125 0.033203125
0 0.3212890625 0.40625 0.033203125 0.033203125
0 0.486328125 0.4345703125 0.033203125 0.033203125
0 0.2958984375 0.4423828125 0.033203125 0.033203125
0 0.34375 0.4873046875 0.033203125 0.033203125
0 0.357421875 0.5205078125 0.033203125 0.033203125
0 0.091796875 0.5322265625 0.033203125 0.033203125
0 0.7158203125 0.541015625 0.033203125 0.033203125
0 0.3681640625 0.5625 0.033203125 0.033203125
0 0.01513671875 0.5810546875 0.0302734375 0.033203125
0 0.1259765625 0.583984375 0.033203125 0.033203125
0 0.1083984375 0.595703125 0.033203125 0.033203125
0 0.0712890625 0.5966796875 0.033203125 0.033203125
0 0.376953125 0.6025390625 0.033203125 0.033203125
0 0.0498046875 0.6064453125 0.033203125 0.033203125
0 0.39453125 0.6416015625 0.033203125 0.033203125
0 0.03515625 0.6474609375 0.033203125 0.033203125
0 0.3193359375 0.6630859375 0.033203125 0.033203125
0 0.0439453125 0.669921875 0.033203125 0.033203125
0 0.7509765625 0.669921875 0.033203125 0.033203125
0 0.71484375 0.6826171875 0.033203125 0.033203125
0 0.3603515625 0.6865234375 0.033203125 0.033203125
0 0.412109375 0.697265625 0.033203125 0.033203125
0 0.4228515625 0.7353515625 0.033203125 0.033203125
0 0.43359375 0.779296875 0.033203125 0.033203125
0 0.4345703125 0.779296875 0.033203125 0.033203125
0 0.443359375 0.8154296875 0.033203125 0.033203125
0 0.4609375 0.85546875 0.033203125 0.033203125
0 0.93359375 0.857421875 0.033203125 0.033203125
0 0.73046875 0.8798828125 0.033203125 0.033203125
0 0.47265625 0.896484375 0.033203125 0.033203125
0 0.8271484375 0.916015625 0.033203125 0.033203125
0 0.060546875 0.921875 0.033203125 0.033203125
0 0.486328125 0.9423828125 0.033203125 0.033203125
0 0.486328125 0.943359375 0.033203125 0.033203125
0 0.728515625 0.966796875 0.033203125 0.033203125
0 0.498046875 0.97265625 0.033203125 0.033203125