0 0.458984375 0.0263671875 0.033203125 0.033203125
0 0.4599609375 0.0595703125 0.033203125 0.033203125
0 0.4248046875 0.1845703125 0.033203125 0.033203125
0 0.404296875 0.203125 0.033203125 0.033203125
0 0.408203125 0.2548828125 0.033203125 0.033203125
0 0.3955078125 0.2822265625 0.033203125 0.033203125
0 0.5234375 0.28515625 0.033203125 0.033203125
0 0.392578125 0.2958984375 0.033203125 0.033203125
0 0.4208984375 0.2978515625 0.033203125 0.033203125
0 0.4111328125 0.3173828125 0.033203125 0.033203125
0 0.3818359375 0.32421875 0.033203125 0.033203125
0 0.3955078125 0.32421875 0.033203125 0.033203125
0 0.3876953125 0.3525390625 0.033203125 0.033203125
0 0.4111328125 0.353515625 0.033203125 0.033203125
0 0.3740234375 0.357421875 0.033203125 0.033203125
0 0.966796875 0.4873046875 0.033203125 0.033203125
0 0.794921875 0.6240234375 0.033203125 0.033203125