0 0.7158203125 0.1015625 0.033203125 0.033203125
0 0.796875 0.4814453125 0.033203125 0.033203125
0 0.79296875 0.5703125 0.033203125 0.033203125
0 0.8017578125 0.603515625 0.033203125 0.033203125
0 0.794921875 0.6259765625 0.033203125 0.033203125
0 0.7998046875 0.6435546875 0.033203125 0.033203125
0 0.80078125 0.6630859375 0.033203125 0.033203125
0 0.798828125 0.6875 0.033203125 0.033203125
0 0.708984375 0.732421875 0.033203125 0.033203125
0 0.732421875 0.732421875 0.033203125 0.033203125
0 0.4326171875 0.935546875 0.033203125 0.033203125
0 0.4287109375 0.9599609375 0.033203125 0.033203125
0 0.431640625 0.982421875 0.033203125 0.033203125