0 0.9208984375 0.01513671875 0.033203125 0.0302734375
0 0.9267578125 0.041015625 0.033203125 0.033203125
0 0.8515625 0.04296875 0.033203125 0.033203125
0 0.6982421875 0.0576171875 0.033203125 0.033203125
0 0.130859375 0.0625 0.033203125 0.033203125
0 0.9228515625 0.0654296875 0.033203125 0.033203125
0 0.0302734375 0.10546875 0.033203125 0.033203125
0 0.92578125 0.115234375 0.033203125 0.033203125
0 0.7890625 0.126953125 0.033203125 0.033203125
0 0.857421875 0.126953125 0.033203125 0.033203125
0 0.9189453125 0.142578125 0.033203125 0.033203125
0 0.91796875 0.1708984375 0.033203125 0.033203125
0 0.853515625 0.171875 0.033203125 0.033203125
0 0.9189453125 0.1962890625 0.033203125 0.033203125
0 0.8515625 0.2060546875 0.033203125 0.033203125
0 0.0849609375 0.20703125 0.033203125 0.033203125
0 0.5439453125 0.2138671875 0.033203125 0.033203125
0 0.52734375 0.2177734375 0.033203125 0.033203125
0 0.9228515625 0.220703125 0.033203125 0.033203125
0 0.853515625 0.2431640625 0.033203125 0.033203125
0 0.0302734375 0.255859375 0.033203125 0.033203125
0 0.9208984375 0.3046875 0.033203125 0.033203125
0 0.4345703125 0.361328125 0.033203125 0.033203125
0 0.796875 0.3642578125 0.033203125 0.033203125
0 0.5126953125 0.3896484375 0.033203125 0.033203125
0 0.669921875 0.3916015625 0.033203125 0.033203125
0 0.1923828125 0.41796875 0.033203125 0.033203125
0 0.140625 0.4208984375 0.033203125 0.033203125
0 0.39453125 0.5595703125 0.033203125 0.033203125
0 0.7822265625 0.5703125 0.033203125 0.033203125
0 0.0244140625 0.5888671875 0.033203125 0.033203125
0 0.431640625 0.59375 0.033203125 0.033203125
0 0.8486328125 0.623046875 0.033203125 0.033203125
0 0.4306640625 0.625 0.033203125 0.033203125
0 0.4296875 0.6435546875 0.033203125 0.033203125
0 0.4365234375 0.66015625 0.033203125 0.033203125
0 0.849609375 0.662109375 0.033203125 0.033203125
0 0.5234375 0.6748046875 0.033203125 0.033203125
0 0.6171875 0.689453125 0.033203125 0.033203125
0 0.4345703125 0.6923828125 0.033203125 0.033203125
0 0.4384765625 0.8037109375 0.033203125 0.033203125
0 0.84765625 0.87890625 0.033203125 0.033203125
0 0.2998046875 0.912109375 0.033203125 0.033203125
0 0.5244140625 0.9443359375 0.033203125 0.033203125