0 0.6806640625 0.009765625 0.033203125 0.01953125
0 0.6806640625 0.021484375 0.033203125 0.033203125
0 0.76171875 0.0478515625 0.033203125 0.033203125
0 0.5146484375 0.1044921875 0.033203125 0.033203125
0 0.68359375 0.1064453125 0.033203125 0.033203125
0 0.080078125 0.1103515625 0.033203125 0.033203125
0 0.01513671875 0.111328125 0.0302734375 0.033203125
0 0.0283203125 0.111328125 0.033203125 0.033203125
0 0.0478515625 0.111328125 0.033203125 0.033203125
0 0.71875 0.11328125 0.033203125 0.033203125
0 0.10546875 0.2392578125 0.033203125 0.033203125
0 0.578125 0.251953125 0.033203125 0.033203125
0 0.6240234375 0.251953125 0.033203125 0.033203125
0 0.6689453125 0.251953125 0.033203125 0.033203125
0 0.6865234375 0.251953125 0.033203125 0.033203125
0 0.6005859375 0.255859375 0.033203125 0.033203125
0 0.7626953125 0.296875 0.033203125 0.033203125
0 0.6669921875 0.3115234375 0.033203125 0.033203125
0 0.26171875 0.3271484375 0.033203125 0.033203125
0 0.2529296875 0.3916015625 0.033203125 0.033203125
0 0.478515625 0.44140625 0.033203125 0.033203125
0 0.478515625 0.443359375 0.033203125 0.033203125
0 0.6611328125 0.5419921875 0.033203125 0.033203125
0 0.697265625 0.54296875 0.033203125 0.033203125
0 0.6787109375 0.544921875 0.033203125 0.033203125
0 0.7802734375 0.55859375 0.033203125 0.033203125
0 0.7607421875 0.5595703125 0.033203125 0.033203125
0 0.669921875 0.6396484375 0.033203125 0.033203125
0 0.7421875 0.646484375 0.033203125 0.033203125
0 0.7216796875 0.6474609375 0.033203125 0.033203125
0 0.373046875 0.65625 0.033203125 0.033203125
0 0.474609375 0.677734375 0.033203125 0.033203125
0 0.759765625 0.6982421875 0.033203125 0.033203125
0 0.85546875 0.703125 0.033203125 0.033203125
0 0.763671875 0.7177734375 0.033203125 0.033203125
0 0.857421875 0.71875 0.033203125 0.033203125
0 0.4765625 0.7255859375 0.033203125 0.033203125
0 0.857421875 0.7373046875 0.033203125 0.033203125
0 0.857421875 0.7548828125 0.033203125 0.033203125
0 0.8515625 0.7724609375 0.033203125 0.033203125
0 0.986328125 0.841796875 0.02734375 0.033203125
0 0.4755859375 0.8447265625 0.033203125 0.033203125
0 0.0859375 0.9296875 0.033203125 0.033203125
0 0.01220703125 0.9326171875 0.0244140625 0.033203125
0 0.1240234375 0.935546875 0.033203125 0.033203125
0 0.1923828125 0.9375 0.033203125 0.033203125
0 0.240234375 0.9384765625 0.033203125 0.033203125
0 0.384765625 0.98681640625 0.033203125 0.0263671875
0 0.98779296875 0.990234375 0.0244140625 0.01953125