0 0.560546875 0.009765625 0.033203125 0.01953125
0 0.6318359375 0.0166015625 0.033203125 0.033203125
0 0.4814453125 0.017578125 0.033203125 0.033203125
0 0.4443359375 0.0234375 0.033203125 0.033203125
0 0.5654296875 0.02734375 0.033203125 0.033203125
0 0.5810546875 0.0283203125 0.033203125 0.033203125
0 0.5947265625 0.029296875 0.033203125 0.033203125
0 0.423828125 0.0302734375 0.033203125 0.033203125
0 0.548828125 0.0302734375 0.033203125 0.033203125
0 0.4072265625 0.03125 0.033203125 0.033203125
0 0.6943359375 0.03515625 0.033203125 0.033203125
0 0.6650390625 0.037109375 0.033203125 0.033203125
0 0.623046875 0.0390625 0.033203125 0.033203125
0 0.7255859375 0.0478515625 0.033203125 0.033203125
0 0.6962890625 0.05078125 0.033203125 0.033203125
0 0.626953125 0.0556640625 0.033203125 0.033203125
0 0.7607421875 0.0595703125 0.033203125 0.033203125
0 0.583984375 0.0625 0.033203125 0.033203125
0 0.5986328125 0.0625 0.033203125 0.033203125
0 0.697265625 0.0625 0.033203125 0.033203125
0 0.7314453125 0.0625 0.033203125 0.033203125
0 0.5498046875 0.064453125 0.033203125 0.033203125
0 0.564453125 0.064453125 0.033203125 0.033203125
0 0.6630859375 0.0673828125 0.033203125 0.033203125
0 0.626953125 0.0693359375 0.033203125 0.033203125
0 0.7939453125 0.0712890625 0.033203125 0.033203125
0 0.4150390625 0.072265625 0.033203125 0.033203125
0 0.7314453125 0.0771484375 0.033203125 0.033203125
0 0.7705078125 0.0771484375 0.033203125 0.033203125
0 0.7001953125 0.080078125 0.033203125 0.033203125
0 0.6650390625 0.0830078125 0.033203125 0.033203125
0 0.626953125 0.0859375 0.033203125 0.033203125
0 0.7666015625 0.0908203125 0.033203125 0.033203125
0 0.7353515625 0.0927734375 0.033203125 0.033203125
0 0.7021484375 0.09375 0.033203125 0.033203125
0 0.583984375 0.095703125 0.033203125 0.033203125
0 0.6005859375 0.095703125 0.033203125 0.033203125
0 0.56640625 0.09765625 0.033203125 0.033203125
0 0.6650390625 0.09765625 0.033203125 0.033203125
0 0.6279296875 0.099609375 0.033203125 0.033203125
0 0.55078125 0.1005859375 0.033203125 0.033203125
0 0.76953125 0.10546875 0.033203125 0.033203125
0 0.4931640625 0.1083984375 0.033203125 0.033203125
0 0.45703125 0.109375 0.033203125 0.033203125
0 0.4765625 0.109375 0.033203125 0.033203125
0 0.701171875 0.109375 0.033203125 0.033203125
0 0.734375 0.109375 0.033203125 0.033203125
0 0.423828125 0.1123046875 0.033203125 0.033203125
0 0.443359375 0.1162109375 0.033203125 0.033203125
0 0.666015625 0.1171875 0.033203125 0.033203125
0 0.6298828125 0.1181640625 0.033203125 0.033203125
0 0.7705078125 0.119140625 0.033203125 0.033203125
0 0.9267578125 0.1201171875 0.033203125 0.033203125
0 0.7333984375 0.123046875 0.033203125 0.033203125
0 0.7001953125 0.1259765625 0.033203125 0.033203125
0 0.9111328125 0.1259765625 0.033203125 0.033203125
0 0.6015625 0.126953125 0.033203125 0.033203125
0 0.583984375 0.12890625 0.033203125 0.033203125
0 0.5693359375 0.1298828125 0.033203125 0.033203125
0 0.6669921875 0.1298828125 0.033203125 0.033203125
0 0.66796875 0.1298828125 0.033203125 0.033203125
0 0.6298828125 0.1318359375 0.033203125 0.033203125
0 0.8916015625 0.1328125 0.033203125 0.033203125
0 0.5 0.138671875 0.033203125 0.033203125
0 0.4833984375 0.146484375 0.033203125 0.033203125
0 0.4658203125 0.1494140625 0.033203125 0.033203125
0 0.4482421875 0.15234375 0.033203125 0.033203125
0 0.916015625 0.158203125 0.033203125 0.033203125
0 0.533203125 0.1611328125 0.033203125 0.033203125
0 0.529296875 0.1787109375 0.033203125 0.033203125
0 0.7392578125 0.1826171875 0.033203125 0.033203125
0 0.9375 0.185546875 0.033203125 0.033203125
0 0.5068359375 0.1875 0.033203125 0.033203125
0 0.615234375 0.1875 0.033203125 0.033203125
0 0.9228515625 0.189453125 0.033203125 0.033203125
0 0.5712890625 0.19140625 0.033203125 0.033203125
0 0.908203125 0.1923828125 0.033203125 0.033203125
0 0.744140625 0.1953125 0.033203125 0.033203125
0 0.6494140625 0.1982421875 0.033203125 0.033203125
0 0.61328125 0.2041015625 0.033203125 0.033203125
0 0.78125 0.2080078125 0.033203125 0.033203125
0 0.814453125 0.2080078125 0.033203125 0.033203125
0 0.568359375 0.208984375 0.033203125 0.033203125
0 0.9423828125 0.2197265625 0.033203125 0.033203125
0 0.638671875 0.22265625 0.033203125 0.033203125
0 0.9287109375 0.22265625 0.033203125 0.033203125
0 0.68359375 0.224609375 0.033203125 0.033203125
0 0.9150390625 0.2255859375 0.033203125 0.033203125
0 0.5615234375 0.2373046875 0.033203125 0.033203125
0 0.9501953125 0.2509765625 0.033203125 0.033203125
0 0.9208984375 0.2568359375 0.033203125 0.033203125
0 0.9365234375 0.2568359375 0.033203125 0.033203125
0 0.953125 0.283203125 0.033203125 0.033203125
0 0.9365234375 0.29296875 0.033203125 0.033203125
0 0.9609375 0.31640625 0.033203125 0.033203125
0 0.96484375 0.345703125 0.033203125 0.033203125
0 0.953125 0.3505859375 0.033203125 0.033203125
0 0.939453125 0.3515625 0.033203125 0.033203125
0 0.888671875 0.353515625 0.033203125 0.033203125
0 0.873046875 0.35546875 0.033203125 0.033203125
0 0.8564453125 0.3583984375 0.033203125 0.033203125
0 0.970703125 0.3798828125 0.033203125 0.033203125
0 0.9560546875 0.3818359375 0.033203125 0.033203125
0 0.9384765625 0.3857421875 0.033203125 0.033203125
0 0.876953125 0.3896484375 0.033203125 0.033203125
0 0.86328125 0.39453125 0.033203125 0.033203125
0 0.958984375 0.408203125 0.033203125 0.033203125
0 0.9755859375 0.4130859375 0.033203125 0.033203125
0 0.896484375 0.419921875 0.033203125 0.033203125
0 0.8818359375 0.42578125 0.033203125 0.033203125
0 0.8671875 0.4296875 0.033203125 0.033203125
0 0.98486328125 0.439453125 0.0302734375 0.033203125
0 0.97265625 0.4453125 0.033203125 0.033203125
0 0.8935546875 0.453125 0.033203125 0.033203125
0 0.9072265625 0.4560546875 0.033203125 0.033203125
0 0.8798828125 0.4599609375 0.033203125 0.033203125
0 0.9833984375 0.4765625 0.033203125 0.033203125
0 0.970703125 0.4794921875 0.033203125 0.033203125
0 0.912109375 0.4873046875 0.033203125 0.033203125
0 0.8984375 0.4921875 0.033203125 0.033203125
0 0.8837890625 0.49609375 0.033203125 0.033203125
0 0.912109375 0.5322265625 0.033203125 0.033203125
0 0.912109375 0.5712890625 0.033203125 0.033203125
0 0.98583984375 0.5869140625 0.0283203125 0.033203125
0 0.9169921875 0.599609375 0.033203125 0.033203125
0 0.9267578125 0.6279296875 0.033203125 0.033203125