0 0.765625 0.0546875 0.033203125 0.033203125
0 0.654296875 0.0751953125 0.033203125 0.033203125
0 0.6943359375 0.076171875 0.033203125 0.033203125
0 0.8095703125 0.1552734375 0.033203125 0.033203125
0 0.8076171875 0.1748046875 0.033203125 0.033203125
0 0.8095703125 0.1943359375 0.033203125 0.033203125
0 0.8046875 0.2158203125 0.033203125 0.033203125
0 0.0771484375 0.21875 0.033203125 0.033203125
0 0.046875 0.2197265625 0.033203125 0.033203125
0 0.1103515625 0.2265625 0.033203125 0.033203125
0 0.80859375 0.236328125 0.033203125 0.033203125
0 0.75 0.240234375 0.033203125 0.033203125
0 0.7509765625 0.2890625 0.033203125 0.033203125
0 0.8115234375 0.349609375 0.033203125 0.033203125
0 0.8115234375 0.3994140625 0.033203125 0.033203125
0 0.48046875 0.4130859375 0.033203125 0.033203125
0 0.5322265625 0.4130859375 0.033203125 0.033203125
0 0.607421875 0.416015625 0.033203125 0.033203125
0 0.66015625 0.4169921875 0.033203125 0.033203125