0 0.765625 0.0087890625 0.033203125 0.017578125
0 0.8759765625 0.021484375 0.033203125 0.033203125
0 0.1435546875 0.0224609375 0.033203125 0.033203125
0 0.125 0.0234375 0.033203125 0.033203125
0 0.29296875 0.025390625 0.033203125 0.033203125
0 0.5673828125 0.0615234375 0.033203125 0.033203125
0 0.236328125 0.0810546875 0.033203125 0.033203125
0 0.7265625 0.0908203125 0.033203125 0.033203125
0 0.1787109375 0.1015625 0.033203125 0.033203125
0 0.0400390625 0.1025390625 0.033203125 0.033203125
0 0.125 0.1025390625 0.033203125 0.033203125
0 0.107421875 0.1044921875 0.033203125 0.033203125
0 0.1416015625 0.1044921875 0.033203125 0.033203125
0 0.2568359375 0.1044921875 0.033203125 0.033203125
0 0.1591796875 0.10546875 0.033203125 0.033203125
0 0.1796875 0.1337890625 0.033203125 0.033203125
0 0.1064453125 0.1376953125 0.033203125 0.033203125
0 0.140625 0.1376953125 0.033203125 0.033203125
0 0.1591796875 0.1376953125 0.033203125 0.033203125
0 0.125 0.138671875 0.033203125 0.033203125
0 0.2353515625 0.138671875 0.033203125 0.033203125
0 0.2734375 0.1396484375 0.033203125 0.033203125
0 0.498046875 0.19140625 0.033203125 0.033203125
0 0.3720703125 0.48828125 0.033203125 0.033203125
0 0.3759765625 0.5458984375 0.033203125 0.033203125
0 0.0791015625 0.6162109375 0.033203125 0.033203125
0 0.6865234375 0.6181640625 0.033203125 0.033203125
0 0.7080078125 0.6181640625 0.033203125 0.033203125
0 0.7587890625 0.6181640625 0.033203125 0.033203125
0 0.640625 0.6201171875 0.033203125 0.033203125
0 0.6650390625 0.6201171875 0.033203125 0.033203125
0 0.7353515625 0.6201171875 0.033203125 0.033203125
0 0.7890625 0.6201171875 0.033203125 0.033203125
0 0.8115234375 0.6201171875 0.033203125 0.033203125
0 0.833984375 0.6201171875 0.033203125 0.033203125
0 0.9267578125 0.62109375 0.033203125 0.033203125
0 0.9052734375 0.623046875 0.033203125 0.033203125
0 0.9765625 0.623046875 0.033203125 0.033203125
0 0.9521484375 0.625 0.033203125 0.033203125
0 0.453125 0.6435546875 0.033203125 0.033203125
0 0.576171875 0.654296875 0.033203125 0.033203125
0 0.7236328125 0.65625 0.033203125 0.033203125
0 0.6240234375 0.6572265625 0.033203125 0.033203125
0 0.6669921875 0.658203125 0.033203125 0.033203125
0 0.7802734375 0.6591796875 0.033203125 0.033203125
0 0.83203125 0.6591796875 0.033203125 0.033203125
0 0.5693359375 0.6787109375 0.033203125 0.033203125
0 0.9775390625 0.7041015625 0.033203125 0.033203125
0 0.2041015625 0.7333984375 0.033203125 0.033203125
0 0.25390625 0.736328125 0.033203125 0.033203125
0 0.05859375 0.763671875 0.033203125 0.033203125
0 0.1611328125 0.7666015625 0.033203125 0.033203125
0 0.037109375 0.76953125 0.033203125 0.033203125
0 0.1171875 0.771484375 0.033203125 0.033203125
0 0.7509765625 0.7734375 0.033203125 0.033203125
0 0.68359375 0.7763671875 0.033203125 0.033203125
0 0.7041015625 0.77734375 0.033203125 0.033203125
0 0.98486328125 0.77734375 0.0302734375 0.033203125
0 0.6337890625 0.7783203125 0.033203125 0.033203125
0 0.6611328125 0.7783203125 0.033203125 0.033203125
0 0.728515625 0.7783203125 0.033203125 0.033203125
0 0.48828125 0.7822265625 0.033203125 0.033203125
0 0.3134765625 0.869140625 0.033203125 0.033203125
0 0.421875 0.8916015625 0.033203125 0.033203125
0 0.3134765625 0.921875 0.033203125 0.033203125
0 0.4697265625 0.923828125 0.033203125 0.033203125
0 0.9521484375 0.927734375 0.033203125 0.033203125
0 0.314453125 0.95703125 0.033203125 0.033203125
0 0.94921875 0.9638671875 0.033203125 0.033203125