0 0.021484375 0.015625 0.033203125 0.03125
0 0.07421875 0.0361328125 0.033203125 0.033203125
0 0.1240234375 0.244140625 0.033203125 0.033203125
0 0.142578125 0.25390625 0.033203125 0.033203125
0 0.1025390625 0.3349609375 0.033203125 0.033203125
0 0.66015625 0.4296875 0.033203125 0.033203125
0 0.05859375 0.4501953125 0.033203125 0.033203125
0 0.0615234375 0.478515625 0.033203125 0.033203125
0 0.0478515625 0.5048828125 0.033203125 0.033203125
0 0.2265625 0.62890625 0.033203125 0.033203125
0 0.423828125 0.685546875 0.033203125 0.033203125
0 0.4091796875 0.705078125 0.033203125 0.033203125
0 0.451171875 0.70703125 0.033203125 0.033203125
0 0.232421875 0.8271484375 0.033203125 0.033203125
0 0.421875 0.8505859375 0.033203125 0.033203125
0 0.294921875 0.9326171875 0.033203125 0.033203125
0 0.974609375 0.98583984375 0.033203125 0.0283203125