0 0.98681640625 0.158203125 0.0263671875 0.033203125
0 0.9853515625 0.1923828125 0.029296875 0.033203125
0 0.9013671875 0.2333984375 0.033203125 0.033203125
0 0.904296875 0.3330078125 0.033203125 0.033203125
0 0.9755859375 0.3359375 0.033203125 0.033203125
0 0.95703125 0.3369140625 0.033203125 0.033203125
0 0.9892578125 0.3388671875 0.021484375 0.033203125
0 0.98388671875 0.49609375 0.0322265625 0.033203125
0 0.9111328125 0.4970703125 0.033203125 0.033203125
0 0.939453125 0.5 0.033203125 0.033203125
0 0.9638671875 0.5 0.033203125 0.033203125
0 0.060546875 0.55078125 0.033203125 0.033203125
0 0.0087890625 0.5615234375 0.017578125 0.033203125
0 0.01025390625 0.5859375 0.0205078125 0.033203125
0 0.0205078125 0.6015625 0.033203125 0.033203125
0 0.04296875 0.6318359375 0.033203125 0.033203125
0 0.0244140625 0.634765625 0.033203125 0.033203125
0 0.01220703125 0.63671875 0.0244140625 0.033203125
0 0.013671875 0.6640625 0.02734375 0.033203125
0 0.0302734375 0.66796875 0.033203125 0.033203125
0 0.0693359375 0.6845703125 0.033203125 0.033203125
0 0.0693359375 0.7041015625 0.033203125 0.033203125
0 0.025390625 0.7080078125 0.033203125 0.033203125
0 0.0126953125 0.7099609375 0.025390625 0.033203125
0 0.0712890625 0.7265625 0.033203125 0.033203125
0 0.009765625 0.7470703125 0.01953125 0.033203125
0 0.0185546875 0.7470703125 0.033203125 0.033203125
0 0.0732421875 0.765625 0.033203125 0.033203125
0 0.00927734375 0.7802734375 0.0185546875 0.033203125
0 0.041015625 0.78125 0.033203125 0.033203125
0 0.0693359375 0.7890625 0.033203125 0.033203125
0 0.0693359375 0.8076171875 0.033203125 0.033203125
0 0.0400390625 0.8125 0.033203125 0.033203125
0 0.0126953125 0.81640625 0.025390625 0.033203125
0 0.072265625 0.841796875 0.033203125 0.033203125
0 0.0498046875 0.84375 0.033203125 0.033203125
0 0.025390625 0.8466796875 0.033203125 0.033203125
0 0.0126953125 0.8486328125 0.025390625 0.033203125
0 0.01318359375 0.8876953125 0.0263671875 0.033203125
0 0.02734375 0.9521484375 0.033203125 0.033203125
0 0.013671875 0.953125 0.02734375 0.033203125
0 0.046875 0.98046875 0.033203125 0.033203125
0 0.013671875 0.98583984375 0.02734375 0.0283203125