0 0.25 0.0126953125 0.033203125 0.025390625
0 0.1787109375 0.013671875 0.033203125 0.02734375
0 0.7529296875 0.0244140625 0.033203125 0.033203125
0 0.1787109375 0.0283203125 0.033203125 0.033203125
0 0.3349609375 0.0703125 0.033203125 0.033203125
0 0.1513671875 0.0732421875 0.033203125 0.033203125
0 0.5771484375 0.16015625 0.033203125 0.033203125
0 0.2470703125 0.17578125 0.033203125 0.033203125
0 0.3681640625 0.1767578125 0.033203125 0.033203125
0 0.482421875 0.177734375 0.033203125 0.033203125
0 0.314453125 0.1787109375 0.033203125 0.033203125
0 0.3759765625 0.2021484375 0.033203125 0.033203125
0 0.41796875 0.2041015625 0.033203125 0.033203125
0 0.5166015625 0.2041015625 0.033203125 0.033203125
0 0.4697265625 0.205078125 0.033203125 0.033203125
0 0.470703125 0.205078125 0.033203125 0.033203125
0 0.5576171875 0.2060546875 0.033203125 0.033203125
0 0.7353515625 0.22265625 0.033203125 0.033203125
0 0.5712890625 0.26171875 0.033203125 0.033203125
0 0.736328125 0.27734375 0.033203125 0.033203125
0 0.8095703125 0.39453125 0.033203125 0.033203125
0 0.626953125 0.4501953125 0.033203125 0.033203125
0 0.701171875 0.478515625 0.033203125 0.033203125
0 0.767578125 0.505859375 0.033203125 0.033203125
0 0.7861328125 0.544921875 0.033203125 0.033203125
0 0.806640625 0.5859375 0.033203125 0.033203125
0 0.8076171875 0.6259765625 0.033203125 0.033203125
0 0.5986328125 0.66015625 0.033203125 0.033203125
0 0.5986328125 0.6796875 0.033203125 0.033203125
0 0.6220703125 0.693359375 0.033203125 0.033203125
0 0.8056640625 0.837890625 0.033203125 0.033203125
0 0.6796875 0.9150390625 0.033203125 0.033203125
0 0.7451171875 0.919921875 0.033203125 0.033203125
0 0.8046875 0.9501953125 0.033203125 0.033203125
0 0.8046875 0.98876953125 0.033203125 0.0224609375
0 0.8056640625 0.98974609375 0.033203125 0.0205078125