0 0.2021484375 0.0361328125 0.033203125 0.033203125
0 0.0654296875 0.04296875 0.033203125 0.033203125
0 0.0869140625 0.048828125 0.033203125 0.033203125
0 0.9462890625 0.0556640625 0.033203125 0.033203125
0 0.201171875 0.08203125 0.033203125 0.033203125
0 0.572265625 0.0869140625 0.033203125 0.033203125
0 0.6337890625 0.099609375 0.033203125 0.033203125
0 0.6513671875 0.1005859375 0.033203125 0.033203125
0 0.671875 0.1005859375 0.033203125 0.033203125
0 0.6923828125 0.107421875 0.033203125 0.033203125
0 0.9462890625 0.109375 0.033203125 0.033203125
0 0.6123046875 0.111328125 0.033203125 0.033203125
0 0.060546875 0.1220703125 0.033203125 0.033203125
0 0.705078125 0.125 0.033203125 0.033203125
0 0.0859375 0.130859375 0.033203125 0.033203125
0 0.60546875 0.13671875 0.033203125 0.033203125
0 0.921875 0.13671875 0.033203125 0.033203125
0 0.705078125 0.146484375 0.033203125 0.033203125
0 0.9443359375 0.15234375 0.033203125 0.033203125
0 0.7041015625 0.1611328125 0.033203125 0.033203125
0 0.892578125 0.1650390625 0.033203125 0.033203125
0 0.703125 0.1796875 0.033203125 0.033203125
0 0.5107421875 0.2275390625 0.033203125 0.033203125
0 0.5927734375 0.23046875 0.033203125 0.033203125
0 0.0625 0.2470703125 0.033203125 0.033203125
0 0.333984375 0.25390625 0.033203125 0.033203125
0 0.8388671875 0.36328125 0.033203125 0.033203125
0 0.98876953125 0.3642578125 0.0224609375 0.033203125
0 0.91796875 0.365234375 0.033203125 0.033203125
0 0.42578125 0.3798828125 0.033203125 0.033203125
0 0.8232421875 0.388671875 0.033203125 0.033203125
0 0.181640625 0.3955078125 0.033203125 0.033203125
0 0.83203125 0.4404296875 0.033203125 0.033203125
0 0.1884765625 0.5029296875 0.033203125 0.033203125
0 0.6611328125 0.51171875 0.033203125 0.033203125
0 0.0517578125 0.5166015625 0.033203125 0.033203125
0 0.7578125 0.5517578125 0.033203125 0.033203125
0 0.7412109375 0.552734375 0.033203125 0.033203125
0 0.7236328125 0.5556640625 0.033203125 0.033203125
0 0.7763671875 0.5615234375 0.033203125 0.033203125
0 0.05078125 0.609375 0.033203125 0.033203125
0 0.787109375 0.6396484375 0.033203125 0.033203125
0 0.7373046875 0.640625 0.033203125 0.033203125
0 0.5107421875 0.9462890625 0.033203125 0.033203125
0 0.58984375 0.9482421875 0.033203125 0.033203125
0 0.3623046875 0.9609375 0.033203125 0.033203125
0 0.2763671875 0.9619140625 0.033203125 0.033203125
0 0.294921875 0.962890625 0.033203125 0.033203125
0 0.341796875 0.962890625 0.033203125 0.033203125
0 0.3193359375 0.96484375 0.033203125 0.033203125