0 0.115234375 0.0703125 0.033203125 0.033203125
0 0.6533203125 0.1259765625 0.033203125 0.033203125
0 0.7919921875 0.1259765625 0.033203125 0.033203125
0 0.193359375 0.30859375 0.033203125 0.033203125
0 0.09375 0.3603515625 0.033203125 0.033203125
0 0.20703125 0.3681640625 0.033203125 0.033203125
0 0.1953125 0.4375 0.033203125 0.033203125
0 0.091796875 0.4833984375 0.033203125 0.033203125
0 0.1982421875 0.5615234375 0.033203125 0.033203125
0 0.0908203125 0.60546875 0.033203125 0.033203125
0 0.083984375 0.6513671875 0.033203125 0.033203125
0 0.1982421875 0.75 0.033203125 0.033203125
0 0.224609375 0.76171875 0.033203125 0.033203125
0 0.22265625 0.7998046875 0.033203125 0.033203125
0 0.1982421875 0.814453125 0.033203125 0.033203125