0 0.0390625 0.1396484375 0.033203125 0.033203125
0 0.115234375 0.224609375 0.033203125 0.033203125
0 0.216796875 0.361328125 0.033203125 0.033203125
0 0.0517578125 0.416015625 0.033203125 0.033203125
0 0.28125 0.5576171875 0.033203125 0.033203125
0 0.2841796875 0.59765625 0.033203125 0.033203125
0 0.2890625 0.630859375 0.033203125 0.033203125
0 0.2919921875 0.662109375 0.033203125 0.033203125
0 0.1220703125 0.6904296875 0.033203125 0.033203125
0 0.294921875 0.693359375 0.033203125 0.033203125
0 0.2685546875 0.69921875 0.033203125 0.033203125
0 0.2919921875 0.7861328125 0.033203125 0.033203125
0 0.3037109375 0.8740234375 0.033203125 0.033203125