0 0.677734375 0.0517578125 0.033203125 0.033203125
0 0.5 0.052734375 0.033203125 0.033203125
0 0.65625 0.052734375 0.033203125 0.033203125
0 0.958984375 0.0751953125 0.033203125 0.033203125
0 0.94140625 0.076171875 0.033203125 0.033203125
0 0.6865234375 0.2431640625 0.033203125 0.033203125
0 0.7099609375 0.2431640625 0.033203125 0.033203125
0 0.7275390625 0.2431640625 0.033203125 0.033203125
0 0.7490234375 0.2431640625 0.033203125 0.033203125
0 0.798828125 0.2548828125 0.033203125 0.033203125
0 0.8193359375 0.255859375 0.033203125 0.033203125
0 0.7099609375 0.2822265625 0.033203125 0.033203125
0 0.779296875 0.3037109375 0.033203125 0.033203125
0 0.7998046875 0.3037109375 0.033203125 0.033203125
0 0.8193359375 0.3046875 0.033203125 0.033203125
0 0.9521484375 0.412109375 0.033203125 0.033203125
0 0.9140625 0.4384765625 0.033203125 0.033203125
0 0.9501953125 0.4404296875 0.033203125 0.033203125
0 0.96484375 0.4404296875 0.033203125 0.033203125
0 0.931640625 0.4423828125 0.033203125 0.033203125