0 0.134765625 0.1318359375 0.033203125 0.033203125
0 0.01123046875 0.2470703125 0.0224609375 0.033203125
0 0.1328125 0.2646484375 0.033203125 0.033203125
0 0.1328125 0.4580078125 0.033203125 0.033203125
0 0.1328125 0.498046875 0.033203125 0.033203125
0 0.6962890625 0.5107421875 0.033203125 0.033203125
0 0.50390625 0.5126953125 0.033203125 0.033203125
0 0.5556640625 0.5126953125 0.033203125 0.033203125
0 0.4677734375 0.513671875 0.033203125 0.033203125
0 0.5361328125 0.513671875 0.033203125 0.033203125
0 0.51953125 0.5146484375 0.033203125 0.033203125
0 0.681640625 0.5146484375 0.033203125 0.033203125
0 0.626953125 0.515625 0.033203125 0.033203125
0 0.57421875 0.5166015625 0.033203125 0.033203125
0 0.607421875 0.517578125 0.033203125 0.033203125
0 0.64453125 0.517578125 0.033203125 0.033203125
0 0.662109375 0.517578125 0.033203125 0.033203125
0 0.75 0.517578125 0.033203125 0.033203125
0 0.5927734375 0.5185546875 0.033203125 0.033203125
0 0.732421875 0.5185546875 0.033203125 0.033203125
0 0.783203125 0.51953125 0.033203125 0.033203125
0 0.71484375 0.5205078125 0.033203125 0.033203125
0 0.009765625 0.5380859375 0.01953125 0.033203125
0 0.8837890625 0.6162109375 0.033203125 0.033203125
0 0.8818359375 0.6357421875 0.033203125 0.033203125
0 0.880859375 0.654296875 0.033203125 0.033203125
0 0.3056640625 0.6591796875 0.033203125 0.033203125
0 0.41796875 0.66015625 0.033203125 0.033203125
0 0.43359375 0.6611328125 0.033203125 0.033203125
0 0.44921875 0.6611328125 0.033203125 0.033203125
0 0.3447265625 0.662109375 0.033203125 0.033203125
0 0.3798828125 0.662109375 0.033203125 0.033203125
0 0.5068359375 0.662109375 0.033203125 0.033203125
0 0.3251953125 0.6630859375 0.033203125 0.033203125
0 0.36328125 0.6640625 0.033203125 0.033203125
0 0.3984375 0.6640625 0.033203125 0.033203125
0 0.4697265625 0.6640625 0.033203125 0.033203125
0 0.4873046875 0.6640625 0.033203125 0.033203125
0 0.5224609375 0.6640625 0.033203125 0.033203125
0 0.5390625 0.6640625 0.033203125 0.033203125
0 0.580078125 0.666015625 0.033203125 0.033203125
0 0.595703125 0.666015625 0.033203125 0.033203125
0 0.5595703125 0.6669921875 0.033203125 0.033203125
0 0.615234375 0.66796875 0.033203125 0.033203125
0 0.98779296875 0.66796875 0.0244140625 0.033203125
0 0.8798828125 0.6728515625 0.033203125 0.033203125
0 0.8818359375 0.69140625 0.033203125 0.033203125
0 0.6533203125 0.6953125 0.033203125 0.033203125
0 0.8798828125 0.708984375 0.033203125 0.033203125
0 0.6484375 0.7138671875 0.033203125 0.033203125
0 0.0078125 0.71875 0.015625 0.033203125
0 0.880859375 0.7275390625 0.033203125 0.033203125
0 0.6484375 0.732421875 0.033203125 0.033203125
0 0.28125 0.7431640625 0.033203125 0.033203125
0 0.87890625 0.74609375 0.033203125 0.033203125
0 0.6484375 0.7509765625 0.033203125 0.033203125
0 0.96875 0.7509765625 0.033203125 0.033203125
0 0.51953125 0.7529296875 0.033203125 0.033203125
0 0.3759765625 0.7548828125 0.033203125 0.033203125
0 0.466796875 0.7548828125 0.033203125 0.033203125
0 0.3603515625 0.755859375 0.033203125 0.033203125
0 0.39453125 0.755859375 0.033203125 0.033203125
0 0.5556640625 0.755859375 0.033203125 0.033203125
0 0.57421875 0.755859375 0.033203125 0.033203125
0 0.4326171875 0.7568359375 0.033203125 0.033203125
0 0.484375 0.7568359375 0.033203125 0.033203125
0 0.44921875 0.7578125 0.033203125 0.033203125
0 0.4140625 0.7587890625 0.033203125 0.033203125
0 0.537109375 0.759765625 0.033203125 0.033203125
0 0.8828125 0.7607421875 0.033203125 0.033203125
0 0.5 0.7646484375 0.033203125 0.033203125
0 0.6494140625 0.7685546875 0.033203125 0.033203125
0 0.9697265625 0.7705078125 0.033203125 0.033203125
0 0.279296875 0.771484375 0.033203125 0.033203125
0 0.1298828125 0.7744140625 0.033203125 0.033203125
0 0.880859375 0.779296875 0.033203125 0.033203125
0 0.96875 0.7861328125 0.033203125 0.033203125
0 0.6484375 0.787109375 0.033203125 0.033203125
0 0.2822265625 0.791015625 0.033203125 0.033203125
0 0.431640625 0.791015625 0.033203125 0.033203125
0 0.44921875 0.791015625 0.033203125 0.033203125
0 0.572265625 0.791015625 0.033203125 0.033203125
0 0.39453125 0.7919921875 0.033203125 0.033203125
0 0.537109375 0.79296875 0.033203125 0.033203125
0 0.3603515625 0.7939453125 0.033203125 0.033203125
0 0.416015625 0.7939453125 0.033203125 0.033203125
0 0.4873046875 0.7939453125 0.033203125 0.033203125
0 0.50390625 0.7939453125 0.033203125 0.033203125
0 0.556640625 0.7939453125 0.033203125 0.033203125
0 0.466796875 0.794921875 0.033203125 0.033203125
0 0.375 0.7958984375 0.033203125 0.033203125
0 0.8330078125 0.7958984375 0.033203125 0.033203125
0 0.51953125 0.796875 0.033203125 0.033203125
0 0.87890625 0.7978515625 0.033203125 0.033203125
0 0.6474609375 0.8037109375 0.033203125 0.033203125
0 0.2763671875 0.8173828125 0.033203125 0.033203125
0 0.64453125 0.822265625 0.033203125 0.033203125
0 0.966796875 0.8232421875 0.033203125 0.033203125
0 0.7705078125 0.8330078125 0.033203125 0.033203125
0 0.2744140625 0.8349609375 0.033203125 0.033203125
0 0.6484375 0.8388671875 0.033203125 0.033203125
0 0.9697265625 0.8388671875 0.033203125 0.033203125
0 0.0078125 0.849609375 0.015625 0.033203125
0 0.1015625 0.8544921875 0.033203125 0.033203125
0 0.64453125 0.859375 0.033203125 0.033203125
0 0.3642578125 0.880859375 0.033203125 0.033203125
0 0.8330078125 0.880859375 0.033203125 0.033203125
0 0.3115234375 0.8818359375 0.033203125 0.033203125
0 0.345703125 0.8818359375 0.033203125 0.033203125
0 0.3291015625 0.8828125 0.033203125 0.033203125
0 0.4736328125 0.8828125 0.033203125 0.033203125
0 0.5576171875 0.8828125 0.033203125 0.033203125
0 0.5791015625 0.8828125 0.033203125 0.033203125
0 0.3974609375 0.8837890625 0.033203125 0.033203125
0 0.3818359375 0.884765625 0.033203125 0.033203125
0 0.5087890625 0.884765625 0.033203125 0.033203125
0 0.5244140625 0.884765625 0.033203125 0.033203125
0 0.63671875 0.884765625 0.033203125 0.033203125
0 0.208984375 0.8857421875 0.033203125 0.033203125
0 0.435546875 0.8857421875 0.033203125 0.033203125
0 0.48828125 0.8857421875 0.033203125 0.033203125
0 0.65234375 0.88671875 0.033203125 0.033203125
0 0.4169921875 0.8876953125 0.033203125 0.033203125
0 0.857421875 0.8876953125 0.033203125 0.033203125
0 0.9541015625 0.8876953125 0.033203125 0.033203125
0 0.453125 0.888671875 0.033203125 0.033203125
0 0.544921875 0.888671875 0.033203125 0.033203125
0 0.8740234375 0.8896484375 0.033203125 0.033203125
0 0.916015625 0.8896484375 0.033203125 0.033203125
0 0.7724609375 0.90625 0.033203125 0.033203125