0 0.80859375 0.00830078125 0.033203125 0.0166015625
0 0.8056640625 0.0205078125 0.033203125 0.033203125
0 0.4140625 0.048828125 0.033203125 0.033203125
0 0.4189453125 0.08203125 0.033203125 0.033203125
0 0.2724609375 0.0908203125 0.033203125 0.033203125
0 0.734375 0.1171875 0.033203125 0.033203125
0 0.416015625 0.1279296875 0.033203125 0.033203125
0 0.701171875 0.1298828125 0.033203125 0.033203125
0 0.35546875 0.130859375 0.033203125 0.033203125
0 0.4228515625 0.14453125 0.033203125 0.033203125
0 0.7080078125 0.1533203125 0.033203125 0.033203125
0 0.2314453125 0.1650390625 0.033203125 0.033203125
0 0.806640625 0.16796875 0.033203125 0.033203125
0 0.84765625 0.1689453125 0.033203125 0.033203125
0 0.2734375 0.171875 0.033203125 0.033203125
0 0.4169921875 0.1953125 0.033203125 0.033203125
0 0.0107421875 0.25390625 0.021484375 0.033203125
0 0.3701171875 0.26171875 0.033203125 0.033203125
0 0.1669921875 0.27734375 0.033203125 0.033203125
0 0.0361328125 0.28125 0.033203125 0.033203125
0 0.5244140625 0.28125 0.033203125 0.033203125
0 0.3642578125 0.28515625 0.033203125 0.033203125
0 0.025390625 0.3037109375 0.033203125 0.033203125
0 0.4892578125 0.3046875 0.033203125 0.033203125
0 0.1884765625 0.306640625 0.033203125 0.033203125
0 0.3525390625 0.306640625 0.033203125 0.033203125
0 0.9013671875 0.3095703125 0.033203125 0.033203125
0 0.2080078125 0.40625 0.033203125 0.033203125
0 0.2861328125 0.53125 0.033203125 0.033203125
0 0.1767578125 0.5380859375 0.033203125 0.033203125
0 0.310546875 0.544921875 0.033203125 0.033203125
0 0.3349609375 0.5517578125 0.033203125 0.033203125
0 0.1806640625 0.56640625 0.033203125 0.033203125
0 0.2861328125 0.57421875 0.033203125 0.033203125
0 0.30859375 0.587890625 0.033203125 0.033203125
0 0.1806640625 0.58984375 0.033203125 0.033203125
0 0.1787109375 0.615234375 0.033203125 0.033203125
0 0.361328125 0.630859375 0.033203125 0.033203125
0 0.173828125 0.6435546875 0.033203125 0.033203125
0 0.1787109375 0.6650390625 0.033203125 0.033203125
0 0.1767578125 0.693359375 0.033203125 0.033203125
0 0.17578125 0.7177734375 0.033203125 0.033203125
0 0.177734375 0.7421875 0.033203125 0.033203125
0 0.357421875 0.75390625 0.033203125 0.033203125
0 0.1787109375 0.7646484375 0.033203125 0.033203125
0 0.17578125 0.7919921875 0.033203125 0.033203125
0 0.1748046875 0.8212890625 0.033203125 0.033203125
0 0.17578125 0.869140625 0.033203125 0.033203125
0 0.1767578125 0.892578125 0.033203125 0.033203125