0 0.958984375 0.025390625 0.033203125 0.033203125
0 0.9599609375 0.044921875 0.033203125 0.033203125
0 0.958984375 0.0634765625 0.033203125 0.033203125
0 0.958984375 0.0810546875 0.033203125 0.033203125
0 0.1435546875 0.28515625 0.033203125 0.033203125
0 0.474609375 0.28515625 0.033203125 0.033203125
0 0.3291015625 0.2880859375 0.033203125 0.033203125
0 0.01513671875 0.380859375 0.0302734375 0.033203125
0 0.8466796875 0.404296875 0.033203125 0.033203125
0 0.99072265625 0.51171875 0.0185546875 0.033203125
0 0.7548828125 0.5205078125 0.033203125 0.033203125
0 0.9619140625 0.5205078125 0.033203125 0.033203125
0 0.9404296875 0.5556640625 0.033203125 0.033203125
0 0.7333984375 0.5576171875 0.033203125 0.033203125
0 0.43359375 0.634765625 0.033203125 0.033203125
0 0.7412109375 0.75 0.033203125 0.033203125
0 0.4345703125 0.8896484375 0.033203125 0.033203125
0 0.4423828125 0.935546875 0.033203125 0.033203125