0 0.888671875 0.099609375 0.033203125 0.033203125
0 0.626953125 0.474609375 0.033203125 0.033203125
0 0.16796875 0.5927734375 0.033203125 0.033203125
0 0.0693359375 0.9208984375 0.033203125 0.033203125
0 0.0439453125 0.927734375 0.033203125 0.033203125
0 0.1806640625 0.9287109375 0.033203125 0.033203125
0 0.41796875 0.9326171875 0.033203125 0.033203125
0 0.396484375 0.935546875 0.033203125 0.033203125
0 0.017578125 0.94140625 0.033203125 0.033203125
0 0.0908203125 0.9501953125 0.033203125 0.033203125
0 0.2109375 0.9873046875 0.033203125 0.025390625