0 0.5400390625 0.01171875 0.033203125 0.0234375
0 0.578125 0.0927734375 0.033203125 0.033203125
0 0.5439453125 0.208984375 0.033203125 0.033203125
0 0.4521484375 0.212890625 0.033203125 0.033203125
0 0.5244140625 0.212890625 0.033203125 0.033203125
0 0.5625 0.212890625 0.033203125 0.033203125
0 0.1201171875 0.75 0.033203125 0.033203125
0 0.7744140625 0.8056640625 0.033203125 0.033203125
0 0.53125 0.8349609375 0.033203125 0.033203125
0 0.1240234375 0.8486328125 0.033203125 0.033203125
0 0.7099609375 0.8505859375 0.033203125 0.033203125
0 0.6513671875 0.8583984375 0.033203125 0.033203125
0 0.58203125 0.982421875 0.033203125 0.033203125