0 0.3603515625 0.056640625 0.033203125 0.033203125
0 0.52734375 0.1044921875 0.033203125 0.033203125
0 0.9130859375 0.138671875 0.033203125 0.033203125
0 0.333984375 0.4609375 0.033203125 0.033203125
0 0.1123046875 0.56640625 0.033203125 0.033203125
0 0.1513671875 0.5673828125 0.033203125 0.033203125
0 0.2060546875 0.5703125 0.033203125 0.033203125
0 0.9423828125 0.5791015625 0.033203125 0.033203125
0 0.65234375 0.689453125 0.033203125 0.033203125
0 0.5478515625 0.693359375 0.033203125 0.033203125
0 0.486328125 0.6943359375 0.033203125 0.033203125
0 0.5439453125 0.71484375 0.033203125 0.033203125
0 0.5439453125 0.7353515625 0.033203125 0.033203125
0 0.466796875 0.779296875 0.033203125 0.033203125
0 0.470703125 0.7978515625 0.033203125 0.033203125