0 0.013671875 0.05078125 0.02734375 0.033203125
0 0.44140625 0.1416015625 0.033203125 0.033203125
0 0.505859375 0.1455078125 0.033203125 0.033203125
0 0.6337890625 0.1474609375 0.033203125 0.033203125
0 0.6513671875 0.1484375 0.033203125 0.033203125
0 0.560546875 0.1494140625 0.033203125 0.033203125
0 0.8427734375 0.1513671875 0.033203125 0.033203125
0 0.89453125 0.1572265625 0.033203125 0.033203125
0 0.6630859375 0.23828125 0.033203125 0.033203125
0 0.751953125 0.2431640625 0.033203125 0.033203125
0 0.931640625 0.244140625 0.033203125 0.033203125
0 0.76953125 0.2451171875 0.033203125 0.033203125
0 0.8935546875 0.248046875 0.033203125 0.033203125
0 0.869140625 0.3330078125 0.033203125 0.033203125
0 0.8505859375 0.3349609375 0.033203125 0.033203125
0 0.88671875 0.3349609375 0.033203125 0.033203125
0 0.8349609375 0.3369140625 0.033203125 0.033203125
0 0.94140625 0.341796875 0.033203125 0.033203125
0 0.279296875 0.349609375 0.033203125 0.033203125
0 0.3134765625 0.3525390625 0.033203125 0.033203125
0 0.4033203125 0.3681640625 0.033203125 0.033203125
0 0.4130859375 0.404296875 0.033203125 0.033203125
0 0.8310546875 0.423828125 0.033203125 0.033203125
0 0.8525390625 0.4248046875 0.033203125 0.033203125
0 0.35546875 0.443359375 0.033203125 0.033203125
0 0.8544921875 0.4619140625 0.033203125 0.033203125
0 0.88671875 0.4638671875 0.033203125 0.033203125
0 0.83203125 0.46484375 0.033203125 0.033203125
0 0.921875 0.466796875 0.033203125 0.033203125
0 0.9755859375 0.466796875 0.033203125 0.033203125
0 0.9033203125 0.46875 0.033203125 0.033203125
0 0.8486328125 0.55859375 0.033203125 0.033203125
0 0.3349609375 0.5693359375 0.033203125 0.033203125
0 0.509765625 0.6201171875 0.033203125 0.033203125
0 0.5166015625 0.673828125 0.033203125 0.033203125
0 0.248046875 0.6982421875 0.033203125 0.033203125
0 0.216796875 0.69921875 0.033203125 0.033203125
0 0.2333984375 0.69921875 0.033203125 0.033203125
0 0.1806640625 0.7001953125 0.033203125 0.033203125
0 0.509765625 0.7109375 0.033203125 0.033203125
0 0.51171875 0.7451171875 0.033203125 0.033203125
0 0.91015625 0.75390625 0.033203125 0.033203125
0 0.1513671875 0.8271484375 0.033203125 0.033203125
0 0.3154296875 0.857421875 0.033203125 0.033203125
0 0.1787109375 0.86328125 0.033203125 0.033203125
0 0.79296875 0.8740234375 0.033203125 0.033203125
0 0.3095703125 0.875 0.033203125 0.033203125
0 0.3046875 0.8916015625 0.033203125 0.033203125
0 0.7939453125 0.908203125 0.033203125 0.033203125
0 0.509765625 0.9248046875 0.033203125 0.033203125
0 0.1162109375 0.94921875 0.033203125 0.033203125
0 0.111328125 0.9794921875 0.033203125 0.033203125
0 0.60546875 0.98046875 0.033203125 0.033203125
0 0.1787109375 0.98779296875 0.033203125 0.0244140625
0 0.6064453125 0.990234375 0.033203125 0.01953125