0 0.5390625 0.314453125 0.033203125 0.033203125
0 0.6845703125 0.314453125 0.033203125 0.033203125
0 0.8046875 0.3173828125 0.033203125 0.033203125
0 0.849609375 0.3173828125 0.033203125 0.033203125
0 0.9111328125 0.3173828125 0.033203125 0.033203125
0 0.6376953125 0.35546875 0.033203125 0.033203125
0 0.818359375 0.3857421875 0.033203125 0.033203125
0 0.8896484375 0.62890625 0.033203125 0.033203125
0 0.8896484375 0.6455078125 0.033203125 0.033203125
0 0.888671875 0.662109375 0.033203125 0.033203125
0 0.8095703125 0.6943359375 0.033203125 0.033203125
0 0.8896484375 0.7177734375 0.033203125 0.033203125
0 0.638671875 0.779296875 0.033203125 0.033203125
0 0.9677734375 0.79296875 0.033203125 0.033203125
0 0.845703125 0.8349609375 0.033203125 0.033203125
0 0.6123046875 0.8935546875 0.033203125 0.033203125
0 0.5556640625 0.90234375 0.033203125 0.033203125
0 0.615234375 0.916015625 0.033203125 0.033203125
0 0.1865234375 0.9169921875 0.033203125 0.033203125
0 0.3134765625 0.9296875 0.033203125 0.033203125
0 0.15234375 0.9462890625 0.033203125 0.033203125
0 0.3134765625 0.951171875 0.033203125 0.033203125
0 0.150390625 0.9677734375 0.033203125 0.033203125
0 0.2451171875 0.9736328125 0.033203125 0.033203125
0 0.3125 0.974609375 0.033203125 0.033203125
0 0.2109375 0.9765625 0.033203125 0.033203125
0 0.55078125 0.98681640625 0.033203125 0.0263671875
0 0.6103515625 0.98681640625 0.033203125 0.0263671875
0 0.150390625 0.9873046875 0.033203125 0.025390625
0 0.25 0.98779296875 0.033203125 0.0244140625
0 0.2158203125 0.9892578125 0.033203125 0.021484375
0 0.3125 0.98974609375 0.033203125 0.0205078125