0 0.4951171875 0.01416015625 0.033203125 0.0283203125
0 0.4287109375 0.396484375 0.033203125 0.033203125
0 0.4326171875 0.4326171875 0.033203125 0.033203125
0 0.666015625 0.4404296875 0.033203125 0.033203125
0 0.716796875 0.466796875 0.033203125 0.033203125
0 0.521484375 0.4697265625 0.033203125 0.033203125
0 0.7001953125 0.47265625 0.033203125 0.033203125
0 0.4306640625 0.5556640625 0.033203125 0.033203125
0 0.7001953125 0.560546875 0.033203125 0.033203125
0 0.7353515625 0.5654296875 0.033203125 0.033203125
0 0.751953125 0.5654296875 0.033203125 0.033203125
0 0.86328125 0.6015625 0.033203125 0.033203125
0 0.9013671875 0.603515625 0.033203125 0.033203125
0 0.953125 0.6044921875 0.033203125 0.033203125
0 0.7158203125 0.60546875 0.033203125 0.033203125
0 0.677734375 0.6064453125 0.033203125 0.033203125
0 0.98681640625 0.607421875 0.0263671875 0.033203125
0 0.7333984375 0.6083984375 0.033203125 0.033203125
0 0.751953125 0.6083984375 0.033203125 0.033203125
0 0.7060546875 0.6953125 0.033203125 0.033203125
0 0.904296875 0.810546875 0.033203125 0.033203125
0 0.8984375 0.859375 0.033203125 0.033203125
0 0.99072265625 0.888671875 0.0185546875 0.033203125
0 0.99072265625 0.9267578125 0.0185546875 0.033203125
0 0.5634765625 0.9423828125 0.033203125 0.033203125
0 0.83984375 0.9453125 0.033203125 0.033203125
0 0.98876953125 0.95703125 0.0224609375 0.033203125
0 0.4228515625 0.9755859375 0.033203125 0.033203125
0 0.98779296875 0.978515625 0.0244140625 0.033203125
0 0.98876953125 0.990234375 0.0224609375 0.01953125