0 0.3525390625 0.0947265625 0.033203125 0.033203125
0 0.40234375 0.09765625 0.033203125 0.033203125
0 0.4580078125 0.0986328125 0.033203125 0.033203125
0 0.2421875 0.1162109375 0.033203125 0.033203125
0 0.294921875 0.1162109375 0.033203125 0.033203125
0 0.357421875 0.1171875 0.033203125 0.033203125
0 0.4638671875 0.1181640625 0.033203125 0.033203125
0 0.46484375 0.1181640625 0.033203125 0.033203125
0 0.41796875 0.119140625 0.033203125 0.033203125
0 0.1884765625 0.1376953125 0.033203125 0.033203125
0 0.1416015625 0.1396484375 0.033203125 0.033203125
0 0.234375 0.140625 0.033203125 0.033203125
0 0.3623046875 0.140625 0.033203125 0.033203125
0 0.3125 0.1416015625 0.033203125 0.033203125
0 0.46875 0.1435546875 0.033203125 0.033203125
0 0.4169921875 0.1455078125 0.033203125 0.033203125
0 0.4013671875 0.2392578125 0.033203125 0.033203125
0 0.3095703125 0.2529296875 0.033203125 0.033203125
0 0.9609375 0.2744140625 0.033203125 0.033203125
0 0.4052734375 0.275390625 0.033203125 0.033203125
0 0.4072265625 0.2919921875 0.033203125 0.033203125
0 0.9599609375 0.2939453125 0.033203125 0.033203125
0 0.40234375 0.3798828125 0.033203125 0.033203125
0 0.958984375 0.388671875 0.033203125 0.033203125
0 0.1435546875 0.3974609375 0.033203125 0.033203125
0 0.177734375 0.3984375 0.033203125 0.033203125
0 0.962890625 0.4072265625 0.033203125 0.033203125
0 0.1513671875 0.4140625 0.033203125 0.033203125
0 0.4052734375 0.41796875 0.033203125 0.033203125
0 0.408203125 0.4326171875 0.033203125 0.033203125
0 0.162109375 0.4501953125 0.033203125 0.033203125
0 0.404296875 0.4501953125 0.033203125 0.033203125
0 0.408203125 0.48828125 0.033203125 0.033203125
0 0.3642578125 0.5263671875 0.033203125 0.033203125
0 0.400390625 0.5283203125 0.033203125 0.033203125
0 0.236328125 0.591796875 0.033203125 0.033203125
0 0.474609375 0.626953125 0.033203125 0.033203125
0 0.10546875 0.6279296875 0.033203125 0.033203125
0 0.5703125 0.6376953125 0.033203125 0.033203125
0 0.474609375 0.642578125 0.033203125 0.033203125
0 0.1474609375 0.6484375 0.033203125 0.033203125
0 0.98779296875 0.6552734375 0.0244140625 0.033203125
0 0.4736328125 0.6591796875 0.033203125 0.033203125
0 0.603515625 0.6982421875 0.033203125 0.033203125
0 0.98681640625 0.7373046875 0.0263671875 0.033203125
0 0.65625 0.75 0.033203125 0.033203125
0 0.7255859375 0.75 0.033203125 0.033203125
0 0.673828125 0.751953125 0.033203125 0.033203125
0 0.7998046875 0.751953125 0.033203125 0.033203125
0 0.7822265625 0.7568359375 0.033203125 0.033203125
0 0.392578125 0.7666015625 0.033203125 0.033203125
0 0.98681640625 0.78125 0.0263671875 0.033203125
0 0.392578125 0.783203125 0.033203125 0.033203125
0 0.501953125 0.7958984375 0.033203125 0.033203125
0 0.470703125 0.80078125 0.033203125 0.033203125
0 0.5712890625 0.8154296875 0.033203125 0.033203125
0 0.3974609375 0.8193359375 0.033203125 0.033203125
0 0.4658203125 0.8193359375 0.033203125 0.033203125
0 0.466796875 0.822265625 0.033203125 0.033203125
0 0.4990234375 0.8369140625 0.033203125 0.033203125
0 0.5 0.8369140625 0.033203125 0.033203125
0 0.39453125 0.83984375 0.033203125 0.033203125
0 0.0439453125 0.841796875 0.033203125 0.033203125
0 0.0625 0.841796875 0.033203125 0.033203125
0 0.4775390625 0.84375 0.033203125 0.033203125
0 0.578125 0.8544921875 0.033203125 0.033203125
0 0.4677734375 0.859375 0.033203125 0.033203125
0 0.98681640625 0.8671875 0.0263671875 0.033203125
0 0.365234375 0.8681640625 0.033203125 0.033203125
0 0.3662109375 0.869140625 0.033203125 0.033203125
0 0.3984375 0.8759765625 0.033203125 0.033203125
0 0.46875 0.8779296875 0.033203125 0.033203125
0 0.2822265625 0.892578125 0.033203125 0.033203125
0 0.98681640625 0.9345703125 0.0263671875 0.033203125
0 0.0703125 0.9423828125 0.033203125 0.033203125
0 0.01611328125 0.943359375 0.0322265625 0.033203125
0 0.126953125 0.943359375 0.033203125 0.033203125
0 0.1416015625 0.943359375 0.033203125 0.033203125
0 0.0078125 0.9443359375 0.015625 0.033203125
0 0.033203125 0.9443359375 0.033203125 0.033203125
0 0.0517578125 0.9443359375 0.033203125 0.033203125