0 0.71875 0.0087890625 0.033203125 0.017578125
0 0.7236328125 0.0205078125 0.033203125 0.033203125
0 0.7236328125 0.0390625 0.033203125 0.033203125
0 0.7236328125 0.0556640625 0.033203125 0.033203125
0 0.73046875 0.09375 0.033203125 0.033203125
0 0.626953125 0.0986328125 0.033203125 0.033203125
0 0.626953125 0.115234375 0.033203125 0.033203125
0 0.63671875 0.1357421875 0.033203125 0.033203125
0 0.7265625 0.146484375 0.033203125 0.033203125
0 0.638671875 0.1533203125 0.033203125 0.033203125
0 0.7314453125 0.1650390625 0.033203125 0.033203125
0 0.6396484375 0.169921875 0.033203125 0.033203125
0 0.6396484375 0.1875 0.033203125 0.033203125
0 0.728515625 0.19921875 0.033203125 0.033203125
0 0.6416015625 0.20703125 0.033203125 0.033203125
0 0.64453125 0.22265625 0.033203125 0.033203125
0 0.7333984375 0.2373046875 0.033203125 0.033203125
0 0.6435546875 0.2587890625 0.033203125 0.033203125
0 0.64453125 0.2939453125 0.033203125 0.033203125
0 0.6494140625 0.3125 0.033203125 0.033203125
0 0.4990234375 0.44921875 0.033203125 0.033203125
0 0.7451171875 0.4677734375 0.033203125 0.033203125
0 0.2958984375 0.962890625 0.033203125 0.033203125