0 0.783203125 0.048828125 0.033203125 0.033203125
0 0.4345703125 0.0732421875 0.033203125 0.033203125
0 0.021484375 0.0830078125 0.033203125 0.033203125
0 0.138671875 0.1806640625 0.033203125 0.033203125
0 0.1728515625 0.1826171875 0.033203125 0.033203125
0 0.25 0.1826171875 0.033203125 0.033203125
0 0.537109375 0.18359375 0.033203125 0.033203125
0 0.5859375 0.18359375 0.033203125 0.033203125
0 0.64453125 0.18359375 0.033203125 0.033203125
0 0.296875 0.1845703125 0.033203125 0.033203125
0 0.673828125 0.1845703125 0.033203125 0.033203125
0 0.375 0.185546875 0.033203125 0.033203125
0 0.9765625 0.189453125 0.033203125 0.033203125
0 0.537109375 0.21484375 0.033203125 0.033203125
0 0.1435546875 0.2470703125 0.033203125 0.033203125
0 0.357421875 0.2490234375 0.033203125 0.033203125
0 0.6494140625 0.2509765625 0.033203125 0.033203125
0 0.4013671875 0.251953125 0.033203125 0.033203125
0 0.4853515625 0.251953125 0.033203125 0.033203125
0 0.5234375 0.251953125 0.033203125 0.033203125
0 0.59765625 0.251953125 0.033203125 0.033203125
0 0.5615234375 0.2529296875 0.033203125 0.033203125
0 0.9345703125 0.255859375 0.033203125 0.033203125
0 0.7783203125 0.3349609375 0.033203125 0.033203125
0 0.3466796875 0.3447265625 0.033203125 0.033203125
0 0.26953125 0.345703125 0.033203125 0.033203125
0 0.349609375 0.3623046875 0.033203125 0.033203125
0 0.2646484375 0.3642578125 0.033203125 0.033203125
0 0.62890625 0.3740234375 0.033203125 0.033203125
0 0.265625 0.3837890625 0.033203125 0.033203125
0 0.8388671875 0.470703125 0.033203125 0.033203125
0 0.00830078125 0.689453125 0.0166015625 0.033203125
0 0.7724609375 0.7158203125 0.033203125 0.033203125
0 0.8310546875 0.744140625 0.033203125 0.033203125
0 0.28125 0.7470703125 0.033203125 0.033203125
0 0.7724609375 0.751953125 0.033203125 0.033203125
0 0.833984375 0.779296875 0.033203125 0.033203125
0 0.8359375 0.8212890625 0.033203125 0.033203125
0 0.7734375 0.837890625 0.033203125 0.033203125
0 0.8349609375 0.869140625 0.033203125 0.033203125
0 0.76953125 0.8818359375 0.033203125 0.033203125