0 0.5390625 0.509765625 0.033203125 0.033203125
0 0.8076171875 0.5126953125 0.033203125 0.033203125
0 0.85546875 0.513671875 0.033203125 0.033203125
0 0.7666015625 0.5146484375 0.033203125 0.033203125
0 0.1748046875 0.6640625 0.033203125 0.033203125
0 0.3046875 0.6640625 0.033203125 0.033203125
0 0.283203125 0.66796875 0.033203125 0.033203125
0 0.158203125 0.6689453125 0.033203125 0.033203125
0 0.20703125 0.6689453125 0.033203125 0.033203125
0 0.2578125 0.6689453125 0.033203125 0.033203125
0 0.59765625 0.671875 0.033203125 0.033203125
0 0.5703125 0.6728515625 0.033203125 0.033203125
0 0.98681640625 0.6728515625 0.0263671875 0.033203125
0 0.7841796875 0.673828125 0.033203125 0.033203125
0 0.8095703125 0.673828125 0.033203125 0.033203125
0 0.908203125 0.673828125 0.033203125 0.033203125
0 0.9345703125 0.673828125 0.033203125 0.033203125
0 0.9609375 0.673828125 0.033203125 0.033203125
0 0.7578125 0.6748046875 0.033203125 0.033203125
0 0.8408203125 0.6748046875 0.033203125 0.033203125
0 0.88671875 0.6748046875 0.033203125 0.033203125
0 0.86328125 0.6767578125 0.033203125 0.033203125
0 0.576171875 0.7646484375 0.033203125 0.033203125
0 0.5126953125 0.765625 0.033203125 0.033203125
0 0.541015625 0.765625 0.033203125 0.033203125
0 0.4912109375 0.7666015625 0.033203125 0.033203125
0 0.560546875 0.7666015625 0.033203125 0.033203125
0 0.4912109375 0.767578125 0.033203125 0.033203125
0 0.59375 0.767578125 0.033203125 0.033203125
0 0.6123046875 0.767578125 0.033203125 0.033203125
0 0.701171875 0.822265625 0.033203125 0.033203125
0 0.7548828125 0.822265625 0.033203125 0.033203125
0 0.97265625 0.8232421875 0.033203125 0.033203125
0 0.7197265625 0.8251953125 0.033203125 0.033203125
0 0.7744140625 0.8251953125 0.033203125 0.033203125
0 0.810546875 0.826171875 0.033203125 0.033203125
0 0.9541015625 0.8310546875 0.033203125 0.033203125
0 0.4755859375 0.8369140625 0.033203125 0.033203125
0 0.4912109375 0.8388671875 0.033203125 0.033203125
0 0.5078125 0.8388671875 0.033203125 0.033203125
0 0.5556640625 0.8388671875 0.033203125 0.033203125
0 0.556640625 0.8388671875 0.033203125 0.033203125
0 0.5400390625 0.8408203125 0.033203125 0.033203125
0 0.5751953125 0.8408203125 0.033203125 0.033203125
0 0.5751953125 0.841796875 0.033203125 0.033203125
0 0.591796875 0.841796875 0.033203125 0.033203125
0 0.455078125 0.8447265625 0.033203125 0.033203125
0 0.607421875 0.8447265625 0.033203125 0.033203125
0 0.0751953125 0.8564453125 0.033203125 0.033203125
0 0.5087890625 0.8701171875 0.033203125 0.033203125
0 0.4912109375 0.875 0.033203125 0.033203125
0 0.556640625 0.875 0.033203125 0.033203125
0 0.57421875 0.875 0.033203125 0.033203125
0 0.607421875 0.875 0.033203125 0.033203125
0 0.5390625 0.8759765625 0.033203125 0.033203125
0 0.5908203125 0.8759765625 0.033203125 0.033203125
0 0.4560546875 0.8779296875 0.033203125 0.033203125
0 0.4755859375 0.87890625 0.033203125 0.033203125
0 0.6259765625 0.8828125 0.033203125 0.033203125
0 0.525390625 0.884765625 0.033203125 0.033203125
0 0.9580078125 0.896484375 0.033203125 0.033203125
0 0.7236328125 0.8984375 0.033203125 0.033203125
0 0.8056640625 0.8984375 0.033203125 0.033203125
0 0.7431640625 0.8994140625 0.033203125 0.033203125
0 0.7861328125 0.8994140625 0.033203125 0.033203125
0 0.8466796875 0.8994140625 0.033203125 0.033203125
0 0.9111328125 0.8994140625 0.033203125 0.033203125
0 0.7626953125 0.900390625 0.033203125 0.033203125
0 0.8671875 0.9013671875 0.033203125 0.033203125
0 0.9326171875 0.9013671875 0.033203125 0.033203125
0 0.8271484375 0.90234375 0.033203125 0.033203125
0 0.8876953125 0.90234375 0.033203125 0.033203125
0 0.1181640625 0.91796875 0.033203125 0.033203125
0 0.1494140625 0.9189453125 0.033203125 0.033203125
0 0.72265625 0.9287109375 0.033203125 0.033203125
0 0.828125 0.9296875 0.033203125 0.033203125
0 0.7626953125 0.9306640625 0.033203125 0.033203125
0 0.8466796875 0.9306640625 0.033203125 0.033203125
0 0.8671875 0.9306640625 0.033203125 0.033203125
0 0.802734375 0.931640625 0.033203125 0.033203125
0 0.931640625 0.931640625 0.033203125 0.033203125
0 0.8876953125 0.9326171875 0.033203125 0.033203125
0 0.9501953125 0.9326171875 0.033203125 0.033203125
0 0.6787109375 0.93359375 0.033203125 0.033203125
0 0.9091796875 0.93359375 0.033203125 0.033203125
0 0.7763671875 0.9365234375 0.033203125 0.033203125
0 0.2255859375 0.9375 0.033203125 0.033203125
0 0.734375 0.9404296875 0.033203125 0.033203125
0 0.65234375 0.947265625 0.033203125 0.033203125
0 0.5302734375 0.9482421875 0.033203125 0.033203125
0 0.498046875 0.9501953125 0.033203125 0.033203125
0 0.5478515625 0.9501953125 0.033203125 0.033203125
0 0.5654296875 0.9501953125 0.033203125 0.033203125
0 0.5830078125 0.9501953125 0.033203125 0.033203125
0 0.4794921875 0.951171875 0.033203125 0.033203125
0 0.6328125 0.951171875 0.033203125 0.033203125
0 0.4599609375 0.9521484375 0.033203125 0.033203125
0 0.513671875 0.9521484375 0.033203125 0.033203125
0 0.599609375 0.9521484375 0.033203125 0.033203125
0 0.6171875 0.9580078125 0.033203125 0.033203125
0 0.478515625 0.98046875 0.033203125 0.033203125
0 0.49609375 0.9814453125 0.033203125 0.033203125
0 0.513671875 0.9814453125 0.033203125 0.033203125
0 0.5302734375 0.9814453125 0.033203125 0.033203125
0 0.5654296875 0.9833984375 0.033203125 0.033203125
0 0.56640625 0.9833984375 0.033203125 0.033203125
0 0.599609375 0.9833984375 0.033203125 0.033203125
0 0.546875 0.98388671875 0.033203125 0.0322265625
0 0.6318359375 0.984375 0.033203125 0.03125
0 0.6181640625 0.98486328125 0.033203125 0.0302734375
0 0.58203125 0.9853515625 0.033203125 0.029296875
0 0.4619140625 0.98681640625 0.033203125 0.0263671875
0 0.822265625 0.98974609375 0.033203125 0.0205078125