0 0.966796875 0.01416015625 0.033203125 0.0283203125
0 0.0927734375 0.0322265625 0.033203125 0.033203125
0 0.830078125 0.044921875 0.033203125 0.033203125
0 0.1552734375 0.0712890625 0.033203125 0.033203125
0 0.330078125 0.201171875 0.033203125 0.033203125
0 0.392578125 0.2099609375 0.033203125 0.033203125
0 0.2470703125 0.2705078125 0.033203125 0.033203125
0 0.23828125 0.291015625 0.033203125 0.033203125
0 0.39453125 0.2939453125 0.033203125 0.033203125
0 0.814453125 0.3291015625 0.033203125 0.033203125
0 0.3916015625 0.337890625 0.033203125 0.033203125
0 0.2392578125 0.353515625 0.033203125 0.033203125
0 0.98046875 0.3583984375 0.033203125 0.033203125
0 0.80859375 0.3623046875 0.033203125 0.033203125
0 0.8095703125 0.37890625 0.033203125 0.033203125
0 0.80859375 0.41015625 0.033203125 0.033203125
0 0.951171875 0.412109375 0.033203125 0.033203125
0 0.01513671875 0.4189453125 0.0302734375 0.033203125
0 0.03515625 0.419921875 0.033203125 0.033203125
0 0.0810546875 0.419921875 0.033203125 0.033203125
0 0.1025390625 0.4208984375 0.033203125 0.033203125
0 0.1259765625 0.4208984375 0.033203125 0.033203125
0 0.0556640625 0.4228515625 0.033203125 0.033203125
0 0.1474609375 0.4228515625 0.033203125 0.033203125
0 0.169921875 0.4228515625 0.033203125 0.033203125
0 0.888671875 0.4248046875 0.033203125 0.033203125
0 0.8056640625 0.4443359375 0.033203125 0.033203125
0 0.8857421875 0.4443359375 0.033203125 0.033203125
0 0.890625 0.4609375 0.033203125 0.033203125
0 0.068359375 0.4970703125 0.033203125 0.033203125
0 0.9306640625 0.5 0.033203125 0.033203125
0 0.9140625 0.5048828125 0.033203125 0.033203125
0 0.2666015625 0.513671875 0.033203125 0.033203125
0 0.3408203125 0.560546875 0.033203125 0.033203125
0 0.2666015625 0.5888671875 0.033203125 0.033203125
0 0.8037109375 0.6015625 0.033203125 0.033203125
0 0.263671875 0.6318359375 0.033203125 0.033203125
0 0.5673828125 0.654296875 0.033203125 0.033203125
0 0.6328125 0.6591796875 0.033203125 0.033203125
0 0.728515625 0.6591796875 0.033203125 0.033203125
0 0.76171875 0.66015625 0.033203125 0.033203125
0 0.8017578125 0.66015625 0.033203125 0.033203125
0 0.517578125 0.6611328125 0.033203125 0.033203125
0 0.55078125 0.6611328125 0.033203125 0.033203125
0 0.6142578125 0.6611328125 0.033203125 0.033203125
0 0.6533203125 0.6611328125 0.033203125 0.033203125
0 0.916015625 0.6611328125 0.033203125 0.033203125
0 0.9345703125 0.6630859375 0.033203125 0.033203125
0 0.390625 0.693359375 0.033203125 0.033203125
0 0.2607421875 0.7119140625 0.033203125 0.033203125
0 0.720703125 0.72265625 0.033203125 0.033203125
0 0.75 0.7236328125 0.033203125 0.033203125
0 0.7998046875 0.7236328125 0.033203125 0.033203125
0 0.6513671875 0.7265625 0.033203125 0.033203125
0 0.8671875 0.7275390625 0.033203125 0.033203125
0 0.634765625 0.728515625 0.033203125 0.033203125
0 0.388671875 0.736328125 0.033203125 0.033203125
0 0.6337890625 0.7568359375 0.033203125 0.033203125
0 0.548828125 0.7587890625 0.033203125 0.033203125
0 0.6982421875 0.759765625 0.033203125 0.033203125
0 0.5166015625 0.7607421875 0.033203125 0.033203125
0 0.783203125 0.76171875 0.033203125 0.033203125
0 0.9150390625 0.76171875 0.033203125 0.033203125
0 0.033203125 0.8212890625 0.033203125 0.033203125
0 0.51953125 0.82421875 0.033203125 0.033203125
0 0.6083984375 0.82421875 0.033203125 0.033203125
0 0.5380859375 0.826171875 0.033203125 0.033203125
0 0.5888671875 0.826171875 0.033203125 0.033203125
0 0.572265625 0.8271484375 0.033203125 0.033203125
0 0.859375 0.8271484375 0.033203125 0.033203125
0 0.482421875 0.8291015625 0.033203125 0.033203125
0 0.62109375 0.8779296875 0.033203125 0.033203125
0 0.921875 0.8779296875 0.033203125 0.033203125
0 0.638671875 0.87890625 0.033203125 0.033203125
0 0.6591796875 0.87890625 0.033203125 0.033203125
0 0.53515625 0.8798828125 0.033203125 0.033203125
0 0.6064453125 0.8798828125 0.033203125 0.033203125
0 0.6943359375 0.8798828125 0.033203125 0.033203125
0 0.7275390625 0.8798828125 0.033203125 0.033203125
0 0.78515625 0.8798828125 0.033203125 0.033203125
0 0.9013671875 0.8798828125 0.033203125 0.033203125
0 0.978515625 0.8798828125 0.033203125 0.033203125
0 0.677734375 0.880859375 0.033203125 0.033203125
0 0.818359375 0.880859375 0.033203125 0.033203125
0 0.5703125 0.8818359375 0.033203125 0.033203125
0 0.7109375 0.8818359375 0.033203125 0.033203125
0 0.765625 0.8818359375 0.033203125 0.033203125
0 0.802734375 0.8818359375 0.033203125 0.033203125
0 0.8876953125 0.8818359375 0.033203125 0.033203125
0 0.939453125 0.8818359375 0.033203125 0.033203125
0 0.5537109375 0.8828125 0.033203125 0.033203125
0 0.7470703125 0.8837890625 0.033203125 0.033203125
0 0.837890625 0.8837890625 0.033203125 0.033203125
0 0.9892578125 0.8837890625 0.021484375 0.033203125
0 0.5869140625 0.884765625 0.033203125 0.033203125
0 0.9560546875 0.88671875 0.033203125 0.033203125
0 0.3876953125 0.90625 0.033203125 0.033203125
0 0.494140625 0.9111328125 0.033203125 0.033203125
0 0.599609375 0.9560546875 0.033203125 0.033203125
0 0.6494140625 0.9599609375 0.033203125 0.033203125
0 0.7568359375 0.9599609375 0.033203125 0.033203125
0 0.916015625 0.9599609375 0.033203125 0.033203125
0 0.703125 0.9609375 0.033203125 0.033203125
0 0.8984375 0.9609375 0.033203125 0.033203125
0 0.630859375 0.9619140625 0.033203125 0.033203125
0 0.6669921875 0.9619140625 0.033203125 0.033203125
0 0.685546875 0.9619140625 0.033203125 0.033203125
0 0.775390625 0.9619140625 0.033203125 0.033203125
0 0.79296875 0.9619140625 0.033203125 0.033203125
0 0.8115234375 0.9619140625 0.033203125 0.033203125
0 0.8291015625 0.9619140625 0.033203125 0.033203125
0 0.7197265625 0.962890625 0.033203125 0.033203125
0 0.830078125 0.962890625 0.033203125 0.033203125
0 0.970703125 0.962890625 0.033203125 0.033203125
0 0.73828125 0.9638671875 0.033203125 0.033203125
0 0.953125 0.9658203125 0.033203125 0.033203125
0 0.9345703125 0.966796875 0.033203125 0.033203125
0 0.9873046875 0.966796875 0.025390625 0.033203125