0 0.765625 0.0966796875 0.033203125 0.033203125
0 0.2236328125 0.103515625 0.033203125 0.033203125
0 0.1884765625 0.1064453125 0.033203125 0.033203125
0 0.7607421875 0.1435546875 0.033203125 0.033203125
0 0.15625 0.1826171875 0.033203125 0.033203125
0 0.7607421875 0.18359375 0.033203125 0.033203125
0 0.17578125 0.1865234375 0.033203125 0.033203125
0 0.154296875 0.2197265625 0.033203125 0.033203125
0 0.1884765625 0.220703125 0.033203125 0.033203125
0 0.2255859375 0.220703125 0.033203125 0.033203125
0 0.208984375 0.22265625 0.033203125 0.033203125
0 0.7607421875 0.2373046875 0.033203125 0.033203125
0 0.740234375 0.27734375 0.033203125 0.033203125
0 0.759765625 0.283203125 0.033203125 0.033203125
0 0.71875 0.294921875 0.033203125 0.033203125
0 0.1787109375 0.2998046875 0.033203125 0.033203125
0 0.5234375 0.2998046875 0.033203125 0.033203125
0 0.560546875 0.3037109375 0.033203125 0.033203125
0 0.736328125 0.3271484375 0.033203125 0.033203125
0 0.759765625 0.328125 0.033203125 0.033203125
0 0.71875 0.33984375 0.033203125 0.033203125
0 0.7919921875 0.3720703125 0.033203125 0.033203125
0 0.79296875 0.3720703125 0.033203125 0.033203125
0 0.8759765625 0.4150390625 0.033203125 0.033203125
0 0.87109375 0.45703125 0.033203125 0.033203125
0 0.62890625 0.4853515625 0.033203125 0.033203125
0 0.7880859375 0.4853515625 0.033203125 0.033203125
0 0.447265625 0.5068359375 0.033203125 0.033203125
0 0.810546875 0.525390625 0.033203125 0.033203125
0 0.7578125 0.5302734375 0.033203125 0.033203125
0 0.0615234375 0.568359375 0.033203125 0.033203125
0 0.103515625 0.5732421875 0.033203125 0.033203125
0 0.1953125 0.57421875 0.033203125 0.033203125
0 0.7880859375 0.65234375 0.033203125 0.033203125