0 0.2578125 0.013671875 0.033203125 0.02734375
0 0.2470703125 0.09765625 0.033203125 0.033203125
0 0.162109375 0.119140625 0.033203125 0.033203125
0 0.1650390625 0.138671875 0.033203125 0.033203125
0 0.7216796875 0.1513671875 0.033203125 0.033203125
0 0.71875 0.1767578125 0.033203125 0.033203125
0 0.1650390625 0.2373046875 0.033203125 0.033203125
0 0.564453125 0.3056640625 0.033203125 0.033203125
0 0.2275390625 0.373046875 0.033203125 0.033203125
0 0.150390625 0.375 0.033203125 0.033203125
0 0.705078125 0.6171875 0.033203125 0.033203125