0 0.431640625 0.029296875 0.033203125 0.033203125
0 0.35546875 0.099609375 0.033203125 0.033203125
0 0.8837890625 0.28515625 0.033203125 0.033203125
0 0.923828125 0.2861328125 0.033203125 0.033203125
0 0.939453125 0.359375 0.033203125 0.033203125
0 0.94140625 0.3974609375 0.033203125 0.033203125
0 0.8896484375 0.3994140625 0.033203125 0.033203125
0 0.193359375 0.416015625 0.033203125 0.033203125
0 0.17578125 0.4189453125 0.033203125 0.033203125
0 0.267578125 0.4189453125 0.033203125 0.033203125
0 0.2841796875 0.421875 0.033203125 0.033203125
0 0.52734375 0.443359375 0.033203125 0.033203125
0 0.9736328125 0.4853515625 0.033203125 0.033203125
0 0.3056640625 0.509765625 0.033203125 0.033203125
0 0.36328125 0.5126953125 0.033203125 0.033203125
0 0.3427734375 0.5146484375 0.033203125 0.033203125
0 0.25390625 0.515625 0.033203125 0.033203125
0 0.3603515625 0.5517578125 0.033203125 0.033203125
0 0.8271484375 0.5888671875 0.033203125 0.033203125
0 0.9287109375 0.6064453125 0.033203125 0.033203125
0 0.9638671875 0.6083984375 0.033203125 0.033203125
0 0.947265625 0.6103515625 0.033203125 0.033203125
0 0.99072265625 0.6123046875 0.0185546875 0.033203125
0 0.9140625 0.61328125 0.033203125 0.033203125
0 0.904296875 0.63671875 0.033203125 0.033203125
0 0.6064453125 0.6533203125 0.033203125 0.033203125
0 0.5146484375 0.6943359375 0.033203125 0.033203125
0 0.87890625 0.7001953125 0.033203125 0.033203125
0 0.8974609375 0.7001953125 0.033203125 0.033203125
0 0.3857421875 0.7451171875 0.033203125 0.033203125
0 0.1943359375 0.76171875 0.033203125 0.033203125
0 0.158203125 0.7646484375 0.033203125 0.033203125
0 0.265625 0.7646484375 0.033203125 0.033203125
0 0.083984375 0.7666015625 0.033203125 0.033203125
0 0.0263671875 0.8408203125 0.033203125 0.033203125
0 0.02734375 0.8408203125 0.033203125 0.033203125
0 0.0830078125 0.8408203125 0.033203125 0.033203125
0 0.064453125 0.84375 0.033203125 0.033203125
0 0.33203125 0.97265625 0.033203125 0.033203125