0 0.4228515625 0.00927734375 0.033203125 0.0185546875
0 0.3232421875 0.009765625 0.033203125 0.01953125
0 0.4921875 0.013671875 0.033203125 0.02734375
0 0.2548828125 0.0166015625 0.033203125 0.033203125
0 0.32421875 0.0185546875 0.033203125 0.033203125
0 0.357421875 0.0185546875 0.033203125 0.033203125
0 0.4228515625 0.0205078125 0.033203125 0.033203125
0 0.9169921875 0.0283203125 0.033203125 0.033203125
0 0.25390625 0.03125 0.033203125 0.033203125
0 0.32421875 0.03515625 0.033203125 0.033203125
0 0.3525390625 0.03515625 0.033203125 0.033203125
0 0.2548828125 0.0517578125 0.033203125 0.033203125
0 0.32421875 0.0517578125 0.033203125 0.033203125
0 0.357421875 0.0517578125 0.033203125 0.033203125
0 0.4267578125 0.0595703125 0.033203125 0.033203125
0 0.916015625 0.0625 0.033203125 0.033203125
0 0.32421875 0.06640625 0.033203125 0.033203125
0 0.2568359375 0.068359375 0.033203125 0.033203125
0 0.55859375 0.0693359375 0.033203125 0.033203125
0 0.32421875 0.0810546875 0.033203125 0.033203125
0 0.2529296875 0.083984375 0.033203125 0.033203125
0 0.3564453125 0.0849609375 0.033203125 0.033203125
0 0.560546875 0.0859375 0.033203125 0.033203125
0 0.251953125 0.0986328125 0.033203125 0.033203125
0 0.3505859375 0.1025390625 0.033203125 0.033203125
0 0.556640625 0.103515625 0.033203125 0.033203125
0 0.9189453125 0.1044921875 0.033203125 0.033203125
0 0.3193359375 0.1171875 0.033203125 0.033203125
0 0.3251953125 0.134765625 0.033203125 0.033203125
0 0.2509765625 0.150390625 0.033203125 0.033203125
0 0.322265625 0.1513671875 0.033203125 0.033203125
0 0.3544921875 0.1513671875 0.033203125 0.033203125
0 0.1796875 0.1611328125 0.033203125 0.033203125
0 0.1982421875 0.1611328125 0.033203125 0.033203125
0 0.349609375 0.166015625 0.033203125 0.033203125
0 0.3173828125 0.1669921875 0.033203125 0.033203125
0 0.1484375 0.169921875 0.033203125 0.033203125
0 0.2568359375 0.1826171875 0.033203125 0.033203125
0 0.3154296875 0.1826171875 0.033203125 0.033203125
0 0.611328125 0.1826171875 0.033203125 0.033203125
0 0.591796875 0.185546875 0.033203125 0.033203125
0 0.220703125 0.193359375 0.033203125 0.033203125
0 0.9189453125 0.1953125 0.033203125 0.033203125
0 0.3515625 0.197265625 0.033203125 0.033203125
0 0.3173828125 0.1982421875 0.033203125 0.033203125
0 0.25 0.212890625 0.033203125 0.033203125
0 0.3505859375 0.21875 0.033203125 0.033203125
0 0.2177734375 0.22265625 0.033203125 0.033203125
0 0.150390625 0.2255859375 0.033203125 0.033203125
0 0.1220703125 0.2265625 0.033203125 0.033203125
0 0.05859375 0.2294921875 0.033203125 0.033203125
0 0.2548828125 0.2294921875 0.033203125 0.033203125
0 0.4541015625 0.2314453125 0.033203125 0.033203125
0 0.216796875 0.2451171875 0.033203125 0.033203125
0 0.15625 0.2470703125 0.033203125 0.033203125
0 0.1240234375 0.248046875 0.033203125 0.033203125
0 0.2529296875 0.248046875 0.033203125 0.033203125
0 0.421875 0.2490234375 0.033203125 0.033203125
0 0.056640625 0.25 0.033203125 0.033203125
0 0.25 0.2626953125 0.033203125 0.033203125
0 0.06640625 0.263671875 0.033203125 0.033203125
0 0.3212890625 0.265625 0.033203125 0.033203125
0 0.1533203125 0.2666015625 0.033203125 0.033203125
0 0.353515625 0.279296875 0.033203125 0.033203125
0 0.1171875 0.283203125 0.033203125 0.033203125
0 0.154296875 0.2861328125 0.033203125 0.033203125
0 0.0576171875 0.287109375 0.033203125 0.033203125
0 0.46484375 0.2880859375 0.033203125 0.033203125
0 0.4873046875 0.291015625 0.033203125 0.033203125
0 0.546875 0.2939453125 0.033203125 0.033203125
0 0.25 0.294921875 0.033203125 0.033203125
0 0.349609375 0.296875 0.033203125 0.033203125
0 0.154296875 0.3056640625 0.033203125 0.033203125
0 0.05859375 0.306640625 0.033203125 0.033203125
0 0.3515625 0.3154296875 0.033203125 0.033203125
0 0.4208984375 0.318359375 0.033203125 0.033203125
0 0.455078125 0.3193359375 0.033203125 0.033203125
0 0.1533203125 0.32421875 0.033203125 0.033203125
0 0.0576171875 0.326171875 0.033203125 0.033203125
0 0.2529296875 0.328125 0.033203125 0.033203125
0 0.21875 0.3291015625 0.033203125 0.033203125
0 0.3154296875 0.330078125 0.033203125 0.033203125
0 0.4248046875 0.337890625 0.033203125 0.033203125
0 0.4619140625 0.3388671875 0.033203125 0.033203125
0 0.1220703125 0.3427734375 0.033203125 0.033203125
0 0.02734375 0.3447265625 0.033203125 0.033203125
0 0.349609375 0.3466796875 0.033203125 0.033203125
0 0.54296875 0.3486328125 0.033203125 0.033203125
0 0.2138671875 0.353515625 0.033203125 0.033203125
0 0.455078125 0.357421875 0.033203125 0.033203125
0 0.419921875 0.359375 0.033203125 0.033203125
0 0.216796875 0.3740234375 0.033203125 0.033203125
0 0.2509765625 0.376953125 0.033203125 0.033203125
0 0.4208984375 0.3779296875 0.033203125 0.033203125
0 0.4560546875 0.3779296875 0.033203125 0.033203125
0 0.3515625 0.37890625 0.033203125 0.033203125
0 0.8203125 0.3876953125 0.033203125 0.033203125
0 0.4189453125 0.3974609375 0.033203125 0.033203125
0 0.45703125 0.3994140625 0.033203125 0.033203125
0 0.7900390625 0.404296875 0.033203125 0.033203125
0 0.25 0.41015625 0.033203125 0.033203125
0 0.4208984375 0.41796875 0.033203125 0.033203125
0 0.4541015625 0.41796875 0.033203125 0.033203125
0 0.5458984375 0.421875 0.033203125 0.033203125
0 0.4208984375 0.4365234375 0.033203125 0.033203125
0 0.4560546875 0.4375 0.033203125 0.033203125
0 0.544921875 0.439453125 0.033203125 0.033203125
0 0.21484375 0.4404296875 0.033203125 0.033203125
0 0.4248046875 0.4560546875 0.033203125 0.033203125
0 0.45703125 0.4560546875 0.033203125 0.033203125
0 0.541015625 0.4580078125 0.033203125 0.033203125
0 0.4189453125 0.4736328125 0.033203125 0.033203125
0 0.4619140625 0.474609375 0.033203125 0.033203125
0 0.54296875 0.4775390625 0.033203125 0.033203125
0 0.3193359375 0.4931640625 0.033203125 0.033203125
0 0.541015625 0.4951171875 0.033203125 0.033203125
0 0.41796875 0.49609375 0.033203125 0.033203125
0 0.451171875 0.49609375 0.033203125 0.033203125
0 0.216796875 0.5048828125 0.033203125 0.033203125
0 0.5400390625 0.5107421875 0.033203125 0.033203125
0 0.4189453125 0.5166015625 0.033203125 0.033203125
0 0.45703125 0.517578125 0.033203125 0.033203125
0 0.7919921875 0.5205078125 0.033203125 0.033203125
0 0.21484375 0.5234375 0.033203125 0.033203125
0 0.353515625 0.5302734375 0.033203125 0.033203125
0 0.537109375 0.5322265625 0.033203125 0.033203125
0 0.416015625 0.5361328125 0.033203125 0.033203125
0 0.45703125 0.5361328125 0.033203125 0.033203125
0 0.16796875 0.5517578125 0.033203125 0.033203125
0 0.5390625 0.5537109375 0.033203125 0.033203125
0 0.43359375 0.5556640625 0.033203125 0.033203125
0 0.84375 0.556640625 0.033203125 0.033203125
0 0.2685546875 0.5810546875 0.033203125 0.033203125
0 0.00830078125 0.6103515625 0.0166015625 0.033203125
0 0.23046875 0.6357421875 0.033203125 0.033203125
0 0.8154296875 0.64453125 0.033203125 0.033203125
0 0.037109375 0.6650390625 0.033203125 0.033203125
0 0.0087890625 0.6826171875 0.017578125 0.033203125
0 0.1240234375 0.6884765625 0.033203125 0.033203125
0 0.037109375 0.6982421875 0.033203125 0.033203125
0 0.228515625 0.7099609375 0.033203125 0.033203125
0 0.787109375 0.7119140625 0.033203125 0.033203125
0 0.03515625 0.7177734375 0.033203125 0.033203125
0 0.1240234375 0.7216796875 0.033203125 0.033203125
0 0.00927734375 0.73828125 0.0185546875 0.033203125
0 0.125 0.73828125 0.033203125 0.033203125
0 0.91796875 0.7392578125 0.033203125 0.033203125
0 0.2294921875 0.7490234375 0.033203125 0.033203125
0 0.0078125 0.7548828125 0.015625 0.033203125
0 0.03125 0.7548828125 0.033203125 0.033203125
0 0.1240234375 0.755859375 0.033203125 0.033203125
0 0.03125 0.7734375 0.033203125 0.033203125
0 0.1259765625 0.7734375 0.033203125 0.033203125
0 0.3115234375 0.77734375 0.033203125 0.033203125
0 0.921875 0.7802734375 0.033203125 0.033203125
0 0.3720703125 0.783203125 0.033203125 0.033203125
0 0.037109375 0.791015625 0.033203125 0.033203125
0 0.1240234375 0.791015625 0.033203125 0.033203125
0 0.7861328125 0.806640625 0.033203125 0.033203125
0 0.0341796875 0.8095703125 0.033203125 0.033203125
0 0.1259765625 0.8095703125 0.033203125 0.033203125
0 0.8603515625 0.8125 0.033203125 0.033203125
0 0.923828125 0.822265625 0.033203125 0.033203125
0 0.1240234375 0.8271484375 0.033203125 0.033203125
0 0.0341796875 0.828125 0.033203125 0.033203125
0 0.2275390625 0.84375 0.033203125 0.033203125
0 0.123046875 0.845703125 0.033203125 0.033203125
0 0.3740234375 0.8525390625 0.033203125 0.033203125
0 0.3134765625 0.85546875 0.033203125 0.033203125
0 0.3359375 0.85546875 0.033203125 0.033203125
0 0.1962890625 0.8583984375 0.033203125 0.033203125
0 0.9228515625 0.859375 0.033203125 0.033203125
0 0.123046875 0.86328125 0.033203125 0.033203125
0 0.2275390625 0.86328125 0.033203125 0.033203125
0 0.1220703125 0.876953125 0.033203125 0.033203125
0 0.1962890625 0.87890625 0.033203125 0.033203125
0 0.228515625 0.8837890625 0.033203125 0.033203125
0 0.861328125 0.892578125 0.033203125 0.033203125
0 0.1962890625 0.8994140625 0.033203125 0.033203125
0 0.1943359375 0.91796875 0.033203125 0.033203125
0 0.369140625 0.921875 0.033203125 0.033203125
0 0.4033203125 0.923828125 0.033203125 0.033203125
0 0.3369140625 0.92578125 0.033203125 0.033203125
0 0.1962890625 0.9365234375 0.033203125 0.033203125
0 0.8544921875 0.9375 0.033203125 0.033203125
0 0.1904296875 0.9599609375 0.033203125 0.033203125
0 0.2294921875 0.9638671875 0.033203125 0.033203125
0 0.6083984375 0.974609375 0.033203125 0.033203125
0 0.6298828125 0.974609375 0.033203125 0.033203125
0 0.6484375 0.9775390625 0.033203125 0.033203125