0 0.3212890625 0.4404296875 0.033203125 0.033203125
0 0.7578125 0.478515625 0.033203125 0.033203125
0 0.7822265625 0.48046875 0.033203125 0.033203125
0 0.9599609375 0.509765625 0.033203125 0.033203125
0 0.326171875 0.5888671875 0.033203125 0.033203125
0 0.5546875 0.7353515625 0.033203125 0.033203125
0 0.599609375 0.787109375 0.033203125 0.033203125
0 0.6884765625 0.8427734375 0.033203125 0.033203125
0 0.654296875 0.85546875 0.033203125 0.033203125
0 0.8515625 0.9267578125 0.033203125 0.033203125
0 0.9091796875 0.939453125 0.033203125 0.033203125