0 0.33203125 0.1083984375 0.033203125 0.033203125
0 0.533203125 0.111328125 0.033203125 0.033203125
0 0.8369140625 0.1142578125 0.033203125 0.033203125
0 0.080078125 0.16015625 0.033203125 0.033203125
0 0.7890625 0.169921875 0.033203125 0.033203125
0 0.97265625 0.173828125 0.033203125 0.033203125
0 0.8427734375 0.244140625 0.033203125 0.033203125
0 0.544921875 0.2451171875 0.033203125 0.033203125
0 0.5 0.275390625 0.033203125 0.033203125
0 0.76953125 0.2763671875 0.033203125 0.033203125
0 0.98828125 0.279296875 0.0234375 0.033203125
0 0.4462890625 0.333984375 0.033203125 0.033203125
0 0.125 0.349609375 0.033203125 0.033203125
0 0.142578125 0.3505859375 0.033203125 0.033203125
0 0.16015625 0.3505859375 0.033203125 0.033203125
0 0.232421875 0.3525390625 0.033203125 0.033203125
0 0.44921875 0.353515625 0.033203125 0.033203125
0 0.212890625 0.3544921875 0.033203125 0.033203125
0 0.1953125 0.35546875 0.033203125 0.033203125
0 0.2509765625 0.359375 0.033203125 0.033203125
0 0.0810546875 0.3818359375 0.033203125 0.033203125
0 0.0791015625 0.396484375 0.033203125 0.033203125
0 0.2958984375 0.4033203125 0.033203125 0.033203125
0 0.0771484375 0.416015625 0.033203125 0.033203125
0 0.294921875 0.421875 0.033203125 0.033203125
0 0.1669921875 0.427734375 0.033203125 0.033203125
0 0.0791015625 0.4306640625 0.033203125 0.033203125
0 0.2099609375 0.4306640625 0.033203125 0.033203125
0 0.20703125 0.4482421875 0.033203125 0.033203125
0 0.1669921875 0.4501953125 0.033203125 0.033203125
0 0.0751953125 0.451171875 0.033203125 0.033203125
0 0.076171875 0.4521484375 0.033203125 0.033203125
0 0.373046875 0.4541015625 0.033203125 0.033203125
0 0.296875 0.4560546875 0.033203125 0.033203125
0 0.1630859375 0.4677734375 0.033203125 0.033203125
0 0.4521484375 0.4677734375 0.033203125 0.033203125
0 0.22265625 0.46875 0.033203125 0.033203125
0 0.078125 0.470703125 0.033203125 0.033203125
0 0.1669921875 0.4833984375 0.033203125 0.033203125
0 0.20703125 0.4853515625 0.033203125 0.033203125
0 0.369140625 0.494140625 0.033203125 0.033203125
0 0.1630859375 0.5029296875 0.033203125 0.033203125
0 0.20703125 0.50390625 0.033203125 0.033203125
0 0.7900390625 0.515625 0.033203125 0.033203125
0 0.1650390625 0.5224609375 0.033203125 0.033203125
0 0.3701171875 0.5361328125 0.033203125 0.033203125
0 0.0830078125 0.5380859375 0.033203125 0.033203125
0 0.1650390625 0.5400390625 0.033203125 0.033203125
0 0.294921875 0.5478515625 0.033203125 0.033203125
0 0.0849609375 0.5546875 0.033203125 0.033203125
0 0.166015625 0.5576171875 0.033203125 0.033203125
0 0.0849609375 0.5693359375 0.033203125 0.033203125
0 0.1650390625 0.5712890625 0.033203125 0.033203125
0 0.0771484375 0.5908203125 0.033203125 0.033203125
0 0.1650390625 0.591796875 0.033203125 0.033203125
0 0.0771484375 0.609375 0.033203125 0.033203125
0 0.16796875 0.6103515625 0.033203125 0.033203125
0 0.078125 0.6259765625 0.033203125 0.033203125
0 0.16015625 0.626953125 0.033203125 0.033203125
0 0.85546875 0.6328125 0.033203125 0.033203125
0 0.8955078125 0.634765625 0.033203125 0.033203125
0 0.9296875 0.6357421875 0.033203125 0.033203125
0 0.875 0.638671875 0.033203125 0.033203125
0 0.1669921875 0.64453125 0.033203125 0.033203125
0 0.0732421875 0.6455078125 0.033203125 0.033203125
0 0.4326171875 0.6455078125 0.033203125 0.033203125
0 0.552734375 0.6474609375 0.033203125 0.033203125
0 0.3955078125 0.6484375 0.033203125 0.033203125
0 0.4130859375 0.6494140625 0.033203125 0.033203125
0 0.4990234375 0.6494140625 0.033203125 0.033203125
0 0.5361328125 0.6494140625 0.033203125 0.033203125
0 0.4833984375 0.650390625 0.033203125 0.033203125
0 0.517578125 0.650390625 0.033203125 0.033203125
0 0.4501953125 0.6513671875 0.033203125 0.033203125
0 0.5869140625 0.6513671875 0.033203125 0.033203125
0 0.5693359375 0.6533203125 0.033203125 0.033203125
0 0.60546875 0.6572265625 0.033203125 0.033203125
0 0.0751953125 0.662109375 0.033203125 0.033203125
0 0.1669921875 0.6650390625 0.033203125 0.033203125
0 0.1669921875 0.6826171875 0.033203125 0.033203125
0 0.697265625 0.685546875 0.033203125 0.033203125
0 0.78515625 0.6884765625 0.033203125 0.033203125
0 0.8251953125 0.6884765625 0.033203125 0.033203125
0 0.697265625 0.7041015625 0.033203125 0.033203125
0 0.7900390625 0.705078125 0.033203125 0.033203125
0 0.822265625 0.70703125 0.033203125 0.033203125
0 0.0771484375 0.7119140625 0.033203125 0.033203125
0 0.6982421875 0.720703125 0.033203125 0.033203125
0 0.7841796875 0.72265625 0.033203125 0.033203125
0 0.8203125 0.7255859375 0.033203125 0.033203125
0 0.291015625 0.7294921875 0.033203125 0.033203125
0 0.3994140625 0.736328125 0.033203125 0.033203125
0 0.9130859375 0.736328125 0.033203125 0.033203125
0 0.4326171875 0.7373046875 0.033203125 0.033203125
0 0.5517578125 0.7373046875 0.033203125 0.033203125
0 0.6923828125 0.7373046875 0.033203125 0.033203125
0 0.365234375 0.73828125 0.033203125 0.033203125
0 0.4833984375 0.7392578125 0.033203125 0.033203125
0 0.4169921875 0.740234375 0.033203125 0.033203125
0 0.4501953125 0.740234375 0.033203125 0.033203125
0 0.466796875 0.740234375 0.033203125 0.033203125
0 0.501953125 0.740234375 0.033203125 0.033203125
0 0.5703125 0.740234375 0.033203125 0.033203125
0 0.603515625 0.740234375 0.033203125 0.033203125
0 0.3818359375 0.7412109375 0.033203125 0.033203125
0 0.51953125 0.7412109375 0.033203125 0.033203125
0 0.5361328125 0.7412109375 0.033203125 0.033203125
0 0.5849609375 0.7421875 0.033203125 0.033203125
0 0.8212890625 0.7421875 0.033203125 0.033203125
0 0.7861328125 0.7431640625 0.033203125 0.033203125
0 0.6943359375 0.7548828125 0.033203125 0.033203125
0 0.9111328125 0.7548828125 0.033203125 0.033203125
0 0.78515625 0.759765625 0.033203125 0.033203125
0 0.8232421875 0.759765625 0.033203125 0.033203125
0 0.1630859375 0.771484375 0.033203125 0.033203125
0 0.365234375 0.771484375 0.033203125 0.033203125
0 0.3837890625 0.771484375 0.033203125 0.033203125
0 0.41796875 0.771484375 0.033203125 0.033203125
0 0.4990234375 0.771484375 0.033203125 0.033203125
0 0.9189453125 0.771484375 0.033203125 0.033203125
0 0.6943359375 0.7724609375 0.033203125 0.033203125
0 0.400390625 0.7734375 0.033203125 0.033203125
0 0.205078125 0.7763671875 0.033203125 0.033203125
0 0.44921875 0.77734375 0.033203125 0.033203125
0 0.466796875 0.7783203125 0.033203125 0.033203125
0 0.7880859375 0.7783203125 0.033203125 0.033203125
0 0.82421875 0.7802734375 0.033203125 0.033203125
0 0.6923828125 0.7900390625 0.033203125 0.033203125
0 0.916015625 0.79296875 0.033203125 0.033203125
0 0.279296875 0.798828125 0.033203125 0.033203125
0 0.2421875 0.7998046875 0.033203125 0.033203125
0 0.26171875 0.80078125 0.033203125 0.033203125
0 0.224609375 0.802734375 0.033203125 0.033203125
0 0.6953125 0.8056640625 0.033203125 0.033203125
0 0.1611328125 0.8212890625 0.033203125 0.033203125
0 0.1650390625 0.8359375 0.033203125 0.033203125
0 0.888671875 0.83984375 0.033203125 0.033203125
0 0.923828125 0.8408203125 0.033203125 0.033203125
0 0.9052734375 0.8427734375 0.033203125 0.033203125
0 0.1650390625 0.8525390625 0.033203125 0.033203125
0 0.216796875 0.853515625 0.033203125 0.033203125
0 0.8544921875 0.85546875 0.033203125 0.033203125
0 0.4306640625 0.859375 0.033203125 0.033203125
0 0.4814453125 0.8603515625 0.033203125 0.033203125
0 0.2587890625 0.861328125 0.033203125 0.033203125
0 0.412109375 0.8623046875 0.033203125 0.033203125
0 0.27734375 0.865234375 0.033203125 0.033203125
0 0.1591796875 0.8681640625 0.033203125 0.033203125
0 0.1611328125 0.88671875 0.033203125 0.033203125
0 0.4375 0.89453125 0.033203125 0.033203125
0 0.4814453125 0.8955078125 0.033203125 0.033203125
0 0.392578125 0.8994140625 0.033203125 0.033203125
0 0.37109375 0.95703125 0.033203125 0.033203125
0 0.48046875 0.95703125 0.033203125 0.033203125
0 0.4599609375 0.958984375 0.033203125 0.033203125
0 0.4384765625 0.9599609375 0.033203125 0.033203125
0 0.416015625 0.9609375 0.033203125 0.033203125
0 0.8623046875 0.9716796875 0.033203125 0.033203125
0 0.9130859375 0.97265625 0.033203125 0.033203125