0 0.5234375 0.048828125 0.033203125 0.033203125
0 0.5693359375 0.2138671875 0.033203125 0.033203125
0 0.03125 0.2158203125 0.033203125 0.033203125
0 0.025390625 0.2490234375 0.033203125 0.033203125
0 0.025390625 0.28125 0.033203125 0.033203125
0 0.4833984375 0.2998046875 0.033203125 0.033203125
0 0.9287109375 0.3125 0.033203125 0.033203125
0 0.20703125 0.3203125 0.033203125 0.033203125
0 0.87109375 0.3212890625 0.033203125 0.033203125
0 0.189453125 0.3232421875 0.033203125 0.033203125
0 0.1396484375 0.32421875 0.033203125 0.033203125
0 0.173828125 0.326171875 0.033203125 0.033203125
0 0.0703125 0.3330078125 0.033203125 0.033203125
0 0.5458984375 0.333984375 0.033203125 0.033203125
0 0.80078125 0.3642578125 0.033203125 0.033203125
0 0.798828125 0.4697265625 0.033203125 0.033203125
0 0.783203125 0.548828125 0.033203125 0.033203125
0 0.4501953125 0.5869140625 0.033203125 0.033203125
0 0.7978515625 0.9375 0.033203125 0.033203125