0 0.6875 0.0634765625 0.033203125 0.033203125
0 0.396484375 0.076171875 0.033203125 0.033203125
0 0.6884765625 0.125 0.033203125 0.033203125
0 0.6220703125 0.126953125 0.033203125 0.033203125
0 0.9130859375 0.138671875 0.033203125 0.033203125
0 0.5029296875 0.1640625 0.033203125 0.033203125
0 0.1904296875 0.18359375 0.033203125 0.033203125
0 0.3271484375 0.18359375 0.033203125 0.033203125
0 0.3779296875 0.2119140625 0.033203125 0.033203125
0 0.8486328125 0.2529296875 0.033203125 0.033203125
0 0.9609375 0.423828125 0.033203125 0.033203125
0 0.87890625 0.5380859375 0.033203125 0.033203125
0 0.83984375 0.5390625 0.033203125 0.033203125
0 0.806640625 0.5400390625 0.033203125 0.033203125
0 0.04296875 0.541015625 0.033203125 0.033203125
0 0.076171875 0.541015625 0.033203125 0.033203125
0 0.98681640625 0.5419921875 0.0263671875 0.033203125
0 0.2138671875 0.5439453125 0.033203125 0.033203125
0 0.3408203125 0.5439453125 0.033203125 0.033203125
0 0.7998046875 0.5625 0.033203125 0.033203125
0 0.4091796875 0.609375 0.033203125 0.033203125
0 0.4345703125 0.609375 0.033203125 0.033203125
0 0.48046875 0.6103515625 0.033203125 0.033203125
0 0.8837890625 0.6240234375 0.033203125 0.033203125
0 0.9677734375 0.625 0.033203125 0.033203125
0 0.91796875 0.6259765625 0.033203125 0.033203125
0 0.314453125 0.630859375 0.033203125 0.033203125
0 0.1884765625 0.6357421875 0.033203125 0.033203125
0 0.0986328125 0.63671875 0.033203125 0.033203125
0 0.6875 0.7734375 0.033203125 0.033203125
0 0.607421875 0.7890625 0.033203125 0.033203125
0 0.6865234375 0.828125 0.033203125 0.033203125
0 0.6328125 0.84765625 0.033203125 0.033203125
0 0.60546875 0.873046875 0.033203125 0.033203125
0 0.9375 0.9248046875 0.033203125 0.033203125
0 0.6904296875 0.9345703125 0.033203125 0.033203125
0 0.9501953125 0.955078125 0.033203125 0.033203125
0 0.6015625 0.962890625 0.033203125 0.033203125