0 0.044921875 0.0517578125 0.033203125 0.033203125
0 0.244140625 0.06640625 0.033203125 0.033203125
0 0.4033203125 0.111328125 0.033203125 0.033203125
0 0.4140625 0.2919921875 0.033203125 0.033203125
0 0.41015625 0.435546875 0.033203125 0.033203125
0 0.1376953125 0.447265625 0.033203125 0.033203125
0 0.2822265625 0.44921875 0.033203125 0.033203125
0 0.2431640625 0.4541015625 0.033203125 0.033203125
0 0.20703125 0.455078125 0.033203125 0.033203125
0 0.1181640625 0.4560546875 0.033203125 0.033203125
0 0.537109375 0.4921875 0.033203125 0.033203125
0 0.0458984375 0.5361328125 0.033203125 0.033203125
0 0.1533203125 0.5380859375 0.033203125 0.033203125
0 0.0634765625 0.5390625 0.033203125 0.033203125
0 0.1728515625 0.5390625 0.033203125 0.033203125
0 0.0283203125 0.5400390625 0.033203125 0.033203125
0 0.080078125 0.5400390625 0.033203125 0.033203125
0 0.1171875 0.541015625 0.033203125 0.033203125
0 0.2294921875 0.5419921875 0.033203125 0.033203125
0 0.2470703125 0.5419921875 0.033203125 0.033203125
0 0.2822265625 0.5419921875 0.033203125 0.033203125
0 0.099609375 0.54296875 0.033203125 0.033203125
0 0.240234375 0.5908203125 0.033203125 0.033203125
0 0.1748046875 0.5927734375 0.033203125 0.033203125
0 0.5361328125 0.615234375 0.033203125 0.033203125
0 0.1884765625 0.7685546875 0.033203125 0.033203125
0 0.2275390625 0.771484375 0.033203125 0.033203125
0 0.30078125 0.7763671875 0.033203125 0.033203125
0 0.75 0.8046875 0.033203125 0.033203125
0 0.98583984375 0.8349609375 0.0283203125 0.033203125
0 0.1884765625 0.841796875 0.033203125 0.033203125
0 0.154296875 0.8447265625 0.033203125 0.033203125
0 0.7275390625 0.85546875 0.033203125 0.033203125
0 0.8154296875 0.857421875 0.033203125 0.033203125
0 0.9287109375 0.943359375 0.033203125 0.033203125
0 0.96484375 0.9453125 0.033203125 0.033203125
0 0.98388671875 0.947265625 0.0322265625 0.033203125
0 0.4072265625 0.9599609375 0.033203125 0.033203125
0 0.5322265625 0.9755859375 0.033203125 0.033203125
0 0.4052734375 0.98974609375 0.033203125 0.0205078125