0 0.046875 0.01220703125 0.033203125 0.0244140625
0 0.0654296875 0.01513671875 0.033203125 0.0302734375
0 0.0830078125 0.01611328125 0.033203125 0.0322265625
0 0.2451171875 0.0185546875 0.033203125 0.033203125
0 0.1162109375 0.01953125 0.033203125 0.033203125
0 0.171875 0.0205078125 0.033203125 0.033203125
0 0.208984375 0.0205078125 0.033203125 0.033203125
0 0.134765625 0.0244140625 0.033203125 0.033203125
0 0.154296875 0.025390625 0.033203125 0.033203125
0 0.455078125 0.025390625 0.033203125 0.033203125
0 0.599609375 0.02734375 0.033203125 0.033203125
0 0.6220703125 0.0341796875 0.033203125 0.033203125
0 0.380859375 0.046875 0.033203125 0.033203125
0 0.77734375 0.0498046875 0.033203125 0.033203125
0 0.021484375 0.0654296875 0.033203125 0.033203125
0 0.380859375 0.0791015625 0.033203125 0.033203125
0 0.0224609375 0.080078125 0.033203125 0.033203125
0 0.853515625 0.0859375 0.033203125 0.033203125
0 0.9501953125 0.08984375 0.033203125 0.033203125
0 0.01611328125 0.0986328125 0.0322265625 0.033203125
0 0.953125 0.109375 0.033203125 0.033203125
0 0.017578125 0.115234375 0.033203125 0.033203125
0 0.01611328125 0.1328125 0.0322265625 0.033203125
0 0.3798828125 0.1435546875 0.033203125 0.033203125
0 0.9521484375 0.1494140625 0.033203125 0.033203125
0 0.017578125 0.150390625 0.033203125 0.033203125
0 0.0234375 0.169921875 0.033203125 0.033203125
0 0.3779296875 0.1865234375 0.033203125 0.033203125
0 0.5810546875 0.1923828125 0.033203125 0.033203125
0 0.419921875 0.20703125 0.033203125 0.033203125
0 0.40234375 0.21484375 0.033203125 0.033203125
0 0.6767578125 0.2177734375 0.033203125 0.033203125
0 0.5859375 0.2197265625 0.033203125 0.033203125
0 0.02734375 0.279296875 0.033203125 0.033203125
0 0.716796875 0.279296875 0.033203125 0.033203125
0 0.369140625 0.2802734375 0.033203125 0.033203125
0 0.1982421875 0.296875 0.033203125 0.033203125
0 0.5634765625 0.2978515625 0.033203125 0.033203125
0 0.568359375 0.33984375 0.033203125 0.033203125
0 0.2412109375 0.4013671875 0.033203125 0.033203125
0 0.2802734375 0.4013671875 0.033203125 0.033203125
0 0.7890625 0.421875 0.033203125 0.033203125
0 0.67578125 0.4462890625 0.033203125 0.033203125
0 0.2509765625 0.4658203125 0.033203125 0.033203125
0 0.6748046875 0.4658203125 0.033203125 0.033203125
0 0.7880859375 0.466796875 0.033203125 0.033203125
0 0.9072265625 0.4697265625 0.033203125 0.033203125
0 0.423828125 0.5234375 0.033203125 0.033203125
0 0.4599609375 0.525390625 0.033203125 0.033203125
0 0.9658203125 0.525390625 0.033203125 0.033203125
0 0.4384765625 0.5390625 0.033203125 0.033203125
0 0.7314453125 0.560546875 0.033203125 0.033203125
0 0.419921875 0.5615234375 0.033203125 0.033203125
0 0.4638671875 0.5654296875 0.033203125 0.033203125
0 0.697265625 0.580078125 0.033203125 0.033203125
0 0.44140625 0.5830078125 0.033203125 0.033203125
0 0.744140625 0.6103515625 0.033203125 0.033203125
0 0.458984375 0.6162109375 0.033203125 0.033203125
0 0.9853515625 0.6220703125 0.029296875 0.033203125
0 0.748046875 0.6259765625 0.033203125 0.033203125
0 0.78515625 0.626953125 0.033203125 0.033203125
0 0.630859375 0.6298828125 0.033203125 0.033203125
0 0.75 0.6494140625 0.033203125 0.033203125
0 0.984375 0.6669921875 0.03125 0.033203125
0 0.98486328125 0.6875 0.0302734375 0.033203125
0 0.98388671875 0.708984375 0.0322265625 0.033203125
0 0.8359375 0.7265625 0.033203125 0.033203125
0 0.98486328125 0.75390625 0.0302734375 0.033203125
0 0.015625 0.7568359375 0.03125 0.033203125
0 0.16796875 0.7578125 0.033203125 0.033203125
0 0.978515625 0.779296875 0.033203125 0.033203125
0 0.49609375 0.7822265625 0.033203125 0.033203125
0 0.98388671875 0.796875 0.0322265625 0.033203125
0 0.8642578125 0.81640625 0.033203125 0.033203125
0 0.0224609375 0.8271484375 0.033203125 0.033203125
0 0.08984375 0.833984375 0.033203125 0.033203125
0 0.20703125 0.853515625 0.033203125 0.033203125
0 0.1181640625 0.8544921875 0.033203125 0.033203125
0 0.037109375 0.912109375 0.033203125 0.033203125
0 0.1025390625 0.912109375 0.033203125 0.033203125
0 0.1181640625 0.9130859375 0.033203125 0.033203125
0 0.0078125 0.9140625 0.015625 0.033203125
0 0.01953125 0.9150390625 0.033203125 0.033203125
0 0.0537109375 0.916015625 0.033203125 0.033203125
0 0.7783203125 0.9228515625 0.033203125 0.033203125
0 0.6943359375 0.9287109375 0.033203125 0.033203125
0 0.75 0.9287109375 0.033203125 0.033203125
0 0.7099609375 0.9296875 0.033203125 0.033203125
0 0.150390625 0.9345703125 0.033203125 0.033203125
0 0.150390625 0.9541015625 0.033203125 0.033203125
0 0.1533203125 0.97265625 0.033203125 0.033203125