0 0.65625 0.00830078125 0.033203125 0.0166015625
0 0.560546875 0.0087890625 0.033203125 0.017578125
0 0.4443359375 0.00927734375 0.033203125 0.0185546875
0 0.400390625 0.0302734375 0.033203125 0.033203125
0 0.689453125 0.0322265625 0.033203125 0.033203125
0 0.7666015625 0.033203125 0.033203125 0.033203125
0 0.408203125 0.0537109375 0.033203125 0.033203125
0 0.7255859375 0.0576171875 0.033203125 0.033203125
0 0.6982421875 0.0595703125 0.033203125 0.033203125
0 0.6787109375 0.0654296875 0.033203125 0.033203125
0 0.767578125 0.0693359375 0.033203125 0.033203125
0 0.666015625 0.09765625 0.033203125 0.033203125
0 0.421875 0.103515625 0.033203125 0.033203125
0 0.3701171875 0.10546875 0.033203125 0.033203125
0 0.38671875 0.146484375 0.033203125 0.033203125
0 0.876953125 0.3017578125 0.033203125 0.033203125
0 0.82421875 0.66015625 0.033203125 0.033203125