0 0.3662109375 0.037109375 0.033203125 0.033203125
0 0.1064453125 0.048828125 0.033203125 0.033203125
0 0.400390625 0.0546875 0.033203125 0.033203125
0 0.42578125 0.0888671875 0.033203125 0.033203125
0 0.73828125 0.1142578125 0.033203125 0.033203125
0 0.015625 0.1162109375 0.03125 0.033203125
0 0.46875 0.1259765625 0.033203125 0.033203125
0 0.375 0.1796875 0.033203125 0.033203125
0 0.376953125 0.2080078125 0.033203125 0.033203125
0 0.333984375 0.2294921875 0.033203125 0.033203125
0 0.720703125 0.2470703125 0.033203125 0.033203125
0 0.3212890625 0.2783203125 0.033203125 0.033203125
0 0.65234375 0.283203125 0.033203125 0.033203125
0 0.5732421875 0.345703125 0.033203125 0.033203125
0 0.619140625 0.3798828125 0.033203125 0.033203125
0 0.66796875 0.3994140625 0.033203125 0.033203125
0 0.712890625 0.4892578125 0.033203125 0.033203125
0 0.431640625 0.5322265625 0.033203125 0.033203125
0 0.8564453125 0.5625 0.033203125 0.033203125
0 0.10546875 0.5634765625 0.033203125 0.033203125
0 0.4560546875 0.5791015625 0.033203125 0.033203125
0 0.6513671875 0.603515625 0.033203125 0.033203125
0 0.845703125 0.6083984375 0.033203125 0.033203125
0 0.740234375 0.642578125 0.033203125 0.033203125
0 0.7255859375 0.705078125 0.033203125 0.033203125
0 0.798828125 0.7119140625 0.033203125 0.033203125
0 0.0751953125 0.8427734375 0.033203125 0.033203125
0 0.533203125 0.92578125 0.033203125 0.033203125