0 0.5751953125 0.529296875 0.033203125 0.033203125
0 0.291015625 0.5654296875 0.033203125 0.033203125
0 0.576171875 0.599609375 0.033203125 0.033203125
0 0.5771484375 0.6357421875 0.033203125 0.033203125
0 0.6728515625 0.6357421875 0.033203125 0.033203125
0 0.578125 0.65234375 0.033203125 0.033203125
0 0.669921875 0.689453125 0.033203125 0.033203125
0 0.580078125 0.7236328125 0.033203125 0.033203125
0 0.337890625 0.7294921875 0.033203125 0.033203125
0 0.5751953125 0.7421875 0.033203125 0.033203125
0 0.57421875 0.759765625 0.033203125 0.033203125
0 0.576171875 0.8154296875 0.033203125 0.033203125
0 0.423828125 0.9306640625 0.033203125 0.033203125