0 0.798828125 0.01171875 0.033203125 0.0234375
0 0.7998046875 0.041015625 0.033203125 0.033203125
0 0.861328125 0.0888671875 0.033203125 0.033203125
0 0.0400390625 0.1005859375 0.033203125 0.033203125
0 0.796875 0.125 0.033203125 0.033203125
0 0.8642578125 0.13671875 0.033203125 0.033203125
0 0.0390625 0.1396484375 0.033203125 0.033203125
0 0.685546875 0.1689453125 0.033203125 0.033203125
0 0.685546875 0.169921875 0.033203125 0.033203125
0 0.041015625 0.177734375 0.033203125 0.033203125
0 0.798828125 0.2099609375 0.033203125 0.033203125
0 0.0390625 0.2197265625 0.033203125 0.033203125
0 0.865234375 0.2275390625 0.033203125 0.033203125
0 0.8642578125 0.2626953125 0.033203125 0.033203125
0 0.0341796875 0.275390625 0.033203125 0.033203125
0 0.7998046875 0.30859375 0.033203125 0.033203125
0 0.861328125 0.333984375 0.033203125 0.033203125
0 0.7333984375 0.3525390625 0.033203125 0.033203125
0 0.79296875 0.39453125 0.033203125 0.033203125
0 0.8564453125 0.4306640625 0.033203125 0.033203125
0 0.861328125 0.458984375 0.033203125 0.033203125
0 0.1494140625 0.53125 0.033203125 0.033203125
0 0.1865234375 0.5322265625 0.033203125 0.033203125
0 0.3271484375 0.533203125 0.033203125 0.033203125
0 0.4443359375 0.533203125 0.033203125 0.033203125
0 0.3623046875 0.53515625 0.033203125 0.033203125
0 0.4072265625 0.53515625 0.033203125 0.033203125
0 0.517578125 0.5380859375 0.033203125 0.033203125
0 0.560546875 0.5380859375 0.033203125 0.033203125
0 0.60546875 0.5380859375 0.033203125 0.033203125
0 0.6953125 0.5380859375 0.033203125 0.033203125
0 0.7333984375 0.5380859375 0.033203125 0.033203125
0 0.4140625 0.59375 0.033203125 0.033203125
0 0.28125 0.595703125 0.033203125 0.033203125
0 0.517578125 0.5986328125 0.033203125 0.033203125
0 0.560546875 0.5986328125 0.033203125 0.033203125
0 0.6337890625 0.5986328125 0.033203125 0.033203125
0 0.6826171875 0.5986328125 0.033203125 0.033203125
0 0.47265625 0.599609375 0.033203125 0.033203125
0 0.712890625 0.6015625 0.033203125 0.033203125
0 0.85546875 0.748046875 0.033203125 0.033203125
0 0.033203125 0.751953125 0.033203125 0.033203125
0 0.8564453125 0.7900390625 0.033203125 0.033203125
0 0.0947265625 0.798828125 0.033203125 0.033203125
0 0.7939453125 0.80078125 0.033203125 0.033203125
0 0.857421875 0.830078125 0.033203125 0.033203125
0 0.7099609375 0.83984375 0.033203125 0.033203125
0 0.9609375 0.943359375 0.033203125 0.033203125
0 0.7890625 0.9453125 0.033203125 0.033203125
0 0.8935546875 0.958984375 0.033203125 0.033203125
0 0.7861328125 0.98486328125 0.033203125 0.0302734375