0 0.640625 0.01171875 0.033203125 0.0234375
0 0.029296875 0.033203125 0.033203125 0.033203125
0 0.3759765625 0.041015625 0.033203125 0.033203125
0 0.27734375 0.1181640625 0.033203125 0.033203125
0 0.27734375 0.119140625 0.033203125 0.033203125
0 0.2978515625 0.119140625 0.033203125 0.033203125
0 0.2373046875 0.1201171875 0.033203125 0.033203125
0 0.1572265625 0.1220703125 0.033203125 0.033203125
0 0.1982421875 0.1220703125 0.033203125 0.033203125
0 0.1162109375 0.123046875 0.033203125 0.033203125
0 0.501953125 0.1240234375 0.033203125 0.033203125
0 0.3740234375 0.125 0.033203125 0.033203125
0 0.056640625 0.1787109375 0.033203125 0.033203125
0 0.177734375 0.1865234375 0.033203125 0.033203125
0 0.22265625 0.1865234375 0.033203125 0.033203125
0 0.0947265625 0.1884765625 0.033203125 0.033203125
0 0.158203125 0.189453125 0.033203125 0.033203125
0 0.19921875 0.189453125 0.033203125 0.033203125
0 0.0732421875 0.1904296875 0.033203125 0.033203125
0 0.1376953125 0.1904296875 0.033203125 0.033203125
0 0.0322265625 0.19140625 0.033203125 0.033203125
0 0.115234375 0.1923828125 0.033203125 0.033203125
0 0.5029296875 0.193359375 0.033203125 0.033203125
0 0.01171875 0.1982421875 0.0234375 0.033203125
0 0.7548828125 0.2099609375 0.033203125 0.033203125
0 0.875 0.2109375 0.033203125 0.033203125
0 0.9775390625 0.212890625 0.033203125 0.033203125
0 0.076171875 0.21484375 0.033203125 0.033203125
0 0.140625 0.2158203125 0.033203125 0.033203125
0 0.1591796875 0.21875 0.033203125 0.033203125
0 0.181640625 0.21875 0.033203125 0.033203125
0 0.015625 0.220703125 0.03125 0.033203125
0 0.19921875 0.220703125 0.033203125 0.033203125
0 0.0947265625 0.2236328125 0.033203125 0.033203125
0 0.22265625 0.2265625 0.033203125 0.033203125
0 0.669921875 0.2265625 0.033203125 0.033203125
0 0.79296875 0.2265625 0.033203125 0.033203125
0 0.634765625 0.2275390625 0.033203125 0.033203125
0 0.7587890625 0.228515625 0.033203125 0.033203125
0 0.875 0.228515625 0.033203125 0.033203125
0 0.7919921875 0.2451171875 0.033203125 0.033203125
0 0.8720703125 0.2451171875 0.033203125 0.033203125
0 0.638671875 0.24609375 0.033203125 0.033203125
0 0.7578125 0.24609375 0.033203125 0.033203125
0 0.671875 0.2470703125 0.033203125 0.033203125
0 0.63671875 0.2607421875 0.033203125 0.033203125
0 0.671875 0.263671875 0.033203125 0.033203125
0 0.7548828125 0.2646484375 0.033203125 0.033203125
0 0.63671875 0.279296875 0.033203125 0.033203125
0 0.671875 0.28125 0.033203125 0.033203125
0 0.755859375 0.28125 0.033203125 0.033203125
0 0.873046875 0.2822265625 0.033203125 0.033203125
0 0.7939453125 0.283203125 0.033203125 0.033203125
0 0.0107421875 0.296875 0.021484375 0.033203125
0 0.0244140625 0.2978515625 0.033203125 0.033203125
0 0.126953125 0.2978515625 0.033203125 0.033203125
0 0.6376953125 0.2978515625 0.033203125 0.033203125
0 0.0498046875 0.298828125 0.033203125 0.033203125
0 0.6669921875 0.298828125 0.033203125 0.033203125
0 0.8720703125 0.2998046875 0.033203125 0.033203125
0 0.796875 0.30078125 0.033203125 0.033203125
0 0.1103515625 0.3017578125 0.033203125 0.033203125
0 0.6318359375 0.3173828125 0.033203125 0.033203125
0 0.87109375 0.318359375 0.033203125 0.033203125
0 0.7451171875 0.33203125 0.033203125 0.033203125
0 0.7919921875 0.337890625 0.033203125 0.033203125
0 0.77734375 0.365234375 0.033203125 0.033203125
0 0.8505859375 0.3681640625 0.033203125 0.033203125
0 0.923828125 0.3681640625 0.033203125 0.033203125
0 0.373046875 0.3974609375 0.033203125 0.033203125
0 0.37109375 0.4833984375 0.033203125 0.033203125
0 0.6962890625 0.48828125 0.033203125 0.033203125
0 0.65625 0.4892578125 0.033203125 0.033203125
0 0.5009765625 0.498046875 0.033203125 0.033203125
0 0.4990234375 0.5576171875 0.033203125 0.033203125
0 0.07421875 0.5673828125 0.033203125 0.033203125
0 0.0302734375 0.580078125 0.033203125 0.033203125
0 0.498046875 0.5947265625 0.033203125 0.033203125
0 0.5 0.626953125 0.033203125 0.033203125
0 0.458984375 0.6640625 0.033203125 0.033203125
0 0.1728515625 0.69140625 0.033203125 0.033203125
0 0.6982421875 0.740234375 0.033203125 0.033203125
0 0.69921875 0.740234375 0.033203125 0.033203125
0 0.8369140625 0.7412109375 0.033203125 0.033203125
0 0.8740234375 0.7421875 0.033203125 0.033203125
0 0.3916015625 0.748046875 0.033203125 0.033203125
0 0.4404296875 0.7734375 0.033203125 0.033203125
0 0.4140625 0.853515625 0.033203125 0.033203125
0 0.060546875 0.86328125 0.033203125 0.033203125
0 0.224609375 0.8642578125 0.033203125 0.033203125
0 0.39453125 0.884765625 0.033203125 0.033203125
0 0.7509765625 0.8876953125 0.033203125 0.033203125
0 0.794921875 0.888671875 0.033203125 0.033203125
0 0.61328125 0.8916015625 0.033203125 0.033203125
0 0.634765625 0.89453125 0.033203125 0.033203125
0 0.6689453125 0.896484375 0.033203125 0.033203125
0 0.7587890625 0.94140625 0.033203125 0.033203125
0 0.681640625 0.9443359375 0.033203125 0.033203125
0 0.6806640625 0.9638671875 0.033203125 0.033203125