0 0.5751953125 0.009765625 0.033203125 0.01953125
0 0.58203125 0.0244140625 0.033203125 0.033203125
0 0.58203125 0.0439453125 0.033203125 0.033203125
0 0.58203125 0.0625 0.033203125 0.033203125
0 0.91796875 0.07421875 0.033203125 0.033203125
0 0.5810546875 0.1005859375 0.033203125 0.033203125
0 0.9033203125 0.353515625 0.033203125 0.033203125
0 0.8935546875 0.4326171875 0.033203125 0.033203125
0 0.1640625 0.4951171875 0.033203125 0.033203125
0 0.01611328125 0.5576171875 0.0322265625 0.033203125
0 0.0888671875 0.5615234375 0.033203125 0.033203125
0 0.1083984375 0.5625 0.033203125 0.033203125
0 0.072265625 0.5634765625 0.033203125 0.033203125
0 0.0341796875 0.56640625 0.033203125 0.033203125