0 0.2763671875 0.00830078125 0.033203125 0.0166015625
0 0.1513671875 0.01611328125 0.033203125 0.0322265625
0 0.8447265625 0.0380859375 0.033203125 0.033203125
0 0.275390625 0.05078125 0.033203125 0.033203125
0 0.2763671875 0.095703125 0.033203125 0.033203125
0 0.1513671875 0.1005859375 0.033203125 0.033203125
0 0.275390625 0.134765625 0.033203125 0.033203125
0 0.15234375 0.14453125 0.033203125 0.033203125
0 0.1533203125 0.2255859375 0.033203125 0.033203125
0 0.28125 0.3525390625 0.033203125 0.033203125
0 0.00830078125 0.4013671875 0.0166015625 0.033203125
0 0.408203125 0.4033203125 0.033203125 0.033203125
0 0.5146484375 0.4033203125 0.033203125 0.033203125
0 0.1513671875 0.4052734375 0.033203125 0.033203125
0 0.1328125 0.4228515625 0.033203125 0.033203125
0 0.24609375 0.4248046875 0.033203125 0.033203125
0 0.326171875 0.4248046875 0.033203125 0.033203125
0 0.4248046875 0.42578125 0.033203125 0.033203125
0 0.53125 0.427734375 0.033203125 0.033203125
0 0.3251953125 0.44921875 0.033203125 0.033203125
0 0.38671875 0.4501953125 0.033203125 0.033203125
0 0.2978515625 0.4736328125 0.033203125 0.033203125
0 0.1103515625 0.4970703125 0.033203125 0.033203125
0 0.4951171875 0.5146484375 0.033203125 0.033203125