0 0.5947265625 0.1435546875 0.033203125 0.033203125
0 0.595703125 0.1630859375 0.033203125 0.033203125
0 0.0458984375 0.208984375 0.033203125 0.033203125
0 0.1455078125 0.2119140625 0.033203125 0.033203125
0 0.361328125 0.2119140625 0.033203125 0.033203125
0 0.96875 0.3193359375 0.033203125 0.033203125
0 0.787109375 0.3447265625 0.033203125 0.033203125
0 0.841796875 0.345703125 0.033203125 0.033203125
0 0.890625 0.3515625 0.033203125 0.033203125
0 0.966796875 0.3525390625 0.033203125 0.033203125
0 0.8203125 0.3720703125 0.033203125 0.033203125
0 0.9248046875 0.3759765625 0.033203125 0.033203125
0 0.9677734375 0.3759765625 0.033203125 0.033203125
0 0.8681640625 0.376953125 0.033203125 0.033203125
0 0.6513671875 0.3837890625 0.033203125 0.033203125
0 0.119140625 0.396484375 0.033203125 0.033203125
0 0.1708984375 0.396484375 0.033203125 0.033203125
0 0.03515625 0.3974609375 0.033203125 0.033203125
0 0.076171875 0.3984375 0.033203125 0.033203125
0 0.955078125 0.3984375 0.033203125 0.033203125
0 0.8916015625 0.3994140625 0.033203125 0.033203125
0 0.4130859375 0.4013671875 0.033203125 0.033203125
0 0.01953125 0.484375 0.033203125 0.033203125
0 0.037109375 0.4853515625 0.033203125 0.033203125
0 0.072265625 0.486328125 0.033203125 0.033203125
0 0.08984375 0.486328125 0.033203125 0.033203125
0 0.00927734375 0.4873046875 0.0185546875 0.033203125
0 0.2685546875 0.48828125 0.033203125 0.033203125
0 0.10546875 0.4892578125 0.033203125 0.033203125
0 0.2890625 0.4892578125 0.033203125 0.033203125
0 0.1748046875 0.490234375 0.033203125 0.033203125
0 0.0546875 0.4912109375 0.033203125 0.033203125
0 0.1435546875 0.4921875 0.033203125 0.033203125
0 0.1962890625 0.4921875 0.033203125 0.033203125
0 0.212890625 0.4921875 0.033203125 0.033203125
0 0.234375 0.4921875 0.033203125 0.033203125
0 0.251953125 0.4921875 0.033203125 0.033203125
0 0.474609375 0.4921875 0.033203125 0.033203125
0 0.6162109375 0.4921875 0.033203125 0.033203125
0 0.1259765625 0.4931640625 0.033203125 0.033203125
0 0.1787109375 0.4931640625 0.033203125 0.033203125
0 0.4375 0.4931640625 0.033203125 0.033203125
0 0.45703125 0.4931640625 0.033203125 0.033203125
0 0.419921875 0.494140625 0.033203125 0.033203125
0 0.58203125 0.494140625 0.033203125 0.033203125
0 0.599609375 0.494140625 0.033203125 0.033203125
0 0.6875 0.494140625 0.033203125 0.033203125
0 0.4013671875 0.4951171875 0.033203125 0.033203125
0 0.5087890625 0.4951171875 0.033203125 0.033203125
0 0.7958984375 0.4951171875 0.033203125 0.033203125
0 0.6357421875 0.49609375 0.033203125 0.033203125
0 0.70703125 0.49609375 0.033203125 0.033203125
0 0.654296875 0.4970703125 0.033203125 0.033203125
0 0.724609375 0.4970703125 0.033203125 0.033203125
0 0.4951171875 0.498046875 0.033203125 0.033203125
0 0.5458984375 0.498046875 0.033203125 0.033203125
0 0.673828125 0.498046875 0.033203125 0.033203125
0 0.5263671875 0.4990234375 0.033203125 0.033203125
0 0.5654296875 0.4990234375 0.033203125 0.033203125
0 0.7431640625 0.4990234375 0.033203125 0.033203125
0 0.759765625 0.4990234375 0.033203125 0.033203125
0 0.818359375 0.4990234375 0.033203125 0.033203125
0 0.8447265625 0.5 0.033203125 0.033203125
0 0.779296875 0.50390625 0.033203125 0.033203125
0 0.142578125 0.5859375 0.033203125 0.033203125
0 0.1611328125 0.5859375 0.033203125 0.033203125
0 0.1962890625 0.5859375 0.033203125 0.033203125
0 0.1953125 0.5869140625 0.033203125 0.033203125
0 0.1962890625 0.5869140625 0.033203125 0.033203125
0 0.0390625 0.587890625 0.033203125 0.033203125
0 0.0546875 0.587890625 0.033203125 0.033203125
0 0.1796875 0.587890625 0.033203125 0.033203125
0 0.0078125 0.5888671875 0.015625 0.033203125
0 0.072265625 0.58984375 0.033203125 0.033203125
0 0.0908203125 0.58984375 0.033203125 0.033203125
0 0.10546875 0.58984375 0.033203125 0.033203125
0 0.1240234375 0.58984375 0.033203125 0.033203125
0 0.2666015625 0.58984375 0.033203125 0.033203125
0 0.21484375 0.5908203125 0.033203125 0.033203125
0 0.23046875 0.5908203125 0.033203125 0.033203125
0 0.25 0.5908203125 0.033203125 0.033203125
0 0.3974609375 0.5908203125 0.033203125 0.033203125
0 0.4375 0.5908203125 0.033203125 0.033203125
0 0.4560546875 0.591796875 0.033203125 0.033203125
0 0.529296875 0.591796875 0.033203125 0.033203125
0 0.2822265625 0.5927734375 0.033203125 0.033203125
0 0.4208984375 0.5927734375 0.033203125 0.033203125
0 0.474609375 0.5927734375 0.033203125 0.033203125
0 0.4931640625 0.5927734375 0.033203125 0.033203125
0 0.5634765625 0.5927734375 0.033203125 0.033203125
0 0.6171875 0.5927734375 0.033203125 0.033203125
0 0.6337890625 0.5927734375 0.033203125 0.033203125
0 0.5107421875 0.5947265625 0.033203125 0.033203125
0 0.546875 0.5947265625 0.033203125 0.033203125
0 0.7060546875 0.5947265625 0.033203125 0.033203125
0 0.70703125 0.5947265625 0.033203125 0.033203125
0 0.7236328125 0.5947265625 0.033203125 0.033203125
0 0.5830078125 0.595703125 0.033203125 0.033203125
0 0.6015625 0.595703125 0.033203125 0.033203125
0 0.7607421875 0.595703125 0.033203125 0.033203125
0 0.6533203125 0.5966796875 0.033203125 0.033203125
0 0.669921875 0.5966796875 0.033203125 0.033203125
0 0.7431640625 0.59765625 0.033203125 0.033203125
0 0.6875 0.6005859375 0.033203125 0.033203125
0 0.0859375 0.63671875 0.033203125 0.033203125
0 0.197265625 0.6376953125 0.033203125 0.033203125
0 0.0185546875 0.638671875 0.033203125 0.033203125
0 0.263671875 0.640625 0.033203125 0.033203125
0 0.162109375 0.6416015625 0.033203125 0.033203125
0 0.0498046875 0.642578125 0.033203125 0.033203125
0 0.1240234375 0.642578125 0.033203125 0.033203125
0 0.1806640625 0.642578125 0.033203125 0.033203125
0 0.28515625 0.642578125 0.033203125 0.033203125
0 0.212890625 0.6435546875 0.033203125 0.033203125
0 0.23046875 0.6435546875 0.033203125 0.033203125
0 0.419921875 0.64453125 0.033203125 0.033203125
0 0.4365234375 0.64453125 0.033203125 0.033203125
0 0.400390625 0.6455078125 0.033203125 0.033203125
0 0.5615234375 0.6455078125 0.033203125 0.033203125
0 0.73828125 0.6455078125 0.033203125 0.033203125
0 0.7744140625 0.6455078125 0.033203125 0.033203125
0 0.248046875 0.646484375 0.033203125 0.033203125
0 0.5439453125 0.646484375 0.033203125 0.033203125
0 0.525390625 0.6474609375 0.033203125 0.033203125
0 0.6689453125 0.6474609375 0.033203125 0.033203125
0 0.724609375 0.6474609375 0.033203125 0.033203125
0 0.755859375 0.6474609375 0.033203125 0.033203125
0 0.455078125 0.6484375 0.033203125 0.033203125
0 0.4921875 0.6484375 0.033203125 0.033203125
0 0.5078125 0.6484375 0.033203125 0.033203125
0 0.5771484375 0.6484375 0.033203125 0.033203125
0 0.59765625 0.6484375 0.033203125 0.033203125
0 0.6494140625 0.6484375 0.033203125 0.033203125
0 0.7060546875 0.6484375 0.033203125 0.033203125
0 0.6318359375 0.6494140625 0.033203125 0.033203125
0 0.47265625 0.650390625 0.033203125 0.033203125
0 0.6162109375 0.650390625 0.033203125 0.033203125
0 0.6904296875 0.650390625 0.033203125 0.033203125
0 0.7939453125 0.6513671875 0.033203125 0.033203125
0 0.83203125 0.6513671875 0.033203125 0.033203125
0 0.8125 0.65234375 0.033203125 0.033203125
0 0.8466796875 0.6533203125 0.033203125 0.033203125
0 0.23046875 0.7275390625 0.033203125 0.033203125
0 0.2119140625 0.73046875 0.033203125 0.033203125
0 0.1767578125 0.7314453125 0.033203125 0.033203125
0 0.28515625 0.732421875 0.033203125 0.033203125
0 0.1943359375 0.7333984375 0.033203125 0.033203125
0 0.25 0.7333984375 0.033203125 0.033203125
0 0.47265625 0.734375 0.033203125 0.033203125
0 0.3974609375 0.7353515625 0.033203125 0.033203125
0 0.4189453125 0.7353515625 0.033203125 0.033203125
0 0.435546875 0.7353515625 0.033203125 0.033203125
0 0.265625 0.736328125 0.033203125 0.033203125
0 0.48828125 0.7373046875 0.033203125 0.033203125
0 0.5244140625 0.7373046875 0.033203125 0.033203125
0 0.5419921875 0.7373046875 0.033203125 0.033203125
0 0.595703125 0.7373046875 0.033203125 0.033203125
0 0.7939453125 0.7373046875 0.033203125 0.033203125
0 0.5078125 0.73828125 0.033203125 0.033203125
0 0.4560546875 0.7392578125 0.033203125 0.033203125
0 0.55859375 0.7392578125 0.033203125 0.033203125
0 0.6142578125 0.7392578125 0.033203125 0.033203125
0 0.6865234375 0.7392578125 0.033203125 0.033203125
0 0.740234375 0.7392578125 0.033203125 0.033203125
0 0.830078125 0.7392578125 0.033203125 0.033203125
0 0.66796875 0.740234375 0.033203125 0.033203125
0 0.845703125 0.740234375 0.033203125 0.033203125
0 0.578125 0.7412109375 0.033203125 0.033203125
0 0.7763671875 0.7412109375 0.033203125 0.033203125
0 0.6328125 0.7421875 0.033203125 0.033203125
0 0.650390625 0.7421875 0.033203125 0.033203125
0 0.7041015625 0.7421875 0.033203125 0.033203125
0 0.759765625 0.7421875 0.033203125 0.033203125
0 0.8125 0.7421875 0.033203125 0.033203125
0 0.7216796875 0.744140625 0.033203125 0.033203125
0 0.24609375 0.787109375 0.033203125 0.033203125
0 0.283203125 0.787109375 0.033203125 0.033203125
0 0.4169921875 0.7880859375 0.033203125 0.033203125
0 0.41796875 0.7880859375 0.033203125 0.033203125
0 0.4345703125 0.7890625 0.033203125 0.033203125
0 0.4716796875 0.7890625 0.033203125 0.033203125
0 0.400390625 0.7900390625 0.033203125 0.033203125
0 0.4892578125 0.7900390625 0.033203125 0.033203125
0 0.560546875 0.7900390625 0.033203125 0.033203125
0 0.6142578125 0.7900390625 0.033203125 0.033203125
0 0.5966796875 0.791015625 0.033203125 0.033203125
0 0.703125 0.791015625 0.033203125 0.033203125
0 0.4521484375 0.7919921875 0.033203125 0.033203125
0 0.5419921875 0.7919921875 0.033203125 0.033203125
0 0.580078125 0.7919921875 0.033203125 0.033203125
0 0.5078125 0.79296875 0.033203125 0.033203125
0 0.6669921875 0.79296875 0.033203125 0.033203125
0 0.5244140625 0.7939453125 0.033203125 0.033203125
0 0.6318359375 0.7939453125 0.033203125 0.033203125
0 0.6484375 0.7939453125 0.033203125 0.033203125
0 0.73828125 0.7939453125 0.033203125 0.033203125
0 0.7744140625 0.7939453125 0.033203125 0.033203125
0 0.810546875 0.7939453125 0.033203125 0.033203125
0 0.7236328125 0.794921875 0.033203125 0.033203125
0 0.755859375 0.7958984375 0.033203125 0.033203125
0 0.7919921875 0.798828125 0.033203125 0.033203125
0 0.8486328125 0.798828125 0.033203125 0.033203125
0 0.830078125 0.7998046875 0.033203125 0.033203125
0 0.01611328125 0.8740234375 0.0322265625 0.033203125
0 0.2646484375 0.8740234375 0.033203125 0.033203125
0 0.2255859375 0.875 0.033203125 0.033203125
0 0.283203125 0.8779296875 0.033203125 0.033203125
0 0.525390625 0.8779296875 0.033203125 0.033203125
0 0.3955078125 0.87890625 0.033203125 0.033203125
0 0.59375 0.87890625 0.033203125 0.033203125
0 0.6650390625 0.87890625 0.033203125 0.033203125
0 0.54296875 0.8798828125 0.033203125 0.033203125
0 0.5595703125 0.8798828125 0.033203125 0.033203125
0 0.4169921875 0.880859375 0.033203125 0.033203125
0 0.43359375 0.880859375 0.033203125 0.033203125
0 0.4716796875 0.880859375 0.033203125 0.033203125
0 0.64453125 0.880859375 0.033203125 0.033203125
0 0.705078125 0.880859375 0.033203125 0.033203125
0 0.8271484375 0.880859375 0.033203125 0.033203125
0 0.451171875 0.8818359375 0.033203125 0.033203125
0 0.505859375 0.8818359375 0.033203125 0.033203125
0 0.576171875 0.8818359375 0.033203125 0.033203125
0 0.62890625 0.8818359375 0.033203125 0.033203125
0 0.68359375 0.8818359375 0.033203125 0.033203125
0 0.7216796875 0.8828125 0.033203125 0.033203125
0 0.73828125 0.8828125 0.033203125 0.033203125
0 0.7578125 0.8828125 0.033203125 0.033203125
0 0.7939453125 0.8828125 0.033203125 0.033203125
0 0.80859375 0.8828125 0.033203125 0.033203125
0 0.4873046875 0.8837890625 0.033203125 0.033203125
0 0.7763671875 0.8837890625 0.033203125 0.033203125
0 0.84375 0.8837890625 0.033203125 0.033203125
0 0.2451171875 0.9287109375 0.033203125 0.033203125
0 0.4716796875 0.9287109375 0.033203125 0.033203125
0 0.5595703125 0.9306640625 0.033203125 0.033203125
0 0.4521484375 0.931640625 0.033203125 0.033203125
0 0.630859375 0.931640625 0.033203125 0.033203125
0 0.64453125 0.931640625 0.033203125 0.033203125
0 0.7197265625 0.931640625 0.033203125 0.033203125
0 0.4873046875 0.9326171875 0.033203125 0.033203125
0 0.505859375 0.9326171875 0.033203125 0.033203125
0 0.59375 0.9326171875 0.033203125 0.033203125
0 0.2822265625 0.93359375 0.033203125 0.033203125
0 0.416015625 0.93359375 0.033203125 0.033203125
0 0.521484375 0.93359375 0.033203125 0.033203125
0 0.541015625 0.93359375 0.033203125 0.033203125
0 0.578125 0.93359375 0.033203125 0.033203125
0 0.7021484375 0.93359375 0.033203125 0.033203125
0 0.7724609375 0.93359375 0.033203125 0.033203125
0 0.3974609375 0.9345703125 0.033203125 0.033203125
0 0.6142578125 0.9345703125 0.033203125 0.033203125
0 0.68359375 0.9345703125 0.033203125 0.033203125
0 0.7900390625 0.9345703125 0.033203125 0.033203125
0 0.2080078125 0.935546875 0.033203125 0.033203125
0 0.43359375 0.935546875 0.033203125 0.033203125
0 0.6669921875 0.9365234375 0.033203125 0.033203125
0 0.73828125 0.9365234375 0.033203125 0.033203125
0 0.7548828125 0.9365234375 0.033203125 0.033203125