0 0.3330078125 0.01416015625 0.033203125 0.0283203125
0 0.3369140625 0.02734375 0.033203125 0.033203125
0 0.9892578125 0.048828125 0.021484375 0.033203125
0 0.751953125 0.05078125 0.033203125 0.033203125
0 0.9091796875 0.05078125 0.033203125 0.033203125
0 0.9423828125 0.0517578125 0.033203125 0.033203125
0 0.8603515625 0.0546875 0.033203125 0.033203125
0 0.3369140625 0.08203125 0.033203125 0.033203125
0 0.3349609375 0.1337890625 0.033203125 0.033203125
0 0.8291015625 0.2333984375 0.033203125 0.033203125
0 0.9013671875 0.234375 0.033203125 0.033203125
0 0.3525390625 0.271484375 0.033203125 0.033203125
0 0.505859375 0.28515625 0.033203125 0.033203125
0 0.4833984375 0.2998046875 0.033203125 0.033203125
0 0.0087890625 0.3828125 0.017578125 0.033203125
0 0.0380859375 0.3828125 0.033203125 0.033203125
0 0.080078125 0.3837890625 0.033203125 0.033203125
0 0.4482421875 0.408203125 0.033203125 0.033203125
0 0.3125 0.4365234375 0.033203125 0.033203125
0 0.9482421875 0.458984375 0.033203125 0.033203125
0 0.775390625 0.4833984375 0.033203125 0.033203125
0 0.236328125 0.5908203125 0.033203125 0.033203125
0 0.275390625 0.5927734375 0.033203125 0.033203125
0 0.5419921875 0.59765625 0.033203125 0.033203125
0 0.0859375 0.609375 0.033203125 0.033203125
0 0.818359375 0.62109375 0.033203125 0.033203125
0 0.0830078125 0.630859375 0.033203125 0.033203125
0 0.21875 0.6494140625 0.033203125 0.033203125
0 0.818359375 0.65234375 0.033203125 0.033203125
0 0.0888671875 0.6572265625 0.033203125 0.033203125
0 0.5439453125 0.6572265625 0.033203125 0.033203125
0 0.8193359375 0.6669921875 0.033203125 0.033203125
0 0.7041015625 0.669921875 0.033203125 0.033203125
0 0.08984375 0.6767578125 0.033203125 0.033203125
0 0.150390625 0.68359375 0.033203125 0.033203125
0 0.0859375 0.6962890625 0.033203125 0.033203125
0 0.54296875 0.703125 0.033203125 0.033203125
0 0.81640625 0.7041015625 0.033203125 0.033203125
0 0.9091796875 0.70703125 0.033203125 0.033203125
0 0.705078125 0.716796875 0.033203125 0.033203125
0 0.0849609375 0.7197265625 0.033203125 0.033203125
0 0.912109375 0.72265625 0.033203125 0.033203125
0 0.087890625 0.736328125 0.033203125 0.033203125
0 0.904296875 0.7587890625 0.033203125 0.033203125
0 0.185546875 0.787109375 0.033203125 0.033203125
0 0.275390625 0.7880859375 0.033203125 0.033203125
0 0.349609375 0.791015625 0.033203125 0.033203125
0 0.2216796875 0.7919921875 0.033203125 0.033203125
0 0.765625 0.79296875 0.033203125 0.033203125
0 0.2392578125 0.7939453125 0.033203125 0.033203125
0 0.90625 0.7958984375 0.033203125 0.033203125
0 0.7626953125 0.8115234375 0.033203125 0.033203125
0 0.763671875 0.828125 0.033203125 0.033203125
0 0.7646484375 0.845703125 0.033203125 0.033203125
0 0.7646484375 0.86328125 0.033203125 0.033203125
0 0.142578125 0.8701171875 0.033203125 0.033203125
0 0.1630859375 0.8720703125 0.033203125 0.033203125
0 0.2763671875 0.8740234375 0.033203125 0.033203125
0 0.1845703125 0.8759765625 0.033203125 0.033203125
0 0.205078125 0.8759765625 0.033203125 0.033203125
0 0.2392578125 0.8759765625 0.033203125 0.033203125
0 0.2236328125 0.876953125 0.033203125 0.033203125
0 0.3125 0.8798828125 0.033203125 0.033203125
0 0.7607421875 0.8994140625 0.033203125 0.033203125
0 0.076171875 0.9306640625 0.033203125 0.033203125
0 0.1484375 0.9462890625 0.033203125 0.033203125
0 0.076171875 0.94921875 0.033203125 0.033203125
0 0.759765625 0.9541015625 0.033203125 0.033203125
0 0.078125 0.9755859375 0.033203125 0.033203125
0 0.22265625 0.9765625 0.033203125 0.033203125
0 0.080078125 0.9892578125 0.033203125 0.021484375