0 0.607421875 0.1396484375 0.033203125 0.033203125
0 0.890625 0.1416015625 0.033203125 0.033203125
0 0.5595703125 0.142578125 0.033203125 0.033203125
0 0.7958984375 0.263671875 0.033203125 0.033203125
0 0.8974609375 0.275390625 0.033203125 0.033203125
0 0.970703125 0.3916015625 0.033203125 0.033203125
0 0.63671875 0.451171875 0.033203125 0.033203125
0 0.8154296875 0.599609375 0.033203125 0.033203125
0 0.8359375 0.6005859375 0.033203125 0.033203125
0 0.8544921875 0.6025390625 0.033203125 0.033203125
0 0.8857421875 0.6630859375 0.033203125 0.033203125
0 0.3759765625 0.669921875 0.033203125 0.033203125
0 0.7626953125 0.6748046875 0.033203125 0.033203125
0 0.8828125 0.681640625 0.033203125 0.033203125
0 0.880859375 0.6982421875 0.033203125 0.033203125
0 0.880859375 0.7177734375 0.033203125 0.033203125
0 0.751953125 0.7294921875 0.033203125 0.033203125
0 0.7958984375 0.74609375 0.033203125 0.033203125
0 0.880859375 0.75390625 0.033203125 0.033203125
0 0.787109375 0.76171875 0.033203125 0.033203125
0 0.7880859375 0.818359375 0.033203125 0.033203125
0 0.880859375 0.89453125 0.033203125 0.033203125
0 0.87890625 0.91015625 0.033203125 0.033203125
0 0.8759765625 0.9814453125 0.033203125 0.033203125