0 0.0595703125 0.0654296875 0.033203125 0.033203125
0 0.2705078125 0.06640625 0.033203125 0.033203125
0 0.6162109375 0.0693359375 0.033203125 0.033203125
0 0.4296875 0.0703125 0.033203125 0.033203125
0 0.828125 0.076171875 0.033203125 0.033203125
0 0.9765625 0.076171875 0.033203125 0.033203125
0 0.9130859375 0.078125 0.033203125 0.033203125
0 0.9609375 0.095703125 0.033203125 0.033203125
0 0.1796875 0.099609375 0.033203125 0.033203125
0 0.275390625 0.1025390625 0.033203125 0.033203125
0 0.6396484375 0.1044921875 0.033203125 0.033203125
0 0.5400390625 0.10546875 0.033203125 0.033203125
0 0.6884765625 0.1064453125 0.033203125 0.033203125
0 0.5908203125 0.107421875 0.033203125 0.033203125