0 0.1279296875 0.00830078125 0.033203125 0.0166015625
0 0.1455078125 0.0087890625 0.033203125 0.017578125
0 0.2001953125 0.0087890625 0.033203125 0.017578125
0 0.1630859375 0.00927734375 0.033203125 0.0185546875
0 0.1806640625 0.009765625 0.033203125 0.01953125
0 0.23828125 0.0107421875 0.033203125 0.021484375
0 0.2177734375 0.01171875 0.033203125 0.0234375
0 0.025390625 0.03515625 0.033203125 0.033203125
0 0.8623046875 0.03515625 0.033203125 0.033203125
0 0.3916015625 0.04296875 0.033203125 0.033203125
0 0.859375 0.0634765625 0.033203125 0.033203125
0 0.8779296875 0.0654296875 0.033203125 0.033203125
0 0.84375 0.068359375 0.033203125 0.033203125
0 0.3916015625 0.07421875 0.033203125 0.033203125
0 0.01953125 0.0849609375 0.033203125 0.033203125
0 0.162109375 0.09375 0.033203125 0.033203125
0 0.087890625 0.0966796875 0.033203125 0.033203125
0 0.1103515625 0.09765625 0.033203125 0.033203125
0 0.1279296875 0.09765625 0.033203125 0.033203125
0 0.1806640625 0.09765625 0.033203125 0.033203125
0 0.1455078125 0.0986328125 0.033203125 0.033203125
0 0.232421875 0.1005859375 0.033203125 0.033203125
0 0.2177734375 0.1015625 0.033203125 0.033203125
0 0.1982421875 0.1025390625 0.033203125 0.033203125
0 0.0224609375 0.103515625 0.033203125 0.033203125
0 0.8017578125 0.103515625 0.033203125 0.033203125
0 0.38671875 0.1171875 0.033203125 0.033203125
0 0.3408203125 0.119140625 0.033203125 0.033203125
0 0.021484375 0.123046875 0.033203125 0.033203125
0 0.14453125 0.1279296875 0.033203125 0.033203125
0 0.1953125 0.1298828125 0.033203125 0.033203125
0 0.109375 0.130859375 0.033203125 0.033203125
0 0.0888671875 0.1318359375 0.033203125 0.033203125
0 0.109375 0.1318359375 0.033203125 0.033203125
0 0.1240234375 0.1318359375 0.033203125 0.033203125
0 0.162109375 0.1318359375 0.033203125 0.033203125
0 0.1787109375 0.1337890625 0.033203125 0.033203125
0 0.234375 0.1337890625 0.033203125 0.033203125
0 0.0224609375 0.1376953125 0.033203125 0.033203125
0 0.216796875 0.1376953125 0.033203125 0.033203125
0 0.365234375 0.146484375 0.033203125 0.033203125
0 0.0224609375 0.154296875 0.033203125 0.033203125
0 0.0166015625 0.169921875 0.033203125 0.033203125
0 0.388671875 0.1943359375 0.033203125 0.033203125
0 0.125 0.22265625 0.033203125 0.033203125
0 0.1064453125 0.2236328125 0.033203125 0.033203125
0 0.14453125 0.224609375 0.033203125 0.033203125
0 0.162109375 0.224609375 0.033203125 0.033203125
0 0.197265625 0.224609375 0.033203125 0.033203125
0 0.3876953125 0.2255859375 0.033203125 0.033203125
0 0.0693359375 0.2265625 0.033203125 0.033203125
0 0.0888671875 0.2265625 0.033203125 0.033203125
0 0.21484375 0.2294921875 0.033203125 0.033203125
0 0.234375 0.2294921875 0.033203125 0.033203125
0 0.5615234375 0.240234375 0.033203125 0.033203125
0 0.5791015625 0.2421875 0.033203125 0.033203125
0 0.0185546875 0.330078125 0.033203125 0.033203125
0 0.1328125 0.3310546875 0.033203125 0.033203125
0 0.587890625 0.33203125 0.033203125 0.033203125
0 0.76171875 0.3349609375 0.033203125 0.033203125
0 0.546875 0.3369140625 0.033203125 0.033203125
0 0.802734375 0.337890625 0.033203125 0.033203125
0 0.2060546875 0.3642578125 0.033203125 0.033203125
0 0.7587890625 0.365234375 0.033203125 0.033203125
0 0.2587890625 0.369140625 0.033203125 0.033203125
0 0.419921875 0.373046875 0.033203125 0.033203125
0 0.5380859375 0.400390625 0.033203125 0.033203125
0 0.59375 0.404296875 0.033203125 0.033203125
0 0.630859375 0.404296875 0.033203125 0.033203125
0 0.94921875 0.4052734375 0.033203125 0.033203125
0 0.7890625 0.40625 0.033203125 0.033203125
0 0.67578125 0.4072265625 0.033203125 0.033203125
0 0.7216796875 0.4072265625 0.033203125 0.033203125
0 0.75390625 0.4072265625 0.033203125 0.033203125
0 0.892578125 0.4072265625 0.033203125 0.033203125
0 0.810546875 0.470703125 0.033203125 0.033203125
0 0.8876953125 0.5 0.033203125 0.033203125
0 0.8017578125 0.515625 0.033203125 0.033203125
0 0.8828125 0.517578125 0.033203125 0.033203125
0 0.318359375 0.51953125 0.033203125 0.033203125
0 0.80078125 0.53125 0.033203125 0.033203125
0 0.88671875 0.55078125 0.033203125 0.033203125
0 0.318359375 0.5693359375 0.033203125 0.033203125
0 0.0478515625 0.6259765625 0.033203125 0.033203125
0 0.0537109375 0.6396484375 0.033203125 0.033203125
0 0.3173828125 0.6435546875 0.033203125 0.033203125
0 0.052734375 0.658203125 0.033203125 0.033203125
0 0.314453125 0.6767578125 0.033203125 0.033203125
0 0.31640625 0.7119140625 0.033203125 0.033203125
0 0.37890625 0.7578125 0.033203125 0.033203125
0 0.3134765625 0.759765625 0.033203125 0.033203125
0 0.314453125 0.7900390625 0.033203125 0.033203125
0 0.37890625 0.8017578125 0.033203125 0.033203125
0 0.314453125 0.828125 0.033203125 0.033203125
0 0.314453125 0.859375 0.033203125 0.033203125
0 0.3798828125 0.8935546875 0.033203125 0.033203125
0 0.9814453125 0.8994140625 0.033203125 0.033203125
0 0.3115234375 0.900390625 0.033203125 0.033203125
0 0.3125 0.9345703125 0.033203125 0.033203125
0 0.3759765625 0.9501953125 0.033203125 0.033203125
0 0.314453125 0.97265625 0.033203125 0.033203125