0 0.939453125 0.12109375 0.033203125 0.033203125
0 0.7998046875 0.404296875 0.033203125 0.033203125
0 0.7080078125 0.583984375 0.033203125 0.033203125
0 0.708984375 0.583984375 0.033203125 0.033203125
0 0.7763671875 0.716796875 0.033203125 0.033203125
0 0.69140625 0.775390625 0.033203125 0.033203125
0 0.7490234375 0.828125 0.033203125 0.033203125
0 0.7490234375 0.8984375 0.033203125 0.033203125
0 0.75 0.9560546875 0.033203125 0.033203125
0 0.490234375 0.962890625 0.033203125 0.033203125
0 0.8916015625 0.970703125 0.033203125 0.033203125
0 0.896484375 0.9873046875 0.033203125 0.025390625
0 0.08203125 0.98779296875 0.033203125 0.0244140625