0 0.951171875 0.0078125 0.033203125 0.015625
0 0.3125 0.00830078125 0.033203125 0.0166015625
0 0.9521484375 0.01611328125 0.033203125 0.0322265625
0 0.94921875 0.03515625 0.033203125 0.033203125
0 0.3134765625 0.041015625 0.033203125 0.033203125
0 0.3115234375 0.0810546875 0.033203125 0.033203125
0 0.46484375 0.087890625 0.033203125 0.033203125
0 0.9453125 0.087890625 0.033203125 0.033203125
0 0.3857421875 0.1005859375 0.033203125 0.033203125
0 0.9521484375 0.1142578125 0.033203125 0.033203125
0 0.4365234375 0.130859375 0.033203125 0.033203125
0 0.486328125 0.13671875 0.033203125 0.033203125
0 0.3115234375 0.142578125 0.033203125 0.033203125
0 0.5107421875 0.1533203125 0.033203125 0.033203125
0 0.9287109375 0.1669921875 0.033203125 0.033203125
0 0.78515625 0.1787109375 0.033203125 0.033203125
0 0.935546875 0.1875 0.033203125 0.033203125
0 0.3134765625 0.1884765625 0.033203125 0.033203125
0 0.51171875 0.1943359375 0.033203125 0.033203125
0 0.38671875 0.2041015625 0.033203125 0.033203125
0 0.5107421875 0.2314453125 0.033203125 0.033203125
0 0.3115234375 0.2353515625 0.033203125 0.033203125
0 0.4580078125 0.24609375 0.033203125 0.033203125
0 0.96875 0.2548828125 0.033203125 0.033203125
0 0.9462890625 0.2587890625 0.033203125 0.033203125
0 0.5107421875 0.2734375 0.033203125 0.033203125
0 0.3828125 0.2939453125 0.033203125 0.033203125
0 0.3095703125 0.2958984375 0.033203125 0.033203125
0 0.4853515625 0.3115234375 0.033203125 0.033203125
0 0.5078125 0.314453125 0.033203125 0.033203125
0 0.3095703125 0.3359375 0.033203125 0.033203125
0 0.759765625 0.3427734375 0.033203125 0.033203125
0 0.9892578125 0.3447265625 0.021484375 0.033203125
0 0.904296875 0.345703125 0.033203125 0.033203125
0 0.9716796875 0.3466796875 0.033203125 0.033203125
0 0.92578125 0.34765625 0.033203125 0.033203125
0 0.9423828125 0.34765625 0.033203125 0.033203125
0 0.4609375 0.3525390625 0.033203125 0.033203125
0 0.8486328125 0.3603515625 0.033203125 0.033203125
0 0.30859375 0.376953125 0.033203125 0.033203125
0 0.7587890625 0.380859375 0.033203125 0.033203125
0 0.51171875 0.4130859375 0.033203125 0.033203125
0 0.30859375 0.4169921875 0.033203125 0.033203125
0 0.755859375 0.435546875 0.033203125 0.033203125
0 0.8486328125 0.4482421875 0.033203125 0.033203125
0 0.5126953125 0.453125 0.033203125 0.033203125
0 0.310546875 0.4599609375 0.033203125 0.033203125
0 0.849609375 0.484375 0.033203125 0.033203125
0 0.513671875 0.486328125 0.033203125 0.033203125
0 0.4814453125 0.51171875 0.033203125 0.033203125
0 0.30859375 0.517578125 0.033203125 0.033203125
0 0.8486328125 0.5205078125 0.033203125 0.033203125
0 0.5146484375 0.525390625 0.033203125 0.033203125
0 0.8466796875 0.5576171875 0.033203125 0.033203125
0 0.515625 0.5673828125 0.033203125 0.033203125
0 0.513671875 0.609375 0.033203125 0.033203125
0 0.306640625 0.6171875 0.033203125 0.033203125
0 0.30859375 0.654296875 0.033203125 0.033203125
0 0.48046875 0.6552734375 0.033203125 0.033203125
0 0.431640625 0.685546875 0.033203125 0.033203125
0 0.787109375 0.6923828125 0.033203125 0.033203125
0 0.57421875 0.703125 0.033203125 0.033203125
0 0.5205078125 0.705078125 0.033203125 0.033203125
0 0.5927734375 0.705078125 0.033203125 0.033203125
0 0.6123046875 0.7080078125 0.033203125 0.033203125
0 0.6298828125 0.7080078125 0.033203125 0.033203125
0 0.6650390625 0.7080078125 0.033203125 0.033203125
0 0.7861328125 0.7099609375 0.033203125 0.033203125
0 0.6455078125 0.7109375 0.033203125 0.033203125
0 0.3271484375 0.712890625 0.033203125 0.033203125
0 0.7177734375 0.71484375 0.033203125 0.033203125
0 0.78515625 0.728515625 0.033203125 0.033203125
0 0.5205078125 0.7373046875 0.033203125 0.033203125
0 0.6640625 0.7421875 0.033203125 0.033203125
0 0.6279296875 0.7431640625 0.033203125 0.033203125
0 0.5927734375 0.744140625 0.033203125 0.033203125
0 0.7021484375 0.7451171875 0.033203125 0.033203125
0 0.720703125 0.7451171875 0.033203125 0.033203125
0 0.787109375 0.7451171875 0.033203125 0.033203125
0 0.6826171875 0.74609375 0.033203125 0.033203125
0 0.6474609375 0.7470703125 0.033203125 0.033203125
0 0.787109375 0.7626953125 0.033203125 0.033203125
0 0.791015625 0.7822265625 0.033203125 0.033203125
0 0.4814453125 0.8125 0.033203125 0.033203125
0 0.6953125 0.82421875 0.033203125 0.033203125
0 0.94140625 0.8359375 0.033203125 0.033203125
0 0.9228515625 0.8369140625 0.033203125 0.033203125
0 0.958984375 0.8369140625 0.033203125 0.033203125
0 0.978515625 0.837890625 0.033203125 0.033203125
0 0.8466796875 0.8447265625 0.033203125 0.033203125
0 0.5224609375 0.84765625 0.033203125 0.033203125
0 0.8544921875 0.8603515625 0.033203125 0.033203125
0 0.7939453125 0.8681640625 0.033203125 0.033203125
0 0.849609375 0.880859375 0.033203125 0.033203125
0 0.8896484375 0.880859375 0.033203125 0.033203125
0 0.5205078125 0.88671875 0.033203125 0.033203125
0 0.8544921875 0.8974609375 0.033203125 0.033203125
0 0.890625 0.8994140625 0.033203125 0.033203125
0 0.8486328125 0.9150390625 0.033203125 0.033203125
0 0.8896484375 0.919921875 0.033203125 0.033203125
0 0.849609375 0.9326171875 0.033203125 0.033203125
0 0.8896484375 0.935546875 0.033203125 0.033203125
0 0.8505859375 0.947265625 0.033203125 0.033203125
0 0.8896484375 0.953125 0.033203125 0.033203125
0 0.7431640625 0.9658203125 0.033203125 0.033203125
0 0.7294921875 0.96875 0.033203125 0.033203125
0 0.7099609375 0.9736328125 0.033203125 0.033203125
0 0.890625 0.9736328125 0.033203125 0.033203125
0 0.88671875 0.9873046875 0.033203125 0.025390625