0 0.501953125 0.0654296875 0.033203125 0.033203125
0 0.43359375 0.06640625 0.033203125 0.033203125
0 0.7919921875 0.068359375 0.033203125 0.033203125
0 0.5625 0.0693359375 0.033203125 0.033203125
0 0.6787109375 0.0693359375 0.033203125 0.033203125
0 0.904296875 0.0712890625 0.033203125 0.033203125
0 0.6123046875 0.0732421875 0.033203125 0.033203125
0 0.4716796875 0.08984375 0.033203125 0.033203125
0 0.54296875 0.0908203125 0.033203125 0.033203125
0 0.681640625 0.0927734375 0.033203125 0.033203125
0 0.849609375 0.0927734375 0.033203125 0.033203125
0 0.6064453125 0.09375 0.033203125 0.033203125
0 0.9580078125 0.095703125 0.033203125 0.033203125
0 0.01171875 0.0966796875 0.0234375 0.033203125
0 0.7919921875 0.0966796875 0.033203125 0.033203125
0 0.255859375 0.197265625 0.033203125 0.033203125
0 0.1396484375 0.279296875 0.033203125 0.033203125
0 0.2490234375 0.310546875 0.033203125 0.033203125
0 0.119140625 0.3359375 0.033203125 0.033203125
0 0.232421875 0.369140625 0.033203125 0.033203125
0 0.109375 0.4541015625 0.033203125 0.033203125
0 0.2431640625 0.4775390625 0.033203125 0.033203125
0 0.23828125 0.56640625 0.033203125 0.033203125