0 0.205078125 0.0556640625 0.033203125 0.033203125
0 0.205078125 0.0712890625 0.033203125 0.033203125
0 0.083984375 0.08984375 0.033203125 0.033203125
0 0.2041015625 0.08984375 0.033203125 0.033203125
0 0.958984375 0.1044921875 0.033203125 0.033203125
0 0.083984375 0.1083984375 0.033203125 0.033203125
0 0.630859375 0.1103515625 0.033203125 0.033203125
0 0.08203125 0.126953125 0.033203125 0.033203125
0 0.2021484375 0.1396484375 0.033203125 0.033203125
0 0.0791015625 0.142578125 0.033203125 0.033203125
0 0.958984375 0.1513671875 0.033203125 0.033203125
0 0.201171875 0.1591796875 0.033203125 0.033203125
0 0.064453125 0.2119140625 0.033203125 0.033203125
0 0.0830078125 0.212890625 0.033203125 0.033203125
0 0.138671875 0.212890625 0.033203125 0.033203125
0 0.26171875 0.28515625 0.033203125 0.033203125
0 0.314453125 0.287109375 0.033203125 0.033203125
0 0.314453125 0.2880859375 0.033203125 0.033203125
0 0.3291015625 0.2919921875 0.033203125 0.033203125
0 0.0283203125 0.322265625 0.033203125 0.033203125
0 0.09765625 0.3232421875 0.033203125 0.033203125
0 0.064453125 0.32421875 0.033203125 0.033203125
0 0.0791015625 0.32421875 0.033203125 0.033203125
0 0.044921875 0.3251953125 0.033203125 0.033203125
0 0.138671875 0.3251953125 0.033203125 0.033203125
0 0.236328125 0.3359375 0.033203125 0.033203125
0 0.2724609375 0.3369140625 0.033203125 0.033203125
0 0.28515625 0.3681640625 0.033203125 0.033203125
0 0.1962890625 0.37109375 0.033203125 0.033203125
0 0.2470703125 0.37109375 0.033203125 0.033203125
0 0.263671875 0.3720703125 0.033203125 0.033203125
0 0.9541015625 0.3720703125 0.033203125 0.033203125
0 0.1123046875 0.3740234375 0.033203125 0.033203125
0 0.076171875 0.3759765625 0.033203125 0.033203125
0 0.49609375 0.38671875 0.033203125 0.033203125
0 0.4951171875 0.3876953125 0.033203125 0.033203125
0 0.49609375 0.388671875 0.033203125 0.033203125
0 0.6201171875 0.388671875 0.033203125 0.033203125
0 0.6025390625 0.3896484375 0.033203125 0.033203125
0 0.4130859375 0.390625 0.033203125 0.033203125
0 0.4765625 0.390625 0.033203125 0.033203125
0 0.5126953125 0.390625 0.033203125 0.033203125
0 0.56640625 0.390625 0.033203125 0.033203125
0 0.7451171875 0.390625 0.033203125 0.033203125
0 0.5478515625 0.392578125 0.033203125 0.033203125
0 0.6796875 0.39453125 0.033203125 0.033203125
0 0.708984375 0.39453125 0.033203125 0.033203125
0 0.79296875 0.39453125 0.033203125 0.033203125
0 0.609375 0.47265625 0.033203125 0.033203125
0 0.7275390625 0.4755859375 0.033203125 0.033203125
0 0.6923828125 0.4775390625 0.033203125 0.033203125
0 0.7705078125 0.4814453125 0.033203125 0.033203125
0 0.802734375 0.4814453125 0.033203125 0.033203125
0 0.306640625 0.4921875 0.033203125 0.033203125
0 0.3251953125 0.5078125 0.033203125 0.033203125
0 0.34765625 0.5078125 0.033203125 0.033203125
0 0.103515625 0.515625 0.033203125 0.033203125
0 0.5224609375 0.5263671875 0.033203125 0.033203125
0 0.91796875 0.5283203125 0.033203125 0.033203125
0 0.859375 0.5322265625 0.033203125 0.033203125
0 0.142578125 0.56640625 0.033203125 0.033203125
0 0.060546875 0.7021484375 0.033203125 0.033203125
0 0.56640625 0.748046875 0.033203125 0.033203125
0 0.6591796875 0.748046875 0.033203125 0.033203125
0 0.66015625 0.748046875 0.033203125 0.033203125
0 0.7021484375 0.75 0.033203125 0.033203125
0 0.8427734375 0.81640625 0.033203125 0.033203125
0 0.984375 0.8681640625 0.03125 0.033203125
0 0.083984375 0.873046875 0.033203125 0.033203125
0 0.3828125 0.875 0.033203125 0.033203125