0 0.7373046875 0.162109375 0.033203125 0.033203125
0 0.767578125 0.1796875 0.033203125 0.033203125
0 0.5986328125 0.1904296875 0.033203125 0.033203125
0 0.9677734375 0.2001953125 0.033203125 0.033203125
0 0.9189453125 0.203125 0.033203125 0.033203125
0 0.498046875 0.2041015625 0.033203125 0.033203125
0 0.919921875 0.240234375 0.033203125 0.033203125
0 0.5 0.2431640625 0.033203125 0.033203125
0 0.5 0.26171875 0.033203125 0.033203125
0 0.73046875 0.26171875 0.033203125 0.033203125
0 0.8056640625 0.412109375 0.033203125 0.033203125
0 0.759765625 0.427734375 0.033203125 0.033203125
0 0.720703125 0.4384765625 0.033203125 0.033203125
0 0.8134765625 0.443359375 0.033203125 0.033203125
0 0.6748046875 0.451171875 0.033203125 0.033203125
0 0.7685546875 0.4609375 0.033203125 0.033203125
0 0.7021484375 0.46484375 0.033203125 0.033203125
0 0.8076171875 0.46484375 0.033203125 0.033203125
0 0.732421875 0.4697265625 0.033203125 0.033203125
0 0.771484375 0.4794921875 0.033203125 0.033203125
0 0.8125 0.484375 0.033203125 0.033203125
0 0.470703125 0.490234375 0.033203125 0.033203125
0 0.39453125 0.4931640625 0.033203125 0.033203125
0 0.439453125 0.494140625 0.033203125 0.033203125
0 0.7705078125 0.4951171875 0.033203125 0.033203125
0 0.3505859375 0.4970703125 0.033203125 0.033203125
0 0.6962890625 0.5009765625 0.033203125 0.033203125
0 0.4697265625 0.5107421875 0.033203125 0.033203125
0 0.3427734375 0.513671875 0.033203125 0.033203125
0 0.751953125 0.529296875 0.033203125 0.033203125
0 0.3388671875 0.5302734375 0.033203125 0.033203125
0 0.35546875 0.56640625 0.033203125 0.033203125
0 0.400390625 0.5849609375 0.033203125 0.033203125
0 0.361328125 0.591796875 0.033203125 0.033203125
0 0.7470703125 0.6298828125 0.033203125 0.033203125
0 0.798828125 0.630859375 0.033203125 0.033203125
0 0.375 0.6376953125 0.033203125 0.033203125
0 0.740234375 0.642578125 0.033203125 0.033203125
0 0.3505859375 0.6474609375 0.033203125 0.033203125
0 0.33203125 0.6533203125 0.033203125 0.033203125
0 0.73046875 0.662109375 0.033203125 0.033203125
0 0.4228515625 0.666015625 0.033203125 0.033203125
0 0.359375 0.685546875 0.033203125 0.033203125
0 0.3427734375 0.6875 0.033203125 0.033203125
0 0.4189453125 0.7060546875 0.033203125 0.033203125
0 0.37109375 0.7109375 0.033203125 0.033203125
0 0.376953125 0.728515625 0.033203125 0.033203125
0 0.4287109375 0.7353515625 0.033203125 0.033203125
0 0.494140625 0.7373046875 0.033203125 0.033203125
0 0.5732421875 0.748046875 0.033203125 0.033203125
0 0.46484375 0.751953125 0.033203125 0.033203125
0 0.439453125 0.755859375 0.033203125 0.033203125
0 0.783203125 0.7578125 0.033203125 0.033203125
0 0.3916015625 0.763671875 0.033203125 0.033203125
0 0.421875 0.767578125 0.033203125 0.033203125
0 0.3486328125 0.7734375 0.033203125 0.033203125
0 0.6943359375 0.7763671875 0.033203125 0.033203125
0 0.3984375 0.783203125 0.033203125 0.033203125
0 0.6103515625 0.7880859375 0.033203125 0.033203125
0 0.6298828125 0.791015625 0.033203125 0.033203125
0 0.361328125 0.798828125 0.033203125 0.033203125
0 0.4033203125 0.8076171875 0.033203125 0.033203125
0 0.71484375 0.8125 0.033203125 0.033203125
0 0.3642578125 0.8173828125 0.033203125 0.033203125
0 0.4501953125 0.8173828125 0.033203125 0.033203125
0 0.408203125 0.8251953125 0.033203125 0.033203125
0 0.4501953125 0.833984375 0.033203125 0.033203125
0 0.3681640625 0.83984375 0.033203125 0.033203125
0 0.416015625 0.8408203125 0.033203125 0.033203125
0 0.4599609375 0.849609375 0.033203125 0.033203125
0 0.599609375 0.8505859375 0.033203125 0.033203125
0 0.623046875 0.8515625 0.033203125 0.033203125
0 0.3740234375 0.8544921875 0.033203125 0.033203125
0 0.87109375 0.861328125 0.033203125 0.033203125
0 0.4169921875 0.8623046875 0.033203125 0.033203125
0 0.6884765625 0.865234375 0.033203125 0.033203125
0 0.673828125 0.8671875 0.033203125 0.033203125
0 0.7099609375 0.8701171875 0.033203125 0.033203125
0 0.453125 0.8720703125 0.033203125 0.033203125
0 0.3798828125 0.873046875 0.033203125 0.033203125
0 0.734375 0.8759765625 0.033203125 0.033203125
0 0.458984375 0.884765625 0.033203125 0.033203125
0 0.8466796875 0.8935546875 0.033203125 0.033203125
0 0.728515625 0.9033203125 0.033203125 0.033203125
0 0.4599609375 0.912109375 0.033203125 0.033203125
0 0.412109375 0.916015625 0.033203125 0.033203125
0 0.3779296875 0.9169921875 0.033203125 0.033203125
0 0.62109375 0.9228515625 0.033203125 0.033203125
0 0.396484375 0.9296875 0.033203125 0.033203125
0 0.6552734375 0.9375 0.033203125 0.033203125
0 0.861328125 0.9375 0.033203125 0.033203125
0 0.478515625 0.9423828125 0.033203125 0.033203125
0 0.4951171875 0.943359375 0.033203125 0.033203125
0 0.4443359375 0.9462890625 0.033203125 0.033203125
0 0.4453125 0.9462890625 0.033203125 0.033203125
0 0.4619140625 0.9462890625 0.033203125 0.033203125
0 0.4267578125 0.94921875 0.033203125 0.033203125
0 0.3837890625 0.9521484375 0.033203125 0.033203125
0 0.57421875 0.95703125 0.033203125 0.033203125
0 0.4912109375 0.97265625 0.033203125 0.033203125
0 0.470703125 0.9775390625 0.033203125 0.033203125
0 0.4521484375 0.98046875 0.033203125 0.033203125
0 0.4140625 0.98583984375 0.033203125 0.0283203125
0 0.4345703125 0.986328125 0.033203125 0.02734375
0 0.396484375 0.98828125 0.033203125 0.0234375
0 0.7373046875 0.9892578125 0.033203125 0.021484375