0 0.390625 0.0771484375 0.033203125 0.033203125
0 0.8212890625 0.1005859375 0.033203125 0.033203125
0 0.744140625 0.1640625 0.033203125 0.033203125
0 0.7548828125 0.181640625 0.033203125 0.033203125
0 0.439453125 0.2119140625 0.033203125 0.033203125
0 0.748046875 0.240234375 0.033203125 0.033203125
0 0.484375 0.271484375 0.033203125 0.033203125
0 0.3037109375 0.490234375 0.033203125 0.033203125
0 0.83203125 0.5537109375 0.033203125 0.033203125
0 0.373046875 0.705078125 0.033203125 0.033203125
0 0.6494140625 0.7197265625 0.033203125 0.033203125
0 0.7548828125 0.775390625 0.033203125 0.033203125
0 0.3720703125 0.77734375 0.033203125 0.033203125
0 0.3857421875 0.7802734375 0.033203125 0.033203125
0 0.3251953125 0.783203125 0.033203125 0.033203125
0 0.2705078125 0.8134765625 0.033203125 0.033203125
0 0.775390625 0.8134765625 0.033203125 0.033203125
0 0.37109375 0.8388671875 0.033203125 0.033203125
0 0.8740234375 0.8828125 0.033203125 0.033203125
0 0.3662109375 0.88671875 0.033203125 0.033203125
0 0.875 0.90234375 0.033203125 0.033203125
0 0.775390625 0.9091796875 0.033203125 0.033203125
0 0.3681640625 0.935546875 0.033203125 0.033203125