0 0.943359375 0.009765625 0.033203125 0.01953125
0 0.78125 0.0205078125 0.033203125 0.033203125
0 0.810546875 0.046875 0.033203125 0.033203125
0 0.716796875 0.0771484375 0.033203125 0.033203125
0 0.814453125 0.08203125 0.033203125 0.033203125
0 0.814453125 0.1005859375 0.033203125 0.033203125
0 0.341796875 0.1015625 0.033203125 0.033203125
0 0.3212890625 0.1064453125 0.033203125 0.033203125
0 0.7451171875 0.123046875 0.033203125 0.033203125
0 0.716796875 0.1240234375 0.033203125 0.033203125
0 0.8173828125 0.1298828125 0.033203125 0.033203125
0 0.712890625 0.1455078125 0.033203125 0.033203125
0 0.7421875 0.146484375 0.033203125 0.033203125
0 0.7138671875 0.166015625 0.033203125 0.033203125
0 0.7431640625 0.1669921875 0.033203125 0.033203125
0 0.7158203125 0.185546875 0.033203125 0.033203125
0 0.744140625 0.185546875 0.033203125 0.033203125
0 0.71875 0.2021484375 0.033203125 0.033203125
0 0.74609375 0.2041015625 0.033203125 0.033203125
0 0.5546875 0.2080078125 0.033203125 0.033203125
0 0.4248046875 0.208984375 0.033203125 0.033203125
0 0.5224609375 0.208984375 0.033203125 0.033203125
0 0.931640625 0.208984375 0.033203125 0.033203125
0 0.388671875 0.2099609375 0.033203125 0.033203125
0 0.4638671875 0.2099609375 0.033203125 0.033203125
0 0.9169921875 0.2099609375 0.033203125 0.033203125
0 0.98486328125 0.212890625 0.0302734375 0.033203125
0 0.7470703125 0.22265625 0.033203125 0.033203125
0 0.748046875 0.2412109375 0.033203125 0.033203125
0 0.810546875 0.2421875 0.033203125 0.033203125
0 0.71875 0.2626953125 0.033203125 0.033203125
0 0.7431640625 0.2646484375 0.033203125 0.033203125
0 0.7470703125 0.28125 0.033203125 0.033203125
0 0.7177734375 0.2822265625 0.033203125 0.033203125
0 0.7216796875 0.296875 0.033203125 0.033203125
0 0.7431640625 0.3017578125 0.033203125 0.033203125
0 0.8759765625 0.3017578125 0.033203125 0.033203125
0 0.9658203125 0.3046875 0.033203125 0.033203125
0 0.912109375 0.3056640625 0.033203125 0.033203125
0 0.93359375 0.3076171875 0.033203125 0.033203125
0 0.8134765625 0.322265625 0.033203125 0.033203125
0 0.7158203125 0.3232421875 0.033203125 0.033203125
0 0.7451171875 0.3232421875 0.033203125 0.033203125
0 0.7509765625 0.33984375 0.033203125 0.033203125
0 0.71484375 0.341796875 0.033203125 0.033203125
0 0.853515625 0.3544921875 0.033203125 0.033203125
0 0.748046875 0.361328125 0.033203125 0.033203125
0 0.9697265625 0.3642578125 0.033203125 0.033203125
0 0.7099609375 0.3671875 0.033203125 0.033203125
0 0.810546875 0.369140625 0.033203125 0.033203125
0 0.8486328125 0.3740234375 0.033203125 0.033203125
0 0.7197265625 0.3798828125 0.033203125 0.033203125
0 0.7490234375 0.380859375 0.033203125 0.033203125
0 0.80859375 0.3837890625 0.033203125 0.033203125
0 0.8125 0.400390625 0.033203125 0.033203125
0 0.7431640625 0.40234375 0.033203125 0.033203125
0 0.7119140625 0.4033203125 0.033203125 0.033203125
0 0.7138671875 0.419921875 0.033203125 0.033203125
0 0.74609375 0.421875 0.033203125 0.033203125
0 0.9296875 0.427734375 0.033203125 0.033203125
0 0.8134765625 0.4345703125 0.033203125 0.033203125
0 0.716796875 0.439453125 0.033203125 0.033203125
0 0.7421875 0.443359375 0.033203125 0.033203125
0 0.8525390625 0.4453125 0.033203125 0.033203125
0 0.71484375 0.4619140625 0.033203125 0.033203125
0 0.7421875 0.4619140625 0.033203125 0.033203125
0 0.8115234375 0.4638671875 0.033203125 0.033203125
0 0.7109375 0.48046875 0.033203125 0.033203125
0 0.7412109375 0.4814453125 0.033203125 0.033203125
0 0.7119140625 0.5 0.033203125 0.033203125
0 0.7470703125 0.5 0.033203125 0.033203125
0 0.8134765625 0.5107421875 0.033203125 0.033203125
0 0.7158203125 0.5185546875 0.033203125 0.033203125
0 0.744140625 0.521484375 0.033203125 0.033203125
0 0.814453125 0.52734375 0.033203125 0.033203125
0 0.744140625 0.5390625 0.033203125 0.033203125
0 0.7138671875 0.5400390625 0.033203125 0.033203125
0 0.814453125 0.54296875 0.033203125 0.033203125
0 0.7138671875 0.5576171875 0.033203125 0.033203125
0 0.7451171875 0.55859375 0.033203125 0.033203125
0 0.8115234375 0.560546875 0.033203125 0.033203125
0 0.8125 0.576171875 0.033203125 0.033203125
0 0.736328125 0.58203125 0.033203125 0.033203125
0 0.814453125 0.591796875 0.033203125 0.033203125
0 0.8134765625 0.6083984375 0.033203125 0.033203125
0 0.8095703125 0.625 0.033203125 0.033203125
0 0.404296875 0.6357421875 0.033203125 0.033203125
0 0.1015625 0.6748046875 0.033203125 0.033203125
0 0.2431640625 0.6748046875 0.033203125 0.033203125
0 0.2939453125 0.6767578125 0.033203125 0.033203125
0 0.98486328125 0.6923828125 0.0302734375 0.033203125
0 0.9130859375 0.693359375 0.033203125 0.033203125
0 0.251953125 0.6943359375 0.033203125 0.033203125
0 0.37890625 0.70703125 0.033203125 0.033203125
0 0.2216796875 0.7197265625 0.033203125 0.033203125
0 0.841796875 0.7236328125 0.033203125 0.033203125
0 0.021484375 0.7451171875 0.033203125 0.033203125
0 0.744140625 0.7548828125 0.033203125 0.033203125
0 0.716796875 0.7578125 0.033203125 0.033203125
0 0.7666015625 0.7578125 0.033203125 0.033203125
0 0.791015625 0.7587890625 0.033203125 0.033203125
0 0.814453125 0.7587890625 0.033203125 0.033203125
0 0.8623046875 0.7587890625 0.033203125 0.033203125
0 0.689453125 0.759765625 0.033203125 0.033203125
0 0.107421875 0.7646484375 0.033203125 0.033203125
0 0.2060546875 0.765625 0.033203125 0.033203125
0 0.2275390625 0.767578125 0.033203125 0.033203125
0 0.1279296875 0.76953125 0.033203125 0.033203125
0 0.177734375 0.76953125 0.033203125 0.033203125
0 0.27734375 0.771484375 0.033203125 0.033203125
0 0.302734375 0.7724609375 0.033203125 0.033203125
0 0.53125 0.802734375 0.033203125 0.033203125
0 0.763671875 0.8076171875 0.033203125 0.033203125
0 0.9609375 0.810546875 0.033203125 0.033203125
0 0.01953125 0.8330078125 0.033203125 0.033203125
0 0.2119140625 0.8369140625 0.033203125 0.033203125
0 0.232421875 0.8388671875 0.033203125 0.033203125
0 0.2861328125 0.8388671875 0.033203125 0.033203125
0 0.33984375 0.8427734375 0.033203125 0.033203125
0 0.884765625 0.845703125 0.033203125 0.033203125
0 0.9091796875 0.845703125 0.033203125 0.033203125
0 0.982421875 0.8466796875 0.033203125 0.033203125
0 0.93359375 0.84765625 0.033203125 0.033203125
0 0.6962890625 0.849609375 0.033203125 0.033203125
0 0.865234375 0.849609375 0.033203125 0.033203125
0 0.9619140625 0.849609375 0.033203125 0.033203125
0 0.73828125 0.8515625 0.033203125 0.033203125
0 0.0244140625 0.93359375 0.033203125 0.033203125
0 0.0283203125 0.9521484375 0.033203125 0.033203125
0 0.0283203125 0.97265625 0.033203125 0.033203125
0 0.0322265625 0.9873046875 0.033203125 0.025390625
0 0.1337890625 0.98828125 0.033203125 0.0234375