0 0.9853515625 0.4501953125 0.029296875 0.033203125
0 0.115234375 0.4677734375 0.033203125 0.033203125
0 0.294921875 0.4677734375 0.033203125 0.033203125
0 0.923828125 0.470703125 0.033203125 0.033203125
0 0.7685546875 0.47265625 0.033203125 0.033203125
0 0.068359375 0.486328125 0.033203125 0.033203125
0 0.2568359375 0.490234375 0.033203125 0.033203125
0 0.1171875 0.5087890625 0.033203125 0.033203125
0 0.1611328125 0.5087890625 0.033203125 0.033203125
0 0.0263671875 0.509765625 0.033203125 0.033203125
0 0.2900390625 0.509765625 0.033203125 0.033203125
0 0.291015625 0.509765625 0.033203125 0.033203125
0 0.07421875 0.5107421875 0.033203125 0.033203125
0 0.20703125 0.513671875 0.033203125 0.033203125
0 0.2548828125 0.513671875 0.033203125 0.033203125
0 0.681640625 0.5146484375 0.033203125 0.033203125
0 0.724609375 0.515625 0.033203125 0.033203125
0 0.8125 0.5166015625 0.033203125 0.033203125