0 0.5986328125 0.0087890625 0.033203125 0.017578125
0 0.46875 0.00927734375 0.033203125 0.0185546875
0 0.5185546875 0.00927734375 0.033203125 0.0185546875
0 0.3828125 0.009765625 0.033203125 0.01953125
0 0.51953125 0.0185546875 0.033203125 0.033203125
0 0.599609375 0.01953125 0.033203125 0.033203125
0 0.380859375 0.0205078125 0.033203125 0.033203125
0 0.4658203125 0.0205078125 0.033203125 0.033203125
0 0.47265625 0.0341796875 0.033203125 0.033203125
0 0.513671875 0.03515625 0.033203125 0.033203125
0 0.5966796875 0.0361328125 0.033203125 0.033203125
0 0.384765625 0.037109375 0.033203125 0.033203125
0 0.517578125 0.052734375 0.033203125 0.033203125
0 0.4677734375 0.0546875 0.033203125 0.033203125
0 0.4697265625 0.0869140625 0.033203125 0.033203125
0 0.59765625 0.0869140625 0.033203125 0.033203125
0 0.517578125 0.087890625 0.033203125 0.033203125
0 0.3818359375 0.1044921875 0.033203125 0.033203125
0 0.4677734375 0.1044921875 0.033203125 0.033203125
0 0.5947265625 0.1044921875 0.033203125 0.033203125
0 0.513671875 0.1064453125 0.033203125 0.033203125
0 0.59765625 0.12109375 0.033203125 0.033203125
0 0.4716796875 0.1220703125 0.033203125 0.033203125
0 0.513671875 0.1220703125 0.033203125 0.033203125
0 0.380859375 0.123046875 0.033203125 0.033203125
0 0.384765625 0.140625 0.033203125 0.033203125
0 0.466796875 0.1416015625 0.033203125 0.033203125
0 0.513671875 0.142578125 0.033203125 0.033203125
0 0.5986328125 0.142578125 0.033203125 0.033203125
0 0.4677734375 0.1572265625 0.033203125 0.033203125
0 0.3828125 0.1591796875 0.033203125 0.033203125
0 0.5146484375 0.16015625 0.033203125 0.033203125
0 0.59765625 0.1611328125 0.033203125 0.033203125
0 0.4658203125 0.17578125 0.033203125 0.033203125
0 0.515625 0.177734375 0.033203125 0.033203125
0 0.6005859375 0.1787109375 0.033203125 0.033203125
0 0.5126953125 0.1953125 0.033203125 0.033203125
0 0.6005859375 0.1962890625 0.033203125 0.033203125
0 0.3876953125 0.1982421875 0.033203125 0.033203125
0 0.560546875 0.1982421875 0.033203125 0.033203125
0 0.5126953125 0.2099609375 0.033203125 0.033203125
0 0.6015625 0.2119140625 0.033203125 0.033203125
0 0.3896484375 0.21484375 0.033203125 0.033203125
0 0.5986328125 0.23046875 0.033203125 0.033203125
0 0.5966796875 0.248046875 0.033203125 0.033203125
0 0.5986328125 0.2646484375 0.033203125 0.033203125
0 0.51171875 0.2958984375 0.033203125 0.033203125
0 0.5498046875 0.296875 0.033203125 0.033203125
0 0.4453125 0.298828125 0.033203125 0.033203125
0 0.5703125 0.298828125 0.033203125 0.033203125
0 0.4951171875 0.2998046875 0.033203125 0.033203125
0 0.478515625 0.3017578125 0.033203125 0.033203125
0 0.53125 0.302734375 0.033203125 0.033203125
0 0.283203125 0.42578125 0.033203125 0.033203125
0 0.2021484375 0.4697265625 0.033203125 0.033203125
0 0.205078125 0.486328125 0.033203125 0.033203125
0 0.203125 0.5048828125 0.033203125 0.033203125
0 0.00830078125 0.560546875 0.0166015625 0.033203125
0 0.021484375 0.5634765625 0.033203125 0.033203125
0 0.126953125 0.564453125 0.033203125 0.033203125
0 0.0966796875 0.5654296875 0.033203125 0.033203125
0 0.1474609375 0.56640625 0.033203125 0.033203125
0 0.04296875 0.568359375 0.033203125 0.033203125
0 0.6767578125 0.625 0.033203125 0.033203125
0 0.1455078125 0.62890625 0.033203125 0.033203125
0 0.0556640625 0.6396484375 0.033203125 0.033203125
0 0.1328125 0.6396484375 0.033203125 0.033203125
0 0.6748046875 0.6416015625 0.033203125 0.033203125
0 0.0322265625 0.6435546875 0.033203125 0.033203125
0 0.7890625 0.6474609375 0.033203125 0.033203125
0 0.755859375 0.6484375 0.033203125 0.033203125
0 0.671875 0.66015625 0.033203125 0.033203125
0 0.751953125 0.6630859375 0.033203125 0.033203125
0 0.6728515625 0.6796875 0.033203125 0.033203125
0 0.7861328125 0.68359375 0.033203125 0.033203125
0 0.671875 0.6962890625 0.033203125 0.033203125
0 0.7880859375 0.6982421875 0.033203125 0.033203125
0 0.75 0.7001953125 0.033203125 0.033203125
0 0.669921875 0.7158203125 0.033203125 0.033203125
0 0.75 0.7177734375 0.033203125 0.033203125
0 0.669921875 0.732421875 0.033203125 0.033203125
0 0.748046875 0.734375 0.033203125 0.033203125
0 0.6669921875 0.7490234375 0.033203125 0.033203125
0 0.26953125 0.75390625 0.033203125 0.033203125
0 0.7509765625 0.7548828125 0.033203125 0.033203125
0 0.611328125 0.7578125 0.033203125 0.033203125
0 0.470703125 0.759765625 0.033203125 0.033203125
0 0.5927734375 0.759765625 0.033203125 0.033203125
0 0.625 0.759765625 0.033203125 0.033203125
0 0.25390625 0.7607421875 0.033203125 0.033203125
0 0.5224609375 0.7607421875 0.033203125 0.033203125
0 0.1875 0.76171875 0.033203125 0.033203125
0 0.3388671875 0.76171875 0.033203125 0.033203125
0 0.4541015625 0.76171875 0.033203125 0.033203125
0 0.5400390625 0.76171875 0.033203125 0.033203125
0 0.5576171875 0.763671875 0.033203125 0.033203125
0 0.5751953125 0.763671875 0.033203125 0.033203125
0 0.4189453125 0.7646484375 0.033203125 0.033203125
0 0.3984375 0.767578125 0.033203125 0.033203125
0 0.748046875 0.7705078125 0.033203125 0.033203125
0 0.7490234375 0.7880859375 0.033203125 0.033203125
0 0.8701171875 0.798828125 0.033203125 0.033203125
0 0.326171875 0.849609375 0.033203125 0.033203125
0 0.8720703125 0.8505859375 0.033203125 0.033203125
0 0.5361328125 0.873046875 0.033203125 0.033203125
0 0.5556640625 0.873046875 0.033203125 0.033203125
0 0.5712890625 0.873046875 0.033203125 0.033203125
0 0.6083984375 0.873046875 0.033203125 0.033203125
0 0.58984375 0.8740234375 0.033203125 0.033203125
0 0.515625 0.8779296875 0.033203125 0.033203125
0 0.755859375 0.8828125 0.033203125 0.033203125
0 0.736328125 0.8837890625 0.033203125 0.033203125
0 0.720703125 0.8857421875 0.033203125 0.033203125
0 0.6787109375 0.888671875 0.033203125 0.033203125
0 0.76953125 0.888671875 0.033203125 0.033203125
0 0.662109375 0.8896484375 0.033203125 0.033203125
0 0.6962890625 0.890625 0.033203125 0.033203125
0 0.8193359375 0.890625 0.033203125 0.033203125
0 0.80078125 0.8916015625 0.033203125 0.033203125
0 0.837890625 0.8916015625 0.033203125 0.033203125
0 0.53125 0.9228515625 0.033203125 0.033203125
0 0.55078125 0.92578125 0.033203125 0.033203125
0 0.61328125 0.9267578125 0.033203125 0.033203125
0 0.9541015625 0.9345703125 0.033203125 0.033203125
0 0.7373046875 0.9375 0.033203125 0.033203125
0 0.8408203125 0.9384765625 0.033203125 0.033203125
0 0.73046875 0.9599609375 0.033203125 0.033203125
0 0.6484375 0.97265625 0.033203125 0.033203125
0 0.8359375 0.974609375 0.033203125 0.033203125
0 0.73046875 0.9853515625 0.033203125 0.029296875
0 0.8408203125 0.98876953125 0.033203125 0.0224609375
0 0.94921875 0.98876953125 0.033203125 0.0224609375
0 0.4970703125 0.9892578125 0.033203125 0.021484375