0 0.5888671875 0.013671875 0.033203125 0.02734375
0 0.4814453125 0.01953125 0.033203125 0.033203125
0 0.1337890625 0.021484375 0.033203125 0.033203125
0 0.1337890625 0.041015625 0.033203125 0.033203125
0 0.1337890625 0.0595703125 0.033203125 0.033203125
0 0.1328125 0.0751953125 0.033203125 0.033203125
0 0.5869140625 0.078125 0.033203125 0.033203125
0 0.1328125 0.0947265625 0.033203125 0.033203125
0 0.478515625 0.1474609375 0.033203125 0.033203125
0 0.521484375 0.1494140625 0.033203125 0.033203125
0 0.130859375 0.185546875 0.033203125 0.033203125
0 0.720703125 0.185546875 0.033203125 0.033203125
0 0.5869140625 0.1923828125 0.033203125 0.033203125
0 0.130859375 0.201171875 0.033203125 0.033203125
0 0.169921875 0.203125 0.033203125 0.033203125
0 0.1357421875 0.2197265625 0.033203125 0.033203125
0 0.1669921875 0.2197265625 0.033203125 0.033203125
0 0.71875 0.2197265625 0.033203125 0.033203125
0 0.1669921875 0.2353515625 0.033203125 0.033203125
0 0.1328125 0.236328125 0.033203125 0.033203125
0 0.126953125 0.2529296875 0.033203125 0.033203125
0 0.8291015625 0.2626953125 0.033203125 0.033203125
0 0.4775390625 0.26953125 0.033203125 0.033203125
0 0.1220703125 0.271484375 0.033203125 0.033203125
0 0.1220703125 0.2724609375 0.033203125 0.033203125
0 0.1630859375 0.2724609375 0.033203125 0.033203125
0 0.8271484375 0.3203125 0.033203125 0.033203125
0 0.84765625 0.3203125 0.033203125 0.033203125
0 0.8671875 0.3203125 0.033203125 0.033203125
0 0.95703125 0.322265625 0.033203125 0.033203125
0 0.9189453125 0.3232421875 0.033203125 0.033203125
0 0.9853515625 0.3271484375 0.029296875 0.033203125
0 0.716796875 0.33203125 0.033203125 0.033203125
0 0.71875 0.345703125 0.033203125 0.033203125
0 0.12890625 0.3515625 0.033203125 0.033203125
0 0.2861328125 0.3515625 0.033203125 0.033203125
0 0.1474609375 0.353515625 0.033203125 0.033203125
0 0.181640625 0.353515625 0.033203125 0.033203125
0 0.1982421875 0.353515625 0.033203125 0.033203125
0 0.2177734375 0.353515625 0.033203125 0.033203125
0 0.11328125 0.35546875 0.033203125 0.033203125
0 0.71875 0.3623046875 0.033203125 0.033203125
0 0.4541015625 0.375 0.033203125 0.033203125
0 0.7216796875 0.3828125 0.033203125 0.033203125
0 0.4765625 0.384765625 0.033203125 0.033203125
0 0.115234375 0.3896484375 0.033203125 0.033203125
0 0.1484375 0.3916015625 0.033203125 0.033203125
0 0.7158203125 0.400390625 0.033203125 0.033203125
0 0.55859375 0.404296875 0.033203125 0.033203125
0 0.845703125 0.4072265625 0.033203125 0.033203125
0 0.8984375 0.408203125 0.033203125 0.033203125
0 0.953125 0.408203125 0.033203125 0.033203125
0 0.8818359375 0.4091796875 0.033203125 0.033203125
0 0.826171875 0.41015625 0.033203125 0.033203125
0 0.8623046875 0.41015625 0.033203125 0.033203125
0 0.916015625 0.41015625 0.033203125 0.033203125
0 0.97265625 0.4111328125 0.033203125 0.033203125
0 0.716796875 0.4189453125 0.033203125 0.033203125
0 0.716796875 0.4375 0.033203125 0.033203125
0 0.71875 0.4541015625 0.033203125 0.033203125
0 0.82421875 0.4580078125 0.033203125 0.033203125
0 0.8447265625 0.4580078125 0.033203125 0.033203125
0 0.8603515625 0.458984375 0.033203125 0.033203125
0 0.9150390625 0.4619140625 0.033203125 0.033203125
0 0.8798828125 0.4638671875 0.033203125 0.033203125
0 0.900390625 0.4638671875 0.033203125 0.033203125
0 0.9013671875 0.4638671875 0.033203125 0.033203125
0 0.9541015625 0.4638671875 0.033203125 0.033203125
0 0.9853515625 0.46484375 0.029296875 0.033203125
0 0.935546875 0.4658203125 0.033203125 0.033203125
0 0.474609375 0.4736328125 0.033203125 0.033203125
0 0.71875 0.474609375 0.033203125 0.033203125
0 0.333984375 0.4853515625 0.033203125 0.033203125
0 0.720703125 0.4912109375 0.033203125 0.033203125
0 0.7197265625 0.5087890625 0.033203125 0.033203125
0 0.119140625 0.5224609375 0.033203125 0.033203125
0 0.71875 0.5244140625 0.033203125 0.033203125
0 0.8427734375 0.546875 0.033203125 0.033203125
0 0.8251953125 0.548828125 0.033203125 0.033203125
0 0.86328125 0.548828125 0.033203125 0.033203125
0 0.93359375 0.5498046875 0.033203125 0.033203125
0 0.8798828125 0.55078125 0.033203125 0.033203125
0 0.8984375 0.55078125 0.033203125 0.033203125
0 0.9853515625 0.5517578125 0.029296875 0.033203125
0 0.951171875 0.552734375 0.033203125 0.033203125
0 0.9169921875 0.5537109375 0.033203125 0.033203125
0 0.9716796875 0.5546875 0.033203125 0.033203125
0 0.822265625 0.599609375 0.033203125 0.033203125
0 0.84375 0.60546875 0.033203125 0.033203125
0 0.8603515625 0.6064453125 0.033203125 0.033203125
0 0.9130859375 0.6064453125 0.033203125 0.033203125
0 0.880859375 0.607421875 0.033203125 0.033203125
0 0.896484375 0.607421875 0.033203125 0.033203125
0 0.9326171875 0.607421875 0.033203125 0.033203125
0 0.94921875 0.607421875 0.033203125 0.033203125
0 0.966796875 0.607421875 0.033203125 0.033203125
0 0.984375 0.607421875 0.03125 0.033203125
0 0.05859375 0.67578125 0.033203125 0.033203125
0 0.0380859375 0.6845703125 0.033203125 0.033203125
0 0.00927734375 0.6865234375 0.0185546875 0.033203125
0 0.82421875 0.703125 0.033203125 0.033203125
0 0.841796875 0.703125 0.033203125 0.033203125
0 0.861328125 0.7041015625 0.033203125 0.033203125
0 0.896484375 0.7041015625 0.033203125 0.033203125
0 0.9140625 0.7041015625 0.033203125 0.033203125
0 0.876953125 0.7060546875 0.033203125 0.033203125
0 0.931640625 0.70703125 0.033203125 0.033203125
0 0.951171875 0.70703125 0.033203125 0.033203125
0 0.984375 0.70703125 0.03125 0.033203125
0 0.46484375 0.734375 0.033203125 0.033203125
0 0.4267578125 0.7880859375 0.033203125 0.033203125
0 0.392578125 0.8095703125 0.033203125 0.033203125
0 0.7578125 0.833984375 0.033203125 0.033203125
0 0.708984375 0.8349609375 0.033203125 0.033203125
0 0.8193359375 0.8359375 0.033203125 0.033203125
0 0.9765625 0.8359375 0.033203125 0.033203125
0 0.865234375 0.837890625 0.033203125 0.033203125
0 0.294921875 0.8388671875 0.033203125 0.033203125
0 0.916015625 0.8388671875 0.033203125 0.033203125
0 0.7470703125 0.8583984375 0.033203125 0.033203125
0 0.6953125 0.8603515625 0.033203125 0.033203125
0 0.7880859375 0.8603515625 0.033203125 0.033203125
0 0.419921875 0.880859375 0.033203125 0.033203125
0 0.69140625 0.880859375 0.033203125 0.033203125
0 0.978515625 0.8818359375 0.033203125 0.033203125
0 0.7578125 0.8828125 0.033203125 0.033203125
0 0.8603515625 0.8828125 0.033203125 0.033203125
0 0.9169921875 0.8837890625 0.033203125 0.033203125
0 0.810546875 0.8857421875 0.033203125 0.033203125
0 0.4404296875 0.9013671875 0.033203125 0.033203125
0 0.0654296875 0.90234375 0.033203125 0.033203125
0 0.23046875 0.9052734375 0.033203125 0.033203125
0 0.6923828125 0.908203125 0.033203125 0.033203125
0 0.740234375 0.908203125 0.033203125 0.033203125
0 0.7958984375 0.908203125 0.033203125 0.033203125
0 0.861328125 0.912109375 0.033203125 0.033203125
0 0.5341796875 0.95703125 0.033203125 0.033203125