0 0.4248046875 0.009765625 0.033203125 0.01953125
0 0.7548828125 0.0107421875 0.033203125 0.021484375
0 0.7529296875 0.0234375 0.033203125 0.033203125
0 0.7548828125 0.0390625 0.033203125 0.033203125
0 0.7509765625 0.05859375 0.033203125 0.033203125
0 0.791015625 0.05859375 0.033203125 0.033203125
0 0.787109375 0.095703125 0.033203125 0.033203125
0 0.75390625 0.0966796875 0.033203125 0.033203125
0 0.38671875 0.107421875 0.033203125 0.033203125
0 0.75390625 0.111328125 0.033203125 0.033203125
0 0.5732421875 0.1181640625 0.033203125 0.033203125
0 0.875 0.1298828125 0.033203125 0.033203125
0 0.9130859375 0.130859375 0.033203125 0.033203125
0 0.7431640625 0.1328125 0.033203125 0.033203125
0 0.7861328125 0.134765625 0.033203125 0.033203125
0 0.5078125 0.1357421875 0.033203125 0.033203125
0 0.634765625 0.14453125 0.033203125 0.033203125
0 0.3984375 0.1806640625 0.033203125 0.033203125
0 0.87109375 0.203125 0.033203125 0.033203125
0 0.748046875 0.2041015625 0.033203125 0.033203125
0 0.5732421875 0.2177734375 0.033203125 0.033203125
0 0.6533203125 0.2197265625 0.033203125 0.033203125
0 0.78515625 0.2197265625 0.033203125 0.033203125
0 0.74609375 0.2216796875 0.033203125 0.033203125
0 0.8681640625 0.2216796875 0.033203125 0.033203125
0 0.427734375 0.23828125 0.033203125 0.033203125
0 0.65234375 0.23828125 0.033203125 0.033203125
0 0.744140625 0.2392578125 0.033203125 0.033203125
0 0.91015625 0.2421875 0.033203125 0.033203125
0 0.7412109375 0.2548828125 0.033203125 0.033203125
0 0.65234375 0.255859375 0.033203125 0.033203125
0 0.78515625 0.255859375 0.033203125 0.033203125
0 0.5703125 0.2578125 0.033203125 0.033203125
0 0.74609375 0.2724609375 0.033203125 0.033203125
0 0.6533203125 0.2734375 0.033203125 0.033203125
0 0.6552734375 0.2890625 0.033203125 0.033203125
0 0.748046875 0.2900390625 0.033203125 0.033203125
0 0.5712890625 0.2958984375 0.033203125 0.033203125
0 0.748046875 0.306640625 0.033203125 0.033203125
0 0.6494140625 0.3076171875 0.033203125 0.033203125
0 0.5283203125 0.3125 0.033203125 0.033203125
0 0.654296875 0.3271484375 0.033203125 0.033203125
0 0.8681640625 0.341796875 0.033203125 0.033203125
0 0.5712890625 0.3427734375 0.033203125 0.033203125
0 0.65234375 0.345703125 0.033203125 0.033203125
0 0.6494140625 0.361328125 0.033203125 0.033203125
0 0.75 0.3740234375 0.033203125 0.033203125
0 0.4501953125 0.37890625 0.033203125 0.033203125
0 0.5029296875 0.3857421875 0.033203125 0.033203125
0 0.654296875 0.400390625 0.033203125 0.033203125
0 0.748046875 0.408203125 0.033203125 0.033203125
0 0.650390625 0.41796875 0.033203125 0.033203125
0 0.7783203125 0.42578125 0.033203125 0.033203125
0 0.869140625 0.42578125 0.033203125 0.033203125
0 0.650390625 0.435546875 0.033203125 0.033203125
0 0.5693359375 0.4501953125 0.033203125 0.033203125
0 0.654296875 0.4521484375 0.033203125 0.033203125
0 0.748046875 0.45703125 0.033203125 0.033203125
0 0.7861328125 0.4716796875 0.033203125 0.033203125
0 0.65234375 0.47265625 0.033203125 0.033203125
0 0.74609375 0.4736328125 0.033203125 0.033203125
0 0.87109375 0.4765625 0.033203125 0.033203125
0 0.5703125 0.48828125 0.033203125 0.033203125
0 0.6552734375 0.48828125 0.033203125 0.033203125
0 0.78125 0.4921875 0.033203125 0.033203125
0 0.6484375 0.5048828125 0.033203125 0.033203125
0 0.7490234375 0.5078125 0.033203125 0.033203125
0 0.783203125 0.509765625 0.033203125 0.033203125
0 0.7470703125 0.5234375 0.033203125 0.033203125
0 0.646484375 0.525390625 0.033203125 0.033203125
0 0.7822265625 0.5263671875 0.033203125 0.033203125
0 0.873046875 0.5263671875 0.033203125 0.033203125
0 0.8994140625 0.529296875 0.033203125 0.033203125
0 0.6494140625 0.54296875 0.033203125 0.033203125
0 0.78515625 0.54296875 0.033203125 0.033203125
0 0.7421875 0.544921875 0.033203125 0.033203125
0 0.8720703125 0.5458984375 0.033203125 0.033203125
0 0.7861328125 0.5576171875 0.033203125 0.033203125
0 0.646484375 0.5595703125 0.033203125 0.033203125
0 0.7451171875 0.5595703125 0.033203125 0.033203125
0 0.8701171875 0.560546875 0.033203125 0.033203125
0 0.90625 0.560546875 0.033203125 0.033203125
0 0.98974609375 0.564453125 0.0205078125 0.033203125
0 0.56640625 0.572265625 0.033203125 0.033203125
0 0.7783203125 0.576171875 0.033203125 0.033203125
0 0.87109375 0.576171875 0.033203125 0.033203125
0 0.64453125 0.5771484375 0.033203125 0.033203125
0 0.7451171875 0.5771484375 0.033203125 0.033203125
0 0.7431640625 0.59375 0.033203125 0.033203125
0 0.7822265625 0.59375 0.033203125 0.033203125
0 0.8701171875 0.5947265625 0.033203125 0.033203125
0 0.904296875 0.5947265625 0.033203125 0.033203125
0 0.98828125 0.595703125 0.0234375 0.033203125
0 0.748046875 0.6103515625 0.033203125 0.033203125
0 0.7841796875 0.6103515625 0.033203125 0.033203125
0 0.86328125 0.6103515625 0.033203125 0.033203125
0 0.8974609375 0.6123046875 0.033203125 0.033203125
0 0.7822265625 0.626953125 0.033203125 0.033203125
0 0.748046875 0.6279296875 0.033203125 0.033203125
0 0.869140625 0.62890625 0.033203125 0.033203125
0 0.90625 0.6298828125 0.033203125 0.033203125
0 0.9892578125 0.6298828125 0.021484375 0.033203125
0 0.5185546875 0.6318359375 0.033203125 0.033203125
0 0.7421875 0.642578125 0.033203125 0.033203125
0 0.869140625 0.6435546875 0.033203125 0.033203125
0 0.900390625 0.64453125 0.033203125 0.033203125
0 0.7802734375 0.646484375 0.033203125 0.033203125
0 0.748046875 0.658203125 0.033203125 0.033203125
0 0.7822265625 0.66015625 0.033203125 0.033203125
0 0.87109375 0.662109375 0.033203125 0.033203125
0 0.9033203125 0.662109375 0.033203125 0.033203125
0 0.99072265625 0.6650390625 0.0185546875 0.033203125
0 0.77734375 0.677734375 0.033203125 0.033203125
0 0.9033203125 0.677734375 0.033203125 0.033203125
0 0.7353515625 0.6787109375 0.033203125 0.033203125
0 0.8701171875 0.6787109375 0.033203125 0.033203125
0 0.990234375 0.681640625 0.01953125 0.033203125
0 0.7744140625 0.69140625 0.033203125 0.033203125
0 0.7421875 0.6923828125 0.033203125 0.033203125
0 0.865234375 0.6962890625 0.033203125 0.033203125
0 0.9033203125 0.697265625 0.033203125 0.033203125
0 0.98974609375 0.6982421875 0.0205078125 0.033203125
0 0.7412109375 0.7109375 0.033203125 0.033203125
0 0.8662109375 0.7109375 0.033203125 0.033203125
0 0.9892578125 0.7109375 0.021484375 0.033203125
0 0.7763671875 0.712890625 0.033203125 0.033203125
0 0.904296875 0.712890625 0.033203125 0.033203125
0 0.7431640625 0.7265625 0.033203125 0.033203125
0 0.77734375 0.728515625 0.033203125 0.033203125
0 0.8984375 0.732421875 0.033203125 0.033203125
0 0.99072265625 0.732421875 0.0185546875 0.033203125
0 0.6943359375 0.8046875 0.033203125 0.033203125
0 0.67578125 0.8056640625 0.033203125 0.033203125
0 0.92578125 0.8056640625 0.033203125 0.033203125
0 0.943359375 0.8095703125 0.033203125 0.033203125
0 0.9619140625 0.8095703125 0.033203125 0.033203125
0 0.978515625 0.810546875 0.033203125 0.033203125
0 0.46484375 0.8564453125 0.033203125 0.033203125
0 0.4443359375 0.8818359375 0.033203125 0.033203125
0 0.5849609375 0.8916015625 0.033203125 0.033203125
0 0.4658203125 0.908203125 0.033203125 0.033203125
0 0.7890625 0.908203125 0.033203125 0.033203125
0 0.96484375 0.935546875 0.033203125 0.033203125