0 0.57421875 0.01171875 0.033203125 0.0234375
0 0.37890625 0.01513671875 0.033203125 0.0302734375
0 0.5029296875 0.0673828125 0.033203125 0.033203125
0 0.548828125 0.1103515625 0.033203125 0.033203125
0 0.126953125 0.4423828125 0.033203125 0.033203125
0 0.5390625 0.455078125 0.033203125 0.033203125
0 0.30859375 0.4560546875 0.033203125 0.033203125
0 0.3330078125 0.474609375 0.033203125 0.033203125
0 0.1259765625 0.4814453125 0.033203125 0.033203125
0 0.5341796875 0.4970703125 0.033203125 0.033203125
0 0.3505859375 0.5146484375 0.033203125 0.033203125
0 0.9658203125 0.537109375 0.033203125 0.033203125
0 0.8662109375 0.55078125 0.033203125 0.033203125
0 0.107421875 0.6513671875 0.033203125 0.033203125
0 0.1630859375 0.7431640625 0.033203125 0.033203125
0 0.5576171875 0.841796875 0.033203125 0.033203125