0 0.19140625 0.6767578125 0.033203125 0.033203125
0 0.19140625 0.677734375 0.033203125 0.033203125
0 0.080078125 0.796875 0.033203125 0.033203125
0 0.330078125 0.8251953125 0.033203125 0.033203125
0 0.330078125 0.861328125 0.033203125 0.033203125
0 0.0927734375 0.869140625 0.033203125 0.033203125
0 0.2294921875 0.8720703125 0.033203125 0.033203125
0 0.19140625 0.8740234375 0.033203125 0.033203125
0 0.33203125 0.87890625 0.033203125 0.033203125
0 0.189453125 0.8896484375 0.033203125 0.033203125
0 0.2314453125 0.8896484375 0.033203125 0.033203125
0 0.3271484375 0.900390625 0.033203125 0.033203125
0 0.04296875 0.9619140625 0.033203125 0.033203125
0 0.0400390625 0.9794921875 0.033203125 0.033203125
0 0.3310546875 0.98583984375 0.033203125 0.0283203125
0 0.0888671875 0.990234375 0.033203125 0.01953125