0 0.828125 0.0927734375 0.033203125 0.033203125
0 0.49609375 0.119140625 0.033203125 0.033203125
0 0.0126953125 0.2001953125 0.025390625 0.033203125
0 0.0244140625 0.2177734375 0.033203125 0.033203125
0 0.2138671875 0.3671875 0.033203125 0.033203125
0 0.6064453125 0.4384765625 0.033203125 0.033203125
0 0.1064453125 0.525390625 0.033203125 0.033203125
0 0.09765625 0.5400390625 0.033203125 0.033203125
0 0.8212890625 0.5927734375 0.033203125 0.033203125
0 0.2763671875 0.6025390625 0.033203125 0.033203125
0 0.2939453125 0.6044921875 0.033203125 0.033203125
0 0.8837890625 0.65234375 0.033203125 0.033203125
0 0.6728515625 0.8798828125 0.033203125 0.033203125
0 0.5927734375 0.8896484375 0.033203125 0.033203125
0 0.7412109375 0.8974609375 0.033203125 0.033203125
0 0.783203125 0.9140625 0.033203125 0.033203125
0 0.8212890625 0.9404296875 0.033203125 0.033203125
0 0.8583984375 0.9755859375 0.033203125 0.033203125
0 0.4306640625 0.98876953125 0.033203125 0.0224609375