0 0.244140625 0.00830078125 0.033203125 0.0166015625
0 0.2275390625 0.00927734375 0.033203125 0.0185546875
0 0.310546875 0.01171875 0.033203125 0.0234375
0 0.326171875 0.01171875 0.033203125 0.0234375
0 0.1689453125 0.01416015625 0.033203125 0.0283203125
0 0.21484375 0.01513671875 0.033203125 0.0302734375
0 0.1533203125 0.015625 0.033203125 0.03125
0 0.138671875 0.01611328125 0.033203125 0.0322265625
0 0.2900390625 0.0205078125 0.033203125 0.033203125
0 0.2021484375 0.0244140625 0.033203125 0.033203125
0 0.1865234375 0.025390625 0.033203125 0.033203125
0 0.2646484375 0.02734375 0.033203125 0.033203125
0 0.2783203125 0.03125 0.033203125 0.033203125
0 0.2509765625 0.03515625 0.033203125 0.033203125
0 0.236328125 0.0390625 0.033203125 0.033203125
0 0.2197265625 0.04296875 0.033203125 0.033203125
0 0.1591796875 0.0458984375 0.033203125 0.033203125
0 0.171875 0.0458984375 0.033203125 0.033203125
0 0.14453125 0.0478515625 0.033203125 0.033203125
0 0.0126953125 0.0537109375 0.025390625 0.033203125
0 0.2080078125 0.0556640625 0.033203125 0.033203125
0 0.79296875 0.0615234375 0.033203125 0.033203125
0 0.193359375 0.064453125 0.033203125 0.033203125
0 0.1220703125 0.091796875 0.033203125 0.033203125
0 0.0634765625 0.1044921875 0.033203125 0.033203125
0 0.2353515625 0.1259765625 0.033203125 0.033203125
0 0.2060546875 0.1298828125 0.033203125 0.033203125
0 0.6689453125 0.130859375 0.033203125 0.033203125
0 0.75 0.1572265625 0.033203125 0.033203125
0 0.15234375 0.16015625 0.033203125 0.033203125
0 0.8095703125 0.1669921875 0.033203125 0.033203125
0 0.1357421875 0.171875 0.033203125 0.033203125
0 0.1220703125 0.1787109375 0.033203125 0.033203125
0 0.673828125 0.1796875 0.033203125 0.033203125
0 0.080078125 0.193359375 0.033203125 0.033203125
0 0.140625 0.2197265625 0.033203125 0.033203125
0 0.3427734375 0.2470703125 0.033203125 0.033203125
0 0.7529296875 0.291015625 0.033203125 0.033203125
0 0.76171875 0.306640625 0.033203125 0.033203125
0 0.875 0.310546875 0.033203125 0.033203125
0 0.865234375 0.3173828125 0.033203125 0.033203125
0 0.7685546875 0.328125 0.033203125 0.033203125
0 0.9326171875 0.33203125 0.033203125 0.033203125
0 0.8994140625 0.333984375 0.033203125 0.033203125
0 0.8994140625 0.3349609375 0.033203125 0.033203125
0 0.9296875 0.3515625 0.033203125 0.033203125
0 0.8720703125 0.3525390625 0.033203125 0.033203125
0 0.9189453125 0.357421875 0.033203125 0.033203125
0 0.64453125 0.359375 0.033203125 0.033203125
0 0.767578125 0.4013671875 0.033203125 0.033203125
0 0.767578125 0.40234375 0.033203125 0.033203125
0 0.892578125 0.4228515625 0.033203125 0.033203125
0 0.771484375 0.455078125 0.033203125 0.033203125
0 0.9306640625 0.458984375 0.033203125 0.033203125
0 0.9111328125 0.462890625 0.033203125 0.033203125
0 0.740234375 0.4697265625 0.033203125 0.033203125
0 0.67578125 0.4736328125 0.033203125 0.033203125
0 0.8837890625 0.4853515625 0.033203125 0.033203125
0 0.8603515625 0.4912109375 0.033203125 0.033203125
0 0.9033203125 0.4912109375 0.033203125 0.033203125
0 0.919921875 0.498046875 0.033203125 0.033203125
0 0.65234375 0.5341796875 0.033203125 0.033203125
0 0.7490234375 0.5439453125 0.033203125 0.033203125
0 0.9501953125 0.5576171875 0.033203125 0.033203125
0 0.6650390625 0.5625 0.033203125 0.033203125
0 0.828125 0.5625 0.033203125 0.033203125
0 0.9375 0.5625 0.033203125 0.033203125
0 0.8984375 0.5634765625 0.033203125 0.033203125
0 0.9169921875 0.5634765625 0.033203125 0.033203125
0 0.8779296875 0.564453125 0.033203125 0.033203125
0 0.857421875 0.5654296875 0.033203125 0.033203125
0 0.8447265625 0.5673828125 0.033203125 0.033203125
0 0.6396484375 0.568359375 0.033203125 0.033203125
0 0.6103515625 0.5703125 0.033203125 0.033203125
0 0.900390625 0.60546875 0.033203125 0.033203125
0 0.9189453125 0.60546875 0.033203125 0.033203125
0 0.5712890625 0.609375 0.033203125 0.033203125
0 0.8818359375 0.609375 0.033203125 0.033203125
0 0.939453125 0.609375 0.033203125 0.033203125
0 0.75 0.615234375 0.033203125 0.033203125
0 0.7724609375 0.615234375 0.033203125 0.033203125
0 0.7158203125 0.6162109375 0.033203125 0.033203125
0 0.7314453125 0.6162109375 0.033203125 0.033203125
0 0.98583984375 0.6240234375 0.0283203125 0.033203125
0 0.611328125 0.630859375 0.033203125 0.033203125
0 0.591796875 0.6318359375 0.033203125 0.033203125
0 0.9716796875 0.6318359375 0.033203125 0.033203125
0 0.884765625 0.640625 0.033203125 0.033203125
0 0.921875 0.642578125 0.033203125 0.033203125
0 0.8662109375 0.6435546875 0.033203125 0.033203125
0 0.57421875 0.6455078125 0.033203125 0.033203125
0 0.822265625 0.6494140625 0.033203125 0.033203125
0 0.73046875 0.6513671875 0.033203125 0.033203125
0 0.8447265625 0.6513671875 0.033203125 0.033203125
0 0.751953125 0.65234375 0.033203125 0.033203125
0 0.7119140625 0.6572265625 0.033203125 0.033203125
0 0.6533203125 0.6611328125 0.033203125 0.033203125
0 0.6748046875 0.662109375 0.033203125 0.033203125
0 0.6748046875 0.6630859375 0.033203125 0.033203125
0 0.63671875 0.6640625 0.033203125 0.033203125
0 0.6181640625 0.669921875 0.033203125 0.033203125
0 0.599609375 0.671875 0.033203125 0.033203125
0 0.9052734375 0.673828125 0.033203125 0.033203125
0 0.98828125 0.673828125 0.0234375 0.033203125
0 0.9736328125 0.67578125 0.033203125 0.033203125
0 0.884765625 0.6767578125 0.033203125 0.033203125
0 0.921875 0.6767578125 0.033203125 0.033203125
0 0.955078125 0.6767578125 0.033203125 0.033203125
0 0.94140625 0.677734375 0.033203125 0.033203125
0 0.8681640625 0.6796875 0.033203125 0.033203125
0 0.8466796875 0.68359375 0.033203125 0.033203125
0 0.7490234375 0.6884765625 0.033203125 0.033203125
0 0.7265625 0.6943359375 0.033203125 0.033203125
0 0.6689453125 0.6982421875 0.033203125 0.033203125
0 0.6904296875 0.7001953125 0.033203125 0.033203125
0 0.6318359375 0.705078125 0.033203125 0.033203125
0 0.654296875 0.705078125 0.033203125 0.033203125
0 0.89453125 0.7109375 0.033203125 0.033203125
0 0.94921875 0.7119140625 0.033203125 0.033203125
0 0.98486328125 0.7119140625 0.0302734375 0.033203125
0 0.9306640625 0.712890625 0.033203125 0.033203125
0 0.96875 0.7138671875 0.033203125 0.033203125
0 0.8603515625 0.7158203125 0.033203125 0.033203125
0 0.8759765625 0.716796875 0.033203125 0.033203125
0 0.828125 0.7177734375 0.033203125 0.033203125
0 0.841796875 0.7177734375 0.033203125 0.033203125
0 0.9150390625 0.71875 0.033203125 0.033203125
0 0.751953125 0.732421875 0.033203125 0.033203125
0 0.7041015625 0.736328125 0.033203125 0.033203125
0 0.689453125 0.7412109375 0.033203125 0.033203125
0 0.6513671875 0.7451171875 0.033203125 0.033203125
0 0.6728515625 0.7451171875 0.033203125 0.033203125
0 0.912109375 0.7451171875 0.033203125 0.033203125
0 0.9833984375 0.74609375 0.033203125 0.033203125
0 0.6318359375 0.7470703125 0.033203125 0.033203125
0 0.89453125 0.7470703125 0.033203125 0.033203125
0 0.8955078125 0.7470703125 0.033203125 0.033203125
0 0.966796875 0.7470703125 0.033203125 0.033203125
0 0.9287109375 0.748046875 0.033203125 0.033203125
0 0.9462890625 0.7490234375 0.033203125 0.033203125
0 0.615234375 0.751953125 0.033203125 0.033203125
0 0.599609375 0.755859375 0.033203125 0.033203125
0 0.5791015625 0.7578125 0.033203125 0.033203125
0 0.7763671875 0.7646484375 0.033203125 0.033203125
0 0.7578125 0.771484375 0.033203125 0.033203125
0 0.736328125 0.7724609375 0.033203125 0.033203125
0 0.7001953125 0.7734375 0.033203125 0.033203125
0 0.650390625 0.7783203125 0.033203125 0.033203125
0 0.6640625 0.7783203125 0.033203125 0.033203125
0 0.68359375 0.779296875 0.033203125 0.033203125
0 0.6328125 0.78125 0.033203125 0.033203125
0 0.9228515625 0.78125 0.033203125 0.033203125
0 0.9052734375 0.783203125 0.033203125 0.033203125
0 0.982421875 0.7841796875 0.033203125 0.033203125
0 0.8662109375 0.78515625 0.033203125 0.033203125
0 0.615234375 0.787109375 0.033203125 0.033203125
0 0.888671875 0.7880859375 0.033203125 0.033203125
0 0.849609375 0.7900390625 0.033203125 0.033203125
0 0.578125 0.791015625 0.033203125 0.033203125
0 0.5986328125 0.7919921875 0.033203125 0.033203125
0 0.78125 0.8037109375 0.033203125 0.033203125
0 0.76171875 0.8056640625 0.033203125 0.033203125
0 0.7421875 0.8076171875 0.033203125 0.033203125
0 0.7236328125 0.8095703125 0.033203125 0.033203125
0 0.9423828125 0.8173828125 0.033203125 0.033203125
0 0.9736328125 0.8173828125 0.033203125 0.033203125
0 0.98779296875 0.8193359375 0.0244140625 0.033203125
0 0.8837890625 0.8203125 0.033203125 0.033203125
0 0.95703125 0.8203125 0.033203125 0.033203125
0 0.6259765625 0.822265625 0.033203125 0.033203125
0 0.849609375 0.8232421875 0.033203125 0.033203125
0 0.8671875 0.82421875 0.033203125 0.033203125
0 0.6083984375 0.830078125 0.033203125 0.033203125
0 0.8408203125 0.8369140625 0.033203125 0.033203125
0 0.98828125 0.853515625 0.0234375 0.033203125
0 0.8515625 0.8544921875 0.033203125 0.033203125
0 0.955078125 0.85546875 0.033203125 0.033203125
0 0.9736328125 0.857421875 0.033203125 0.033203125
0 0.8935546875 0.8603515625 0.033203125 0.033203125
0 0.61328125 0.8623046875 0.033203125 0.033203125
0 0.5966796875 0.865234375 0.033203125 0.033203125
0 0.7568359375 0.88671875 0.033203125 0.033203125
0 0.7177734375 0.8896484375 0.033203125 0.033203125
0 0.9755859375 0.8916015625 0.033203125 0.033203125
0 0.7373046875 0.8935546875 0.033203125 0.033203125
0 0.6787109375 0.896484375 0.033203125 0.033203125
0 0.701171875 0.896484375 0.033203125 0.033203125
0 0.8828125 0.8994140625 0.033203125 0.033203125
0 0.904296875 0.900390625 0.033203125 0.033203125
0 0.8671875 0.90234375 0.033203125 0.033203125
0 0.6591796875 0.9033203125 0.033203125 0.033203125
0 0.6416015625 0.9072265625 0.033203125 0.033203125
0 0.6005859375 0.9111328125 0.033203125 0.033203125
0 0.9423828125 0.923828125 0.033203125 0.033203125
0 0.7802734375 0.92578125 0.033203125 0.033203125
0 0.921875 0.9267578125 0.033203125 0.033203125
0 0.740234375 0.931640625 0.033203125 0.033203125
0 0.7216796875 0.935546875 0.033203125 0.033203125
0 0.70703125 0.9384765625 0.033203125 0.033203125
0 0.6474609375 0.9423828125 0.033203125 0.033203125
0 0.6875 0.943359375 0.033203125 0.033203125
0 0.669921875 0.9443359375 0.033203125 0.033203125
0 0.6279296875 0.9453125 0.033203125 0.033203125
0 0.8623046875 0.9462890625 0.033203125 0.033203125
0 0.6064453125 0.947265625 0.033203125 0.033203125
0 0.9892578125 0.9560546875 0.021484375 0.033203125
0 0.904296875 0.9619140625 0.033203125 0.033203125
0 0.962890625 0.9658203125 0.033203125 0.033203125
0 0.943359375 0.966796875 0.033203125 0.033203125
0 0.921875 0.9677734375 0.033203125 0.033203125
0 0.8818359375 0.9736328125 0.033203125 0.033203125
0 0.845703125 0.9765625 0.033203125 0.033203125
0 0.935546875 0.990234375 0.033203125 0.01953125
0 0.7041015625 0.99072265625 0.033203125 0.0185546875
0 0.9892578125 0.99072265625 0.021484375 0.0185546875