0 0.1162109375 0.0703125 0.033203125 0.033203125
0 0.923828125 0.1171875 0.033203125 0.033203125
0 0.291015625 0.197265625 0.033203125 0.033203125
0 0.263671875 0.203125 0.033203125 0.033203125
0 0.287109375 0.2373046875 0.033203125 0.033203125
0 0.283203125 0.267578125 0.033203125 0.033203125
0 0.2802734375 0.2998046875 0.033203125 0.033203125
0 0.27734375 0.3310546875 0.033203125 0.033203125
0 0.1103515625 0.345703125 0.033203125 0.033203125
0 0.25 0.3515625 0.033203125 0.033203125
0 0.046875 0.35546875 0.033203125 0.033203125
0 0.0849609375 0.3701171875 0.033203125 0.033203125
0 0.0849609375 0.37109375 0.033203125 0.033203125
0 0.2294921875 0.427734375 0.033203125 0.033203125
0 0.02734375 0.4873046875 0.033203125 0.033203125
0 0.052734375 0.5048828125 0.033203125 0.033203125
0 0.2314453125 0.6279296875 0.033203125 0.033203125
0 0.5478515625 0.6337890625 0.033203125 0.033203125
0 0.6806640625 0.6416015625 0.033203125 0.033203125
0 0.9375 0.65625 0.033203125 0.033203125
0 0.20703125 0.658203125 0.033203125 0.033203125
0 0.25390625 0.720703125 0.033203125 0.033203125
0 0.0380859375 0.72265625 0.033203125 0.033203125
0 0.974609375 0.88671875 0.033203125 0.033203125
0 0.03515625 0.9384765625 0.033203125 0.033203125