0 0.7099609375 0.029296875 0.033203125 0.033203125
0 0.73046875 0.0302734375 0.033203125 0.033203125
0 0.5107421875 0.03125 0.033203125 0.033203125
0 0.6943359375 0.03125 0.033203125 0.033203125
0 0.7470703125 0.03125 0.033203125 0.033203125
0 0.763671875 0.03125 0.033203125 0.033203125
0 0.6728515625 0.03515625 0.033203125 0.033203125
0 0.6494140625 0.0576171875 0.033203125 0.033203125
0 0.4453125 0.0615234375 0.033203125 0.033203125
0 0.3349609375 0.087890625 0.033203125 0.033203125
0 0.5576171875 0.091796875 0.033203125 0.033203125
0 0.08203125 0.09375 0.033203125 0.033203125
0 0.4453125 0.099609375 0.033203125 0.033203125
0 0.25 0.1025390625 0.033203125 0.033203125
0 0.2666015625 0.1025390625 0.033203125 0.033203125
0 0.33203125 0.1044921875 0.033203125 0.033203125
0 0.2333984375 0.10546875 0.033203125 0.033203125
0 0.2822265625 0.10546875 0.033203125 0.033203125
0 0.2978515625 0.10546875 0.033203125 0.033203125
0 0.21875 0.1064453125 0.033203125 0.033203125
0 0.3310546875 0.125 0.033203125 0.033203125
0 0.658203125 0.130859375 0.033203125 0.033203125
0 0.3310546875 0.1416015625 0.033203125 0.033203125
0 0.6474609375 0.1484375 0.033203125 0.033203125
0 0.6435546875 0.18359375 0.033203125 0.033203125
0 0.650390625 0.201171875 0.033203125 0.033203125
0 0.951171875 0.2060546875 0.033203125 0.033203125
0 0.650390625 0.2177734375 0.033203125 0.033203125
0 0.1474609375 0.2529296875 0.033203125 0.033203125
0 0.0751953125 0.25390625 0.033203125 0.033203125
0 0.21875 0.25390625 0.033203125 0.033203125
0 0.1103515625 0.2548828125 0.033203125 0.033203125
0 0.2763671875 0.255859375 0.033203125 0.033203125
0 0.056640625 0.2568359375 0.033203125 0.033203125
0 0.2021484375 0.2568359375 0.033203125 0.033203125
0 0.240234375 0.2587890625 0.033203125 0.033203125
0 0.259765625 0.2587890625 0.033203125 0.033203125
0 0.525390625 0.2626953125 0.033203125 0.033203125
0 0.5419921875 0.2626953125 0.033203125 0.033203125
0 0.5751953125 0.263671875 0.033203125 0.033203125
0 0.6123046875 0.2646484375 0.033203125 0.033203125
0 0.5947265625 0.2666015625 0.033203125 0.033203125
0 0.5615234375 0.267578125 0.033203125 0.033203125
0 0.9365234375 0.287109375 0.033203125 0.033203125
0 0.34765625 0.3203125 0.033203125 0.033203125
0 0.8232421875 0.3896484375 0.033203125 0.033203125
0 0.380859375 0.4482421875 0.033203125 0.033203125
0 0.3798828125 0.44921875 0.033203125 0.033203125
0 0.2802734375 0.501953125 0.033203125 0.033203125
0 0.369140625 0.5048828125 0.033203125 0.033203125
0 0.4130859375 0.505859375 0.033203125 0.033203125
0 0.9716796875 0.5771484375 0.033203125 0.033203125
0 0.98876953125 0.5771484375 0.0224609375 0.033203125
0 0.98828125 0.626953125 0.0234375 0.033203125
0 0.423828125 0.6669921875 0.033203125 0.033203125
0 0.203125 0.6982421875 0.033203125 0.033203125
0 0.8583984375 0.705078125 0.033203125 0.033203125
0 0.359375 0.712890625 0.033203125 0.033203125
0 0.3525390625 0.7333984375 0.033203125 0.033203125
0 0.8095703125 0.7626953125 0.033203125 0.033203125
0 0.0791015625 0.826171875 0.033203125 0.033203125
0 0.8564453125 0.8681640625 0.033203125 0.033203125