0 0.8466796875 0.109375 0.033203125 0.033203125
0 0.728515625 0.1123046875 0.033203125 0.033203125
0 0.9755859375 0.1123046875 0.033203125 0.033203125
0 0.7998046875 0.11328125 0.033203125 0.033203125
0 0.33203125 0.125 0.033203125 0.033203125
0 0.7216796875 0.1337890625 0.033203125 0.033203125
0 0.8994140625 0.1357421875 0.033203125 0.033203125
0 0.7353515625 0.1552734375 0.033203125 0.033203125
0 0.78125 0.15625 0.033203125 0.033203125
0 0.37890625 0.1708984375 0.033203125 0.033203125
0 0.4306640625 0.1767578125 0.033203125 0.033203125
0 0.42578125 0.1982421875 0.033203125 0.033203125
0 0.76171875 0.2060546875 0.033203125 0.033203125
0 0.6435546875 0.333984375 0.033203125 0.033203125
0 0.013671875 0.349609375 0.02734375 0.033203125
0 0.5986328125 0.3701171875 0.033203125 0.033203125
0 0.6396484375 0.4033203125 0.033203125 0.033203125
0 0.6396484375 0.404296875 0.033203125 0.033203125
0 0.015625 0.4140625 0.03125 0.033203125
0 0.62109375 0.44140625 0.033203125 0.033203125
0 0.6640625 0.443359375 0.033203125 0.033203125
0 0.01416015625 0.4482421875 0.0283203125 0.033203125
0 0.01318359375 0.478515625 0.0263671875 0.033203125
0 0.6630859375 0.486328125 0.033203125 0.033203125
0 0.01513671875 0.51171875 0.0302734375 0.033203125
0 0.6640625 0.5244140625 0.033203125 0.033203125
0 0.01416015625 0.5263671875 0.0283203125 0.033203125
0 0.033203125 0.55078125 0.033203125 0.033203125
0 0.0732421875 0.552734375 0.033203125 0.033203125
0 0.0576171875 0.5556640625 0.033203125 0.033203125
0 0.1123046875 0.5576171875 0.033203125 0.033203125
0 0.7626953125 0.611328125 0.033203125 0.033203125
0 0.2431640625 0.63671875 0.033203125 0.033203125
0 0.330078125 0.638671875 0.033203125 0.033203125
0 0.384765625 0.638671875 0.033203125 0.033203125
0 0.279296875 0.6796875 0.033203125 0.033203125
0 0.2685546875 0.724609375 0.033203125 0.033203125
0 0.322265625 0.724609375 0.033203125 0.033203125
0 0.7001953125 0.7255859375 0.033203125 0.033203125
0 0.771484375 0.7333984375 0.033203125 0.033203125
0 0.7265625 0.7783203125 0.033203125 0.033203125
0 0.1591796875 0.7861328125 0.033203125 0.033203125
0 0.5966796875 0.7890625 0.033203125 0.033203125
0 0.7236328125 0.8125 0.033203125 0.033203125
0 0.39453125 0.8583984375 0.033203125 0.033203125
0 0.3779296875 0.859375 0.033203125 0.033203125
0 0.37890625 0.859375 0.033203125 0.033203125
0 0.41015625 0.859375 0.033203125 0.033203125
0 0.359375 0.8623046875 0.033203125 0.033203125
0 0.58984375 0.921875 0.033203125 0.033203125
0 0.03515625 0.9697265625 0.033203125 0.033203125
0 0.076171875 0.9697265625 0.033203125 0.033203125
0 0.38671875 0.970703125 0.033203125 0.033203125