0 0.224609375 0.0693359375 0.033203125 0.033203125
0 0.22265625 0.1025390625 0.033203125 0.033203125
0 0.22265625 0.1220703125 0.033203125 0.033203125
0 0.224609375 0.1376953125 0.033203125 0.033203125
0 0.134765625 0.15625 0.033203125 0.033203125
0 0.1318359375 0.1748046875 0.033203125 0.033203125
0 0.1337890625 0.193359375 0.033203125 0.033203125
0 0.13671875 0.208984375 0.033203125 0.033203125
0 0.2294921875 0.2431640625 0.033203125 0.033203125
0 0.1337890625 0.2470703125 0.033203125 0.033203125
0 0.1318359375 0.263671875 0.033203125 0.033203125
0 0.1376953125 0.2802734375 0.033203125 0.033203125
0 0.1376953125 0.3193359375 0.033203125 0.033203125
0 0.1328125 0.3525390625 0.033203125 0.033203125
0 0.2255859375 0.3525390625 0.033203125 0.033203125
0 0.13671875 0.388671875 0.033203125 0.033203125
0 0.2255859375 0.3896484375 0.033203125 0.033203125
0 0.1357421875 0.40625 0.033203125 0.033203125
0 0.2275390625 0.4248046875 0.033203125 0.033203125
0 0.1357421875 0.4404296875 0.033203125 0.033203125
0 0.1357421875 0.4765625 0.033203125 0.033203125
0 0.1357421875 0.494140625 0.033203125 0.033203125
0 0.6669921875 0.7734375 0.033203125 0.033203125
0 0.5810546875 0.8251953125 0.033203125 0.033203125
0 0.6640625 0.86328125 0.033203125 0.033203125
0 0.6591796875 0.9599609375 0.033203125 0.033203125
0 0.9833984375 0.990234375 0.033203125 0.01953125