0 0.2734375 0.01025390625 0.033203125 0.0205078125
0 0.3251953125 0.01513671875 0.033203125 0.0302734375
0 0.26953125 0.01953125 0.033203125 0.033203125
0 0.853515625 0.03515625 0.033203125 0.033203125
0 0.271484375 0.037109375 0.033203125 0.033203125
0 0.064453125 0.0390625 0.033203125 0.033203125
0 0.0986328125 0.0390625 0.033203125 0.033203125
0 0.185546875 0.0419921875 0.033203125 0.033203125
0 0.33203125 0.0517578125 0.033203125 0.033203125
0 0.4189453125 0.0517578125 0.033203125 0.033203125
0 0.060546875 0.0546875 0.033203125 0.033203125
0 0.0986328125 0.056640625 0.033203125 0.033203125
0 0.2724609375 0.056640625 0.033203125 0.033203125
0 0.1806640625 0.0576171875 0.033203125 0.033203125
0 0.1806640625 0.07421875 0.033203125 0.033203125
0 0.2734375 0.07421875 0.033203125 0.033203125
0 0.05859375 0.0751953125 0.033203125 0.033203125
0 0.095703125 0.0751953125 0.033203125 0.033203125
0 0.328125 0.0830078125 0.033203125 0.033203125
0 0.41796875 0.0830078125 0.033203125 0.033203125
0 0.2744140625 0.0908203125 0.033203125 0.033203125
0 0.0595703125 0.091796875 0.033203125 0.033203125
0 0.1787109375 0.0927734375 0.033203125 0.033203125
0 0.0947265625 0.09375 0.033203125 0.033203125
0 0.32421875 0.1025390625 0.033203125 0.033203125
0 0.0986328125 0.1103515625 0.033203125 0.033203125
0 0.1806640625 0.1103515625 0.033203125 0.033203125
0 0.2724609375 0.111328125 0.033203125 0.033203125
0 0.4208984375 0.1201171875 0.033203125 0.033203125
0 0.0986328125 0.125 0.033203125 0.033203125
0 0.275390625 0.12890625 0.033203125 0.033203125
0 0.0654296875 0.1298828125 0.033203125 0.033203125
0 0.328125 0.1337890625 0.033203125 0.033203125
0 0.41796875 0.1357421875 0.033203125 0.033203125
0 0.0634765625 0.146484375 0.033203125 0.033203125
0 0.1005859375 0.146484375 0.033203125 0.033203125
0 0.18359375 0.146484375 0.033203125 0.033203125
0 0.4189453125 0.154296875 0.033203125 0.033203125
0 0.326171875 0.1552734375 0.033203125 0.033203125
0 0.8818359375 0.16015625 0.033203125 0.033203125
0 0.1845703125 0.1630859375 0.033203125 0.033203125
0 0.41796875 0.1708984375 0.033203125 0.033203125
0 0.32421875 0.1728515625 0.033203125 0.033203125
0 0.3232421875 0.1884765625 0.033203125 0.033203125
0 0.419921875 0.1884765625 0.033203125 0.033203125
0 0.326171875 0.2060546875 0.033203125 0.033203125
0 0.326171875 0.224609375 0.033203125 0.033203125
0 0.8828125 0.2333984375 0.033203125 0.033203125
0 0.4140625 0.2412109375 0.033203125 0.033203125
0 0.330078125 0.244140625 0.033203125 0.033203125
0 0.330078125 0.259765625 0.033203125 0.033203125
0 0.416015625 0.259765625 0.033203125 0.033203125
0 0.3251953125 0.2783203125 0.033203125 0.033203125
0 0.328125 0.2958984375 0.033203125 0.033203125
0 0.798828125 0.3486328125 0.033203125 0.033203125
0 0.1455078125 0.427734375 0.033203125 0.033203125
0 0.873046875 0.4697265625 0.033203125 0.033203125
0 0.1142578125 0.654296875 0.033203125 0.033203125
0 0.08984375 0.6572265625 0.033203125 0.033203125
0 0.1513671875 0.6591796875 0.033203125 0.033203125
0 0.1923828125 0.6591796875 0.033203125 0.033203125
0 0.029296875 0.6611328125 0.033203125 0.033203125
0 0.0712890625 0.662109375 0.033203125 0.033203125
0 0.830078125 0.6640625 0.033203125 0.033203125
0 0.3134765625 0.6845703125 0.033203125 0.033203125
0 0.4208984375 0.7236328125 0.033203125 0.033203125
0 0.00927734375 0.7314453125 0.0185546875 0.033203125
0 0.1298828125 0.7314453125 0.033203125 0.033203125
0 0.2265625 0.7333984375 0.033203125 0.033203125
0 0.0869140625 0.734375 0.033203125 0.033203125
0 0.2041015625 0.734375 0.033203125 0.033203125
0 0.1875 0.7353515625 0.033203125 0.033203125
0 0.16796875 0.7373046875 0.033203125 0.033203125
0 0.3134765625 0.7412109375 0.033203125 0.033203125
0 0.3115234375 0.7578125 0.033203125 0.033203125
0 0.41796875 0.767578125 0.033203125 0.033203125
0 0.416015625 0.8095703125 0.033203125 0.033203125
0 0.9521484375 0.8173828125 0.033203125 0.033203125
0 0.3134765625 0.822265625 0.033203125 0.033203125
0 0.470703125 0.9208984375 0.033203125 0.033203125
0 0.4501953125 0.9228515625 0.033203125 0.033203125
0 0.7490234375 0.9375 0.033203125 0.033203125
0 0.7470703125 0.9697265625 0.033203125 0.033203125
0 0.3642578125 0.974609375 0.033203125 0.033203125
0 0.1171875 0.9755859375 0.033203125 0.033203125
0 0.134765625 0.9794921875 0.033203125 0.033203125
0 0.169921875 0.9794921875 0.033203125 0.033203125