0 0.97265625 0.0263671875 0.033203125 0.033203125
0 0.18359375 0.16796875 0.033203125 0.033203125
0 0.5361328125 0.2001953125 0.033203125 0.033203125
0 0.7568359375 0.20703125 0.033203125 0.033203125
0 0.67578125 0.2119140625 0.033203125 0.033203125
0 0.7607421875 0.259765625 0.033203125 0.033203125
0 0.333984375 0.28125 0.033203125 0.033203125
0 0.6806640625 0.296875 0.033203125 0.033203125
0 0.6611328125 0.2978515625 0.033203125 0.033203125
0 0.5283203125 0.3388671875 0.033203125 0.033203125
0 0.5576171875 0.5849609375 0.033203125 0.033203125
0 0.22265625 0.6552734375 0.033203125 0.033203125
0 0.50390625 0.857421875 0.033203125 0.033203125
0 0.2978515625 0.9130859375 0.033203125 0.033203125