0 0.5263671875 0.01416015625 0.033203125 0.0283203125
0 0.8505859375 0.0888671875 0.033203125 0.033203125
0 0.45703125 0.091796875 0.033203125 0.033203125
0 0.6005859375 0.33984375 0.033203125 0.033203125
0 0.640625 0.369140625 0.033203125 0.033203125
0 0.37109375 0.4462890625 0.033203125 0.033203125
0 0.44140625 0.478515625 0.033203125 0.033203125
0 0.642578125 0.4814453125 0.033203125 0.033203125
0 0.5458984375 0.537109375 0.033203125 0.033203125
0 0.720703125 0.7626953125 0.033203125 0.033203125
0 0.6298828125 0.7939453125 0.033203125 0.033203125
0 0.3505859375 0.83203125 0.033203125 0.033203125
0 0.54296875 0.8486328125 0.033203125 0.033203125
0 0.4677734375 0.93359375 0.033203125 0.033203125