0 0.8798828125 0.0712890625 0.033203125 0.033203125
0 0.880859375 0.0908203125 0.033203125 0.033203125
0 0.8857421875 0.142578125 0.033203125 0.033203125
0 0.888671875 0.1796875 0.033203125 0.033203125
0 0.892578125 0.197265625 0.033203125 0.033203125
0 0.8896484375 0.21484375 0.033203125 0.033203125
0 0.88671875 0.2333984375 0.033203125 0.033203125
0 0.888671875 0.248046875 0.033203125 0.033203125
0 0.892578125 0.267578125 0.033203125 0.033203125
0 0.8935546875 0.30078125 0.033203125 0.033203125
0 0.900390625 0.322265625 0.033203125 0.033203125
0 0.9013671875 0.3427734375 0.033203125 0.033203125
0 0.9169921875 0.3779296875 0.033203125 0.033203125
0 0.9326171875 0.4130859375 0.033203125 0.033203125
0 0.0234375 0.7734375 0.033203125 0.033203125
0 0.0478515625 0.7734375 0.033203125 0.033203125