0 0.2392578125 0.01220703125 0.033203125 0.0244140625
0 0.3369140625 0.0166015625 0.033203125 0.033203125
0 0.357421875 0.021484375 0.033203125 0.033203125
0 0.990234375 0.0244140625 0.01953125 0.033203125
0 0.8603515625 0.0263671875 0.033203125 0.033203125
0 0.841796875 0.02734375 0.033203125 0.033203125
0 0.474609375 0.0283203125 0.033203125 0.033203125
0 0.82421875 0.0283203125 0.033203125 0.033203125
0 0.876953125 0.0283203125 0.033203125 0.033203125
0 0.9296875 0.0283203125 0.033203125 0.033203125
0 0.9130859375 0.029296875 0.033203125 0.033203125
0 0.4091796875 0.0302734375 0.033203125 0.033203125
0 0.896484375 0.0302734375 0.033203125 0.033203125
0 0.37109375 0.03125 0.033203125 0.033203125
0 0.388671875 0.03125 0.033203125 0.033203125
0 0.556640625 0.0322265625 0.033203125 0.033203125
0 0.576171875 0.0322265625 0.033203125 0.033203125
0 0.595703125 0.0322265625 0.033203125 0.033203125
0 0.5966796875 0.0322265625 0.033203125 0.033203125
0 0.6181640625 0.0322265625 0.033203125 0.033203125
0 0.65625 0.0322265625 0.033203125 0.033203125
0 0.9658203125 0.0322265625 0.033203125 0.033203125
0 0.494140625 0.033203125 0.033203125 0.033203125
0 0.9482421875 0.033203125 0.033203125 0.033203125
0 0.5341796875 0.0341796875 0.033203125 0.033203125
0 0.634765625 0.0341796875 0.033203125 0.033203125
0 0.44921875 0.0361328125 0.033203125 0.033203125
0 0.5126953125 0.0361328125 0.033203125 0.033203125
0 0.4267578125 0.0380859375 0.033203125 0.033203125
0 0.271484375 0.04296875 0.033203125 0.033203125
0 0.3369140625 0.0498046875 0.033203125 0.033203125
0 0.6689453125 0.056640625 0.033203125 0.033203125
0 0.6953125 0.0576171875 0.033203125 0.033203125
0 0.3515625 0.05859375 0.033203125 0.033203125
0 0.388671875 0.0595703125 0.033203125 0.033203125
0 0.515625 0.060546875 0.033203125 0.033203125
0 0.3701171875 0.0615234375 0.033203125 0.033203125
0 0.578125 0.0625 0.033203125 0.033203125
0 0.6435546875 0.0625 0.033203125 0.033203125
0 0.53515625 0.064453125 0.033203125 0.033203125
0 0.4072265625 0.0654296875 0.033203125 0.033203125
0 0.4921875 0.0654296875 0.033203125 0.033203125
0 0.5537109375 0.0654296875 0.033203125 0.033203125
0 0.4697265625 0.06640625 0.033203125 0.033203125
0 0.59765625 0.06640625 0.033203125 0.033203125
0 0.6181640625 0.06640625 0.033203125 0.033203125
0 0.4267578125 0.0693359375 0.033203125 0.033203125
0 0.359375 0.12109375 0.033203125 0.033203125
0 0.3994140625 0.12109375 0.033203125 0.033203125
0 0.419921875 0.1220703125 0.033203125 0.033203125
0 0.443359375 0.1220703125 0.033203125 0.033203125
0 0.3447265625 0.123046875 0.033203125 0.033203125
0 0.3818359375 0.123046875 0.033203125 0.033203125
0 0.466796875 0.123046875 0.033203125 0.033203125
0 0.685546875 0.123046875 0.033203125 0.033203125
0 0.4931640625 0.125 0.033203125 0.033203125
0 0.57421875 0.125 0.033203125 0.033203125
0 0.6015625 0.125 0.033203125 0.033203125
0 0.53125 0.1259765625 0.033203125 0.033203125
0 0.623046875 0.1259765625 0.033203125 0.033203125
0 0.5126953125 0.126953125 0.033203125 0.033203125
0 0.55078125 0.126953125 0.033203125 0.033203125
0 0.6640625 0.126953125 0.033203125 0.033203125
0 0.6484375 0.12890625 0.033203125 0.033203125
0 0.5087890625 0.162109375 0.033203125 0.033203125
0 0.5498046875 0.162109375 0.033203125 0.033203125
0 0.4267578125 0.1630859375 0.033203125 0.033203125
0 0.4873046875 0.1640625 0.033203125 0.033203125
0 0.5283203125 0.1640625 0.033203125 0.033203125
0 0.447265625 0.1650390625 0.033203125 0.033203125
0 0.46875 0.1650390625 0.033203125 0.033203125
0 0.7255859375 0.1650390625 0.033203125 0.033203125
0 0.626953125 0.166015625 0.033203125 0.033203125
0 0.5693359375 0.1669921875 0.033203125 0.033203125
0 0.7412109375 0.1669921875 0.033203125 0.033203125
0 0.58984375 0.16796875 0.033203125 0.033203125
0 0.2705078125 0.1689453125 0.033203125 0.033203125
0 0.646484375 0.169921875 0.033203125 0.033203125
0 0.6875 0.169921875 0.033203125 0.033203125
0 0.705078125 0.17578125 0.033203125 0.033203125
0 0.6533203125 0.228515625 0.033203125 0.033203125
0 0.673828125 0.2294921875 0.033203125 0.033203125
0 0.5908203125 0.2314453125 0.033203125 0.033203125
0 0.6328125 0.2314453125 0.033203125 0.033203125
0 0.3837890625 0.232421875 0.033203125 0.033203125
0 0.4462890625 0.232421875 0.033203125 0.033203125
0 0.4638671875 0.232421875 0.033203125 0.033203125
0 0.529296875 0.232421875 0.033203125 0.033203125
0 0.6123046875 0.232421875 0.033203125 0.033203125
0 0.341796875 0.2333984375 0.033203125 0.033203125
0 0.548828125 0.2333984375 0.033203125 0.033203125
0 0.404296875 0.234375 0.033203125 0.033203125
0 0.4248046875 0.234375 0.033203125 0.033203125
0 0.5703125 0.234375 0.033203125 0.033203125
0 0.744140625 0.234375 0.033203125 0.033203125
0 0.5087890625 0.2353515625 0.033203125 0.033203125
0 0.36328125 0.236328125 0.033203125 0.033203125
0 0.486328125 0.236328125 0.033203125 0.033203125
0 0.234375 0.2412109375 0.033203125 0.033203125
0 0.197265625 0.2431640625 0.033203125 0.033203125
0 0.2158203125 0.2431640625 0.033203125 0.033203125
0 0.4482421875 0.263671875 0.033203125 0.033203125
0 0.490234375 0.2646484375 0.033203125 0.033203125
0 0.4248046875 0.265625 0.033203125 0.033203125
0 0.509765625 0.265625 0.033203125 0.033203125
0 0.529296875 0.265625 0.033203125 0.033203125
0 0.55078125 0.265625 0.033203125 0.033203125
0 0.5732421875 0.265625 0.033203125 0.033203125
0 0.5908203125 0.265625 0.033203125 0.033203125
0 0.61328125 0.265625 0.033203125 0.033203125
0 0.63671875 0.265625 0.033203125 0.033203125
0 0.6767578125 0.265625 0.033203125 0.033203125
0 0.3447265625 0.2666015625 0.033203125 0.033203125
0 0.3671875 0.2666015625 0.033203125 0.033203125
0 0.384765625 0.2666015625 0.033203125 0.033203125
0 0.4052734375 0.2666015625 0.033203125 0.033203125
0 0.466796875 0.2666015625 0.033203125 0.033203125
0 0.654296875 0.2666015625 0.033203125 0.033203125
0 0.744140625 0.2802734375 0.033203125 0.033203125
0 0.0283203125 0.2919921875 0.033203125 0.033203125
0 0.052734375 0.318359375 0.033203125 0.033203125
0 0.0927734375 0.318359375 0.033203125 0.033203125
0 0.1552734375 0.318359375 0.033203125 0.033203125
0 0.21484375 0.3193359375 0.033203125 0.033203125
0 0.173828125 0.3203125 0.033203125 0.033203125
0 0.1103515625 0.3212890625 0.033203125 0.033203125
0 0.255859375 0.3212890625 0.033203125 0.033203125
0 0.337890625 0.3212890625 0.033203125 0.033203125
0 0.126953125 0.322265625 0.033203125 0.033203125
0 0.0693359375 0.3232421875 0.033203125 0.033203125
0 0.2314453125 0.3232421875 0.033203125 0.033203125
0 0.3603515625 0.32421875 0.033203125 0.033203125
0 0.7421875 0.32421875 0.033203125 0.033203125
0 0.3798828125 0.3251953125 0.033203125 0.033203125
0 0.419921875 0.3251953125 0.033203125 0.033203125
0 0.3994140625 0.3271484375 0.033203125 0.033203125
0 0.44140625 0.3271484375 0.033203125 0.033203125
0 0.4794921875 0.3271484375 0.033203125 0.033203125
0 0.4599609375 0.328125 0.033203125 0.033203125
0 0.55859375 0.328125 0.033203125 0.033203125
0 0.580078125 0.328125 0.033203125 0.033203125
0 0.658203125 0.328125 0.033203125 0.033203125
0 0.67578125 0.328125 0.033203125 0.033203125
0 0.5380859375 0.3291015625 0.033203125 0.033203125
0 0.6162109375 0.3291015625 0.033203125 0.033203125
0 0.498046875 0.330078125 0.033203125 0.033203125
0 0.51953125 0.330078125 0.033203125 0.033203125
0 0.5966796875 0.330078125 0.033203125 0.033203125
0 0.6357421875 0.330078125 0.033203125 0.033203125
0 0.63671875 0.330078125 0.033203125 0.033203125
0 0.6416015625 0.330078125 0.033203125 0.033203125
0 0.283203125 0.396484375 0.033203125 0.033203125
0 0.0537109375 0.4072265625 0.033203125 0.033203125
0 0.00927734375 0.408203125 0.0185546875 0.033203125
0 0.087890625 0.408203125 0.033203125 0.033203125
0 0.1298828125 0.408203125 0.033203125 0.033203125
0 0.1689453125 0.41015625 0.033203125 0.033203125
0 0.44921875 0.4130859375 0.033203125 0.033203125
0 0.52734375 0.4130859375 0.033203125 0.033203125
0 0.35546875 0.4140625 0.033203125 0.033203125
0 0.40234375 0.4140625 0.033203125 0.033203125
0 0.48828125 0.4140625 0.033203125 0.033203125
0 0.6435546875 0.4150390625 0.033203125 0.033203125
0 0.599609375 0.416015625 0.033203125 0.033203125
0 0.349609375 0.4892578125 0.033203125 0.033203125
0 0.236328125 0.5400390625 0.033203125 0.033203125
0 0.4794921875 0.5439453125 0.033203125 0.033203125
0 0.4287109375 0.6396484375 0.033203125 0.033203125
0 0.3583984375 0.640625 0.033203125 0.033203125
0 0.412109375 0.642578125 0.033203125 0.033203125
0 0.4453125 0.642578125 0.033203125 0.033203125
0 0.5029296875 0.642578125 0.033203125 0.033203125
0 0.1669921875 0.64453125 0.033203125 0.033203125
0 0.6826171875 0.6484375 0.033203125 0.033203125
0 0.4638671875 0.650390625 0.033203125 0.033203125
0 0.484375 0.650390625 0.033203125 0.033203125
0 0.6484375 0.65625 0.033203125 0.033203125
0 0.5107421875 0.7275390625 0.033203125 0.033203125
0 0.3857421875 0.728515625 0.033203125 0.033203125
0 0.4052734375 0.728515625 0.033203125 0.033203125
0 0.4404296875 0.728515625 0.033203125 0.033203125
0 0.4951171875 0.728515625 0.033203125 0.033203125
0 0.4248046875 0.7294921875 0.033203125 0.033203125
0 0.4580078125 0.7294921875 0.033203125 0.033203125
0 0.478515625 0.7294921875 0.033203125 0.033203125
0 0.6435546875 0.7294921875 0.033203125 0.033203125
0 0.3095703125 0.7587890625 0.033203125 0.033203125
0 0.3095703125 0.759765625 0.033203125 0.033203125
0 0.4765625 0.759765625 0.033203125 0.033203125
0 0.4599609375 0.7607421875 0.033203125 0.033203125
0 0.42578125 0.7626953125 0.033203125 0.033203125
0 0.498046875 0.7626953125 0.033203125 0.033203125
0 0.6201171875 0.7626953125 0.033203125 0.033203125
0 0.4072265625 0.7646484375 0.033203125 0.033203125
0 0.44140625 0.7646484375 0.033203125 0.033203125
0 0.5166015625 0.7646484375 0.033203125 0.033203125
0 0.751953125 0.787109375 0.033203125 0.033203125
0 0.3095703125 0.8056640625 0.033203125 0.033203125
0 0.75390625 0.806640625 0.033203125 0.033203125
0 0.755859375 0.828125 0.033203125 0.033203125
0 0.5830078125 0.841796875 0.033203125 0.033203125
0 0.7529296875 0.84375 0.033203125 0.033203125
0 0.4052734375 0.8447265625 0.033203125 0.033203125
0 0.640625 0.845703125 0.033203125 0.033203125
0 0.4921875 0.8466796875 0.033203125 0.033203125
0 0.4580078125 0.8486328125 0.033203125 0.033203125
0 0.5126953125 0.8486328125 0.033203125 0.033203125
0 0.3330078125 0.849609375 0.033203125 0.033203125
0 0.439453125 0.849609375 0.033203125 0.033203125
0 0.478515625 0.849609375 0.033203125 0.033203125
0 0.60546875 0.849609375 0.033203125 0.033203125
0 0.423828125 0.8515625 0.033203125 0.033203125
0 0.3056640625 0.853515625 0.033203125 0.033203125
0 0.3837890625 0.8759765625 0.033203125 0.033203125
0 0.583984375 0.8779296875 0.033203125 0.033203125
0 0.439453125 0.8798828125 0.033203125 0.033203125
0 0.404296875 0.880859375 0.033203125 0.033203125
0 0.5126953125 0.8818359375 0.033203125 0.033203125
0 0.7529296875 0.8818359375 0.033203125 0.033203125
0 0.4912109375 0.884765625 0.033203125 0.033203125
0 0.60546875 0.8857421875 0.033203125 0.033203125
0 0.4765625 0.88671875 0.033203125 0.033203125
0 0.4580078125 0.8876953125 0.033203125 0.033203125
0 0.3095703125 0.904296875 0.033203125 0.033203125
0 0.7470703125 0.91796875 0.033203125 0.033203125
0 0.3115234375 0.9443359375 0.033203125 0.033203125
0 0.45703125 0.958984375 0.033203125 0.033203125
0 0.0888671875 0.9619140625 0.033203125 0.033203125
0 0.474609375 0.9638671875 0.033203125 0.033203125
0 0.4921875 0.9638671875 0.033203125 0.033203125
0 0.34375 0.966796875 0.033203125 0.033203125
0 0.3662109375 0.966796875 0.033203125 0.033203125
0 0.10546875 0.9677734375 0.033203125 0.033203125
0 0.0537109375 0.9697265625 0.033203125 0.033203125
0 0.0341796875 0.9736328125 0.033203125 0.033203125