0 0.94921875 0.009765625 0.033203125 0.01953125
0 0.40234375 0.072265625 0.033203125 0.033203125
0 0.97265625 0.0771484375 0.033203125 0.033203125
0 0.53125 0.08984375 0.033203125 0.033203125
0 0.98876953125 0.1083984375 0.0224609375 0.033203125
0 0.408203125 0.1767578125 0.033203125 0.033203125
0 0.73828125 0.20703125 0.033203125 0.033203125
0 0.4052734375 0.2197265625 0.033203125 0.033203125
0 0.9794921875 0.2216796875 0.033203125 0.033203125
0 0.7421875 0.2421875 0.033203125 0.033203125
0 0.53125 0.251953125 0.033203125 0.033203125
0 0.404296875 0.2578125 0.033203125 0.033203125
0 0.7353515625 0.263671875 0.033203125 0.033203125
0 0.73828125 0.28125 0.033203125 0.033203125
0 0.853515625 0.2880859375 0.033203125 0.033203125
0 0.53125 0.2900390625 0.033203125 0.033203125
0 0.40234375 0.296875 0.033203125 0.033203125
0 0.857421875 0.30859375 0.033203125 0.033203125
0 0.533203125 0.3330078125 0.033203125 0.033203125
0 0.40234375 0.3408203125 0.033203125 0.033203125
0 0.529296875 0.3720703125 0.033203125 0.033203125
0 0.4033203125 0.37890625 0.033203125 0.033203125
0 0.5302734375 0.4169921875 0.033203125 0.033203125
0 0.400390625 0.4189453125 0.033203125 0.033203125
0 0.5283203125 0.462890625 0.033203125 0.033203125
0 0.52734375 0.4990234375 0.033203125 0.033203125
0 0.02734375 0.5810546875 0.033203125 0.033203125
0 0.0703125 0.5830078125 0.033203125 0.033203125
0 0.5029296875 0.587890625 0.033203125 0.033203125
0 0.7353515625 0.607421875 0.033203125 0.033203125
0 0.9619140625 0.6103515625 0.033203125 0.033203125
0 0.8681640625 0.6162109375 0.033203125 0.033203125
0 0.626953125 0.62890625 0.033203125 0.033203125
0 0.6728515625 0.6328125 0.033203125 0.033203125
0 0.611328125 0.6494140625 0.033203125 0.033203125
0 0.7255859375 0.6494140625 0.033203125 0.033203125
0 0.7666015625 0.6513671875 0.033203125 0.033203125
0 0.669921875 0.65234375 0.033203125 0.033203125
0 0.2568359375 0.685546875 0.033203125 0.033203125
0 0.923828125 0.7392578125 0.033203125 0.033203125
0 0.525390625 0.8681640625 0.033203125 0.033203125
0 0.4404296875 0.900390625 0.033203125 0.033203125
0 0.5263671875 0.9033203125 0.033203125 0.033203125
0 0.5048828125 0.9072265625 0.033203125 0.033203125
0 0.3984375 0.94140625 0.033203125 0.033203125
0 0.52734375 0.9423828125 0.033203125 0.033203125
0 0.08984375 0.9697265625 0.033203125 0.033203125
0 0.07421875 0.970703125 0.033203125 0.033203125
0 0.1123046875 0.970703125 0.033203125 0.033203125
0 0.0576171875 0.974609375 0.033203125 0.033203125
0 0.5234375 0.9755859375 0.033203125 0.033203125