0 0.8115234375 0.57421875 0.033203125 0.033203125
0 0.8427734375 0.681640625 0.033203125 0.033203125
0 0.6103515625 0.6943359375 0.033203125 0.033203125
0 0.8447265625 0.7158203125 0.033203125 0.033203125
0 0.84765625 0.7412109375 0.033203125 0.033203125
0 0.8525390625 0.76953125 0.033203125 0.033203125
0 0.8544921875 0.8037109375 0.033203125 0.033203125
0 0.85546875 0.8388671875 0.033203125 0.033203125
0 0.8740234375 0.8759765625 0.033203125 0.033203125
0 0.8623046875 0.9150390625 0.033203125 0.033203125
0 0.8671875 0.947265625 0.033203125 0.033203125
0 0.8720703125 0.9775390625 0.033203125 0.033203125
0 0.876953125 0.98974609375 0.033203125 0.0205078125