0 0.80859375 0.0185546875 0.033203125 0.033203125
0 0.787109375 0.2314453125 0.033203125 0.033203125
0 0.32421875 0.2978515625 0.033203125 0.033203125
0 0.3642578125 0.2998046875 0.033203125 0.033203125
0 0.3994140625 0.302734375 0.033203125 0.033203125
0 0.7822265625 0.3046875 0.033203125 0.033203125
0 0.66015625 0.505859375 0.033203125 0.033203125
0 0.6962890625 0.5068359375 0.033203125 0.033203125
0 0.98974609375 0.509765625 0.0205078125 0.033203125
0 0.8232421875 0.5380859375 0.033203125 0.033203125
0 0.60546875 0.5419921875 0.033203125 0.033203125
0 0.623046875 0.5439453125 0.033203125 0.033203125
0 0.5947265625 0.5478515625 0.033203125 0.033203125
0 0.466796875 0.5498046875 0.033203125 0.033203125
0 0.66015625 0.5537109375 0.033203125 0.033203125
0 0.671875 0.5556640625 0.033203125 0.033203125
0 0.1708984375 0.6474609375 0.033203125 0.033203125
0 0.17578125 0.685546875 0.033203125 0.033203125
0 0.16796875 0.7626953125 0.033203125 0.033203125
0 0.1669921875 0.8046875 0.033203125 0.033203125
0 0.1630859375 0.8447265625 0.033203125 0.033203125
0 0.1494140625 0.8642578125 0.033203125 0.033203125
0 0.1416015625 0.921875 0.033203125 0.033203125