0 0.7333984375 0.0126953125 0.033203125 0.025390625
0 0.8935546875 0.0146484375 0.033203125 0.029296875
0 0.7353515625 0.02734375 0.033203125 0.033203125
0 0.892578125 0.0283203125 0.033203125 0.033203125
0 0.89453125 0.048828125 0.033203125 0.033203125
0 0.896484375 0.0751953125 0.033203125 0.033203125
0 0.935546875 0.08984375 0.033203125 0.033203125
0 0.9599609375 0.08984375 0.033203125 0.033203125
0 0.833984375 0.0908203125 0.033203125 0.033203125
0 0.8154296875 0.0927734375 0.033203125 0.033203125
0 0.8857421875 0.0927734375 0.033203125 0.033203125
0 0.572265625 0.09375 0.033203125 0.033203125
0 0.98828125 0.095703125 0.0234375 0.033203125
0 0.4365234375 0.09765625 0.033203125 0.033203125
0 0.4580078125 0.09765625 0.033203125 0.033203125
0 0.296875 0.099609375 0.033203125 0.033203125
0 0.375 0.1005859375 0.033203125 0.033203125
0 0.5419921875 0.1005859375 0.033203125 0.033203125
0 0.2783203125 0.1162109375 0.033203125 0.033203125
0 0.048828125 0.1171875 0.033203125 0.033203125
0 0.9130859375 0.125 0.033203125 0.033203125
0 0.822265625 0.138671875 0.033203125 0.033203125
0 0.91015625 0.142578125 0.033203125 0.033203125
0 0.984375 0.1455078125 0.03125 0.033203125
0 0.970703125 0.1484375 0.033203125 0.033203125
0 0.9541015625 0.1494140625 0.033203125 0.033203125
0 0.9365234375 0.1533203125 0.033203125 0.033203125
0 0.44921875 0.154296875 0.033203125 0.033203125
0 0.8212890625 0.154296875 0.033203125 0.033203125
0 0.9052734375 0.1630859375 0.033203125 0.033203125
0 0.8212890625 0.1689453125 0.033203125 0.033203125
0 0.3369140625 0.169921875 0.033203125 0.033203125
0 0.8251953125 0.18359375 0.033203125 0.033203125
0 0.375 0.185546875 0.033203125 0.033203125
0 0.4033203125 0.19140625 0.033203125 0.033203125
0 0.6455078125 0.193359375 0.033203125 0.033203125
0 0.4560546875 0.1962890625 0.033203125 0.033203125
0 0.8232421875 0.201171875 0.033203125 0.033203125
0 0.6494140625 0.2119140625 0.033203125 0.033203125
0 0.916015625 0.212890625 0.033203125 0.033203125
0 0.8212890625 0.2177734375 0.033203125 0.033203125
0 0.6484375 0.228515625 0.033203125 0.033203125
0 0.8251953125 0.232421875 0.033203125 0.033203125
0 0.9130859375 0.232421875 0.033203125 0.033203125
0 0.3388671875 0.2373046875 0.033203125 0.033203125
0 0.9521484375 0.240234375 0.033203125 0.033203125
0 0.9658203125 0.2412109375 0.033203125 0.033203125
0 0.9375 0.2421875 0.033203125 0.033203125
0 0.982421875 0.2421875 0.033203125 0.033203125
0 0.8212890625 0.2470703125 0.033203125 0.033203125
0 0.650390625 0.248046875 0.033203125 0.033203125
0 0.3515625 0.2490234375 0.033203125 0.033203125
0 0.9111328125 0.2490234375 0.033203125 0.033203125
0 0.3720703125 0.2529296875 0.033203125 0.033203125
0 0.7802734375 0.2529296875 0.033203125 0.033203125
0 0.82421875 0.2626953125 0.033203125 0.033203125
0 0.912109375 0.265625 0.033203125 0.033203125
0 0.7802734375 0.2705078125 0.033203125 0.033203125
0 0.4892578125 0.271484375 0.033203125 0.033203125
0 0.646484375 0.283203125 0.033203125 0.033203125
0 0.6962890625 0.291015625 0.033203125 0.033203125
0 0.6484375 0.3017578125 0.033203125 0.033203125
0 0.4912109375 0.302734375 0.033203125 0.033203125
0 0.36328125 0.3056640625 0.033203125 0.033203125
0 0.466796875 0.306640625 0.033203125 0.033203125
0 0.783203125 0.306640625 0.033203125 0.033203125
0 0.69921875 0.3076171875 0.033203125 0.033203125
0 0.345703125 0.30859375 0.033203125 0.033203125
0 0.3466796875 0.30859375 0.033203125 0.033203125
0 0.6962890625 0.3232421875 0.033203125 0.033203125
0 0.78125 0.3271484375 0.033203125 0.033203125
0 0.650390625 0.3369140625 0.033203125 0.033203125
0 0.6962890625 0.341796875 0.033203125 0.033203125
0 0.783203125 0.341796875 0.033203125 0.033203125
0 0.6962890625 0.359375 0.033203125 0.033203125
0 0.779296875 0.359375 0.033203125 0.033203125
0 0.6953125 0.376953125 0.033203125 0.033203125
0 0.7822265625 0.3798828125 0.033203125 0.033203125
0 0.34765625 0.3828125 0.033203125 0.033203125
0 0.4521484375 0.3876953125 0.033203125 0.033203125
0 0.6923828125 0.392578125 0.033203125 0.033203125
0 0.7783203125 0.3955078125 0.033203125 0.033203125
0 0.4755859375 0.404296875 0.033203125 0.033203125
0 0.6953125 0.4150390625 0.033203125 0.033203125
0 0.71875 0.4541015625 0.033203125 0.033203125
0 0.720703125 0.4755859375 0.033203125 0.033203125
0 0.3017578125 0.478515625 0.033203125 0.033203125
0 0.4931640625 0.48828125 0.033203125 0.033203125
0 0.6103515625 0.490234375 0.033203125 0.033203125
0 0.72265625 0.494140625 0.033203125 0.033203125
0 0.5244140625 0.5078125 0.033203125 0.033203125
0 0.6044921875 0.5078125 0.033203125 0.033203125
0 0.642578125 0.5087890625 0.033203125 0.033203125
0 0.5234375 0.5244140625 0.033203125 0.033203125
0 0.48828125 0.5263671875 0.033203125 0.033203125
0 0.6064453125 0.52734375 0.033203125 0.033203125
0 0.48828125 0.5439453125 0.033203125 0.033203125
0 0.724609375 0.5458984375 0.033203125 0.033203125
0 0.640625 0.546875 0.033203125 0.033203125
0 0.8115234375 0.55078125 0.033203125 0.033203125
0 0.484375 0.5576171875 0.033203125 0.033203125
0 0.40625 0.5595703125 0.033203125 0.033203125
0 0.6396484375 0.5625 0.033203125 0.033203125
0 0.7197265625 0.564453125 0.033203125 0.033203125
0 0.94921875 0.5712890625 0.033203125 0.033203125
0 0.9853515625 0.57421875 0.029296875 0.033203125
0 0.9267578125 0.5751953125 0.033203125 0.033203125
0 0.40625 0.578125 0.033203125 0.033203125
0 0.48828125 0.578125 0.033203125 0.033203125
0 0.60546875 0.580078125 0.033203125 0.033203125
0 0.0615234375 0.587890625 0.033203125 0.033203125
0 0.1044921875 0.587890625 0.033203125 0.033203125
0 0.2392578125 0.587890625 0.033203125 0.033203125
0 0.0205078125 0.5888671875 0.033203125 0.033203125
0 0.4072265625 0.5947265625 0.033203125 0.033203125
0 0.486328125 0.5966796875 0.033203125 0.033203125
0 0.5283203125 0.5966796875 0.033203125 0.033203125
0 0.64453125 0.5966796875 0.033203125 0.033203125
0 0.6455078125 0.5966796875 0.033203125 0.033203125
0 0.81640625 0.59765625 0.033203125 0.033203125
0 0.603515625 0.5986328125 0.033203125 0.033203125
0 0.7255859375 0.6015625 0.033203125 0.033203125
0 0.9228515625 0.6025390625 0.033203125 0.033203125
0 0.3740234375 0.6123046875 0.033203125 0.033203125
0 0.4873046875 0.6123046875 0.033203125 0.033203125
0 0.0146484375 0.61328125 0.029296875 0.033203125
0 0.046875 0.615234375 0.033203125 0.033203125
0 0.1201171875 0.615234375 0.033203125 0.033203125
0 0.603515625 0.615234375 0.033203125 0.033203125
0 0.642578125 0.6162109375 0.033203125 0.033203125
0 0.1455078125 0.6171875 0.033203125 0.033203125
0 0.1728515625 0.6171875 0.033203125 0.033203125
0 0.2255859375 0.6171875 0.033203125 0.033203125
0 0.24609375 0.6171875 0.033203125 0.033203125
0 0.7216796875 0.6171875 0.033203125 0.033203125
0 0.07421875 0.619140625 0.033203125 0.033203125
0 0.0986328125 0.619140625 0.033203125 0.033203125
0 0.271484375 0.619140625 0.033203125 0.033203125
0 0.2724609375 0.619140625 0.033203125 0.033203125
0 0.19921875 0.623046875 0.033203125 0.033203125
0 0.9228515625 0.6259765625 0.033203125 0.033203125
0 0.369140625 0.6279296875 0.033203125 0.033203125
0 0.408203125 0.6279296875 0.033203125 0.033203125
0 0.408203125 0.62890625 0.033203125 0.033203125
0 0.8154296875 0.62890625 0.033203125 0.033203125
0 0.486328125 0.630859375 0.033203125 0.033203125
0 0.5205078125 0.630859375 0.033203125 0.033203125
0 0.990234375 0.6328125 0.01953125 0.033203125
0 0.6064453125 0.6337890625 0.033203125 0.033203125
0 0.72265625 0.63671875 0.033203125 0.033203125
0 0.40625 0.646484375 0.033203125 0.033203125
0 0.3720703125 0.6474609375 0.033203125 0.033203125
0 0.5224609375 0.6494140625 0.033203125 0.033203125
0 0.4892578125 0.650390625 0.033203125 0.033203125
0 0.6416015625 0.650390625 0.033203125 0.033203125
0 0.60546875 0.65234375 0.033203125 0.033203125
0 0.72265625 0.6533203125 0.033203125 0.033203125
0 0.3681640625 0.6669921875 0.033203125 0.033203125
0 0.4033203125 0.6669921875 0.033203125 0.033203125
0 0.5234375 0.66796875 0.033203125 0.033203125
0 0.607421875 0.6689453125 0.033203125 0.033203125
0 0.6083984375 0.6689453125 0.033203125 0.033203125
0 0.4853515625 0.68359375 0.033203125 0.033203125
0 0.365234375 0.6845703125 0.033203125 0.033203125
0 0.40234375 0.6845703125 0.033203125 0.033203125
0 0.521484375 0.6865234375 0.033203125 0.033203125
0 0.171875 0.6875 0.033203125 0.033203125
0 0.0615234375 0.689453125 0.033203125 0.033203125
0 0.10546875 0.689453125 0.033203125 0.033203125
0 0.6044921875 0.689453125 0.033203125 0.033203125
0 0.1240234375 0.69140625 0.033203125 0.033203125
0 0.2607421875 0.69140625 0.033203125 0.033203125
0 0.2822265625 0.69140625 0.033203125 0.033203125
0 0.1474609375 0.6923828125 0.033203125 0.033203125
0 0.189453125 0.693359375 0.033203125 0.033203125
0 0.2109375 0.693359375 0.033203125 0.033203125
0 0.8134765625 0.6982421875 0.033203125 0.033203125
0 0.3681640625 0.69921875 0.033203125 0.033203125
0 0.4033203125 0.7041015625 0.033203125 0.033203125
0 0.5263671875 0.7041015625 0.033203125 0.033203125
0 0.4853515625 0.7060546875 0.033203125 0.033203125
0 0.6064453125 0.7060546875 0.033203125 0.033203125
0 0.990234375 0.7158203125 0.01953125 0.033203125
0 0.3671875 0.71875 0.033203125 0.033203125
0 0.2451171875 0.720703125 0.033203125 0.033203125
0 0.291015625 0.720703125 0.033203125 0.033203125
0 0.4873046875 0.720703125 0.033203125 0.033203125
0 0.521484375 0.7216796875 0.033203125 0.033203125
0 0.6044921875 0.7216796875 0.033203125 0.033203125
0 0.162109375 0.72265625 0.033203125 0.033203125
0 0.400390625 0.72265625 0.033203125 0.033203125
0 0.076171875 0.7236328125 0.033203125 0.033203125
0 0.0986328125 0.724609375 0.033203125 0.033203125
0 0.2255859375 0.724609375 0.033203125 0.033203125
0 0.6416015625 0.724609375 0.033203125 0.033203125
0 0.6494140625 0.724609375 0.033203125 0.033203125
0 0.140625 0.7255859375 0.033203125 0.033203125
0 0.056640625 0.7265625 0.033203125 0.033203125
0 0.205078125 0.7265625 0.033203125 0.033203125
0 0.7236328125 0.7265625 0.033203125 0.033203125
0 0.275390625 0.7314453125 0.033203125 0.033203125
0 0.40234375 0.7353515625 0.033203125 0.033203125
0 0.3720703125 0.7373046875 0.033203125 0.033203125
0 0.486328125 0.7392578125 0.033203125 0.033203125
0 0.5185546875 0.740234375 0.033203125 0.033203125
0 0.404296875 0.755859375 0.033203125 0.033203125
0 0.638671875 0.7568359375 0.033203125 0.033203125
0 0.3662109375 0.7587890625 0.033203125 0.033203125
0 0.4833984375 0.7587890625 0.033203125 0.033203125
0 0.5205078125 0.7587890625 0.033203125 0.033203125
0 0.60546875 0.7587890625 0.033203125 0.033203125
0 0.720703125 0.7587890625 0.033203125 0.033203125
0 0.6083984375 0.7734375 0.033203125 0.033203125
0 0.5205078125 0.775390625 0.033203125 0.033203125
0 0.72265625 0.779296875 0.033203125 0.033203125
0 0.64453125 0.7880859375 0.033203125 0.033203125
0 0.220703125 0.7890625 0.033203125 0.033203125
0 0.15625 0.7900390625 0.033203125 0.033203125
0 0.2001953125 0.7900390625 0.033203125 0.033203125
0 0.2421875 0.7900390625 0.033203125 0.033203125
0 0.287109375 0.7900390625 0.033203125 0.033203125
0 0.1748046875 0.791015625 0.033203125 0.033203125
0 0.265625 0.791015625 0.033203125 0.033203125
0 0.0654296875 0.7919921875 0.033203125 0.033203125
0 0.6025390625 0.7919921875 0.033203125 0.033203125
0 0.4912109375 0.79296875 0.033203125 0.033203125
0 0.837890625 0.7939453125 0.033203125 0.033203125
0 0.5244140625 0.794921875 0.033203125 0.033203125
0 0.837890625 0.794921875 0.033203125 0.033203125
0 0.98583984375 0.7958984375 0.0283203125 0.033203125
0 0.72265625 0.796875 0.033203125 0.033203125
0 0.1376953125 0.8154296875 0.033203125 0.033203125
0 0.06640625 0.81640625 0.033203125 0.033203125
0 0.1083984375 0.81640625 0.033203125 0.033203125
0 0.71875 0.8173828125 0.033203125 0.033203125
0 0.1796875 0.818359375 0.033203125 0.033203125
0 0.0859375 0.8193359375 0.033203125 0.033203125
0 0.1962890625 0.8193359375 0.033203125 0.033203125
0 0.26171875 0.8193359375 0.033203125 0.033203125
0 0.240234375 0.8203125 0.033203125 0.033203125
0 0.15234375 0.8212890625 0.033203125 0.033203125
0 0.21484375 0.82421875 0.033203125 0.033203125
0 0.2841796875 0.82421875 0.033203125 0.033203125
0 0.3037109375 0.8271484375 0.033203125 0.033203125
0 0.720703125 0.8330078125 0.033203125 0.033203125
0 0.94921875 0.8359375 0.033203125 0.033203125
0 0.806640625 0.8466796875 0.033203125 0.033203125
0 0.45703125 0.859375 0.033203125 0.033203125
0 0.6025390625 0.8662109375 0.033203125 0.033203125
0 0.640625 0.8662109375 0.033203125 0.033203125
0 0.7177734375 0.869140625 0.033203125 0.033203125
0 0.4384765625 0.8701171875 0.033203125 0.033203125
0 0.4931640625 0.87109375 0.033203125 0.033203125
0 0.3671875 0.8720703125 0.033203125 0.033203125
0 0.9501953125 0.8720703125 0.033203125 0.033203125
0 0.474609375 0.8740234375 0.033203125 0.033203125
0 0.6044921875 0.8828125 0.033203125 0.033203125
0 0.638671875 0.8828125 0.033203125 0.033203125
0 0.0654296875 0.8857421875 0.033203125 0.033203125
0 0.1875 0.8876953125 0.033203125 0.033203125
0 0.08203125 0.888671875 0.033203125 0.033203125
0 0.9453125 0.888671875 0.033203125 0.033203125
0 0.048828125 0.890625 0.033203125 0.033203125
0 0.03125 0.892578125 0.033203125 0.033203125
0 0.7666015625 0.8955078125 0.033203125 0.033203125
0 0.63671875 0.90234375 0.033203125 0.033203125
0 0.71875 0.9033203125 0.033203125 0.033203125
0 0.3642578125 0.91015625 0.033203125 0.033203125
0 0.603515625 0.919921875 0.033203125 0.033203125
0 0.638671875 0.919921875 0.033203125 0.033203125
0 0.9501953125 0.9248046875 0.033203125 0.033203125
0 0.6064453125 0.9345703125 0.033203125 0.033203125
0 0.7177734375 0.939453125 0.033203125 0.033203125
0 0.6044921875 0.951171875 0.033203125 0.033203125
0 0.5205078125 0.9521484375 0.033203125 0.033203125
0 0.6005859375 0.96875 0.033203125 0.033203125
0 0.6376953125 0.9697265625 0.033203125 0.033203125
0 0.7158203125 0.9716796875 0.033203125 0.033203125
0 0.3525390625 0.9775390625 0.033203125 0.033203125
0 0.521484375 0.984375 0.033203125 0.03125
0 0.6015625 0.98486328125 0.033203125 0.0302734375
0 0.6396484375 0.98583984375 0.033203125 0.0283203125