0 0.4111328125 0.15625 0.033203125 0.033203125
0 0.400390625 0.2978515625 0.033203125 0.033203125
0 0.2744140625 0.310546875 0.033203125 0.033203125
0 0.404296875 0.31640625 0.033203125 0.033203125
0 0.361328125 0.3173828125 0.033203125 0.033203125
0 0.2744140625 0.328125 0.033203125 0.033203125
0 0.3681640625 0.3349609375 0.033203125 0.033203125
0 0.365234375 0.353515625 0.033203125 0.033203125
0 0.4013671875 0.353515625 0.033203125 0.033203125
0 0.275390625 0.3642578125 0.033203125 0.033203125
0 0.3994140625 0.369140625 0.033203125 0.033203125
0 0.27734375 0.392578125 0.033203125 0.033203125
0 0.3681640625 0.4072265625 0.033203125 0.033203125
0 0.4033203125 0.408203125 0.033203125 0.033203125
0 0.28125 0.4306640625 0.033203125 0.033203125
0 0.4033203125 0.4423828125 0.033203125 0.033203125
0 0.400390625 0.4609375 0.033203125 0.033203125
0 0.3681640625 0.478515625 0.033203125 0.033203125
0 0.400390625 0.5302734375 0.033203125 0.033203125
0 0.6875 0.5908203125 0.033203125 0.033203125
0 0.689453125 0.6357421875 0.033203125 0.033203125
0 0.6875 0.6533203125 0.033203125 0.033203125
0 0.6845703125 0.669921875 0.033203125 0.033203125
0 0.5390625 0.6865234375 0.033203125 0.033203125
0 0.39453125 0.6884765625 0.033203125 0.033203125
0 0.4111328125 0.6884765625 0.033203125 0.033203125
0 0.4482421875 0.6884765625 0.033203125 0.033203125
0 0.4306640625 0.689453125 0.033203125 0.033203125
0 0.5888671875 0.6904296875 0.033203125 0.033203125
0 0.4658203125 0.69140625 0.033203125 0.033203125
0 0.501953125 0.69140625 0.033203125 0.033203125
0 0.5205078125 0.69140625 0.033203125 0.033203125
0 0.572265625 0.6923828125 0.033203125 0.033203125