0 0.2216796875 0.0078125 0.033203125 0.015625
0 0.2216796875 0.03515625 0.033203125 0.033203125
0 0.2197265625 0.0771484375 0.033203125 0.033203125
0 0.32421875 0.1083984375 0.033203125 0.033203125
0 0.365234375 0.1298828125 0.033203125 0.033203125
0 0.224609375 0.146484375 0.033203125 0.033203125
0 0.32421875 0.1484375 0.033203125 0.033203125
0 0.36328125 0.212890625 0.033203125 0.033203125
0 0.326171875 0.2138671875 0.033203125 0.033203125
0 0.1806640625 0.486328125 0.033203125 0.033203125
0 0.7236328125 0.7197265625 0.033203125 0.033203125
0 0.7587890625 0.7216796875 0.033203125 0.033203125