0 0.078125 0.1201171875 0.033203125 0.033203125
0 0.01416015625 0.51171875 0.0283203125 0.033203125
0 0.72265625 0.529296875 0.033203125 0.033203125
0 0.435546875 0.5322265625 0.033203125 0.033203125
0 0.5888671875 0.5361328125 0.033203125 0.033203125
0 0.7705078125 0.640625 0.033203125 0.033203125
0 0.533203125 0.6591796875 0.033203125 0.033203125
0 0.3271484375 0.7099609375 0.033203125 0.033203125
0 0.419921875 0.720703125 0.033203125 0.033203125
0 0.3466796875 0.724609375 0.033203125 0.033203125
0 0.1181640625 0.7333984375 0.033203125 0.033203125