0 0.2392578125 0.2255859375 0.033203125 0.033203125
0 0.400390625 0.3671875 0.033203125 0.033203125
0 0.3896484375 0.3837890625 0.033203125 0.033203125
0 0.4033203125 0.4462890625 0.033203125 0.033203125
0 0.30859375 0.4677734375 0.033203125 0.033203125
0 0.7080078125 0.513671875 0.033203125 0.033203125
0 0.7451171875 0.5478515625 0.033203125 0.033203125
0 0.8173828125 0.62109375 0.033203125 0.033203125
0 0.8505859375 0.6533203125 0.033203125 0.033203125
0 0.2734375 0.87109375 0.033203125 0.033203125
0 0.244140625 0.9208984375 0.033203125 0.033203125