0 0.361328125 0.0087890625 0.033203125 0.017578125
0 0.787109375 0.00927734375 0.033203125 0.0185546875
0 0.7412109375 0.01025390625 0.033203125 0.0205078125
0 0.3935546875 0.01416015625 0.033203125 0.0283203125
0 0.2919921875 0.01513671875 0.033203125 0.0302734375
0 0.814453125 0.0185546875 0.033203125 0.033203125
0 0.3642578125 0.01953125 0.033203125 0.033203125
0 0.751953125 0.0234375 0.033203125 0.033203125
0 0.6220703125 0.025390625 0.033203125 0.033203125
0 0.2978515625 0.0302734375 0.033203125 0.033203125
0 0.32421875 0.0380859375 0.033203125 0.033203125
0 0.521484375 0.0380859375 0.033203125 0.033203125
0 0.619140625 0.0380859375 0.033203125 0.033203125
0 0.658203125 0.0400390625 0.033203125 0.033203125
0 0.8349609375 0.0400390625 0.033203125 0.033203125
0 0.4912109375 0.044921875 0.033203125 0.033203125
0 0.7373046875 0.0458984375 0.033203125 0.033203125
0 0.2919921875 0.060546875 0.033203125 0.033203125
0 0.65625 0.0625 0.033203125 0.033203125
0 0.4970703125 0.0634765625 0.033203125 0.033203125
0 0.3994140625 0.0654296875 0.033203125 0.033203125
0 0.6044921875 0.0654296875 0.033203125 0.033203125
0 0.3203125 0.06640625 0.033203125 0.033203125
0 0.5283203125 0.0732421875 0.033203125 0.033203125
0 0.40625 0.0751953125 0.033203125 0.033203125
0 0.287109375 0.076171875 0.033203125 0.033203125
0 0.75390625 0.0810546875 0.033203125 0.033203125
0 0.3134765625 0.083984375 0.033203125 0.033203125
0 0.314453125 0.083984375 0.033203125 0.033203125
0 0.3740234375 0.083984375 0.033203125 0.033203125
0 0.5166015625 0.087890625 0.033203125 0.033203125
0 0.6640625 0.087890625 0.033203125 0.033203125
0 0.58984375 0.0888671875 0.033203125 0.033203125
0 0.2880859375 0.0908203125 0.033203125 0.033203125
0 0.62890625 0.091796875 0.033203125 0.033203125
0 0.4697265625 0.0927734375 0.033203125 0.033203125
0 0.4072265625 0.09375 0.033203125 0.033203125
0 0.7509765625 0.099609375 0.033203125 0.033203125
0 0.6123046875 0.1015625 0.033203125 0.033203125
0 0.30078125 0.103515625 0.033203125 0.033203125
0 0.3740234375 0.103515625 0.033203125 0.033203125
0 0.4248046875 0.10546875 0.033203125 0.033203125
0 0.3115234375 0.1142578125 0.033203125 0.033203125
0 0.5068359375 0.1142578125 0.033203125 0.033203125
0 0.4775390625 0.119140625 0.033203125 0.033203125
0 0.6474609375 0.119140625 0.033203125 0.033203125
0 0.6669921875 0.123046875 0.033203125 0.033203125
0 0.380859375 0.1240234375 0.033203125 0.033203125
0 0.7529296875 0.126953125 0.033203125 0.033203125
0 0.59765625 0.1279296875 0.033203125 0.033203125
0 0.3037109375 0.1298828125 0.033203125 0.033203125
0 0.533203125 0.1328125 0.033203125 0.033203125
0 0.5166015625 0.13671875 0.033203125 0.033203125
0 0.7421875 0.140625 0.033203125 0.033203125
0 0.6259765625 0.142578125 0.033203125 0.033203125
0 0.3798828125 0.1435546875 0.033203125 0.033203125
0 0.48828125 0.1572265625 0.033203125 0.033203125
0 0.724609375 0.158203125 0.033203125 0.033203125
0 0.6650390625 0.162109375 0.033203125 0.033203125
0 0.60546875 0.1630859375 0.033203125 0.033203125
0 0.41796875 0.1669921875 0.033203125 0.033203125
0 0.37890625 0.16796875 0.033203125 0.033203125
0 0.521484375 0.1689453125 0.033203125 0.033203125
0 0.6416015625 0.1689453125 0.033203125 0.033203125
0 0.48046875 0.1748046875 0.033203125 0.033203125
0 0.6669921875 0.181640625 0.033203125 0.033203125
0 0.3837890625 0.1875 0.033203125 0.033203125
0 0.7158203125 0.1884765625 0.033203125 0.033203125
0 0.5908203125 0.1962890625 0.033203125 0.033203125
0 0.6552734375 0.197265625 0.033203125 0.033203125
0 0.2763671875 0.19921875 0.033203125 0.033203125
0 0.3046875 0.19921875 0.033203125 0.033203125
0 0.5224609375 0.2001953125 0.033203125 0.033203125
0 0.41015625 0.201171875 0.033203125 0.033203125
0 0.751953125 0.201171875 0.033203125 0.033203125
0 0.630859375 0.205078125 0.033203125 0.033203125
0 0.37890625 0.208984375 0.033203125 0.033203125
0 0.4755859375 0.2099609375 0.033203125 0.033203125
0 0.6630859375 0.212890625 0.033203125 0.033203125
0 0.53125 0.2177734375 0.033203125 0.033203125
0 0.60546875 0.220703125 0.033203125 0.033203125
0 0.7412109375 0.2255859375 0.033203125 0.033203125
0 0.4853515625 0.228515625 0.033203125 0.033203125
0 0.41015625 0.232421875 0.033203125 0.033203125
0 0.4296875 0.232421875 0.033203125 0.033203125
0 0.2734375 0.2333984375 0.033203125 0.033203125
0 0.529296875 0.234375 0.033203125 0.033203125
0 0.755859375 0.2392578125 0.033203125 0.033203125
0 0.6552734375 0.240234375 0.033203125 0.033203125
0 0.6259765625 0.24609375 0.033203125 0.033203125
0 0.48828125 0.2470703125 0.033203125 0.033203125
0 0.7080078125 0.2490234375 0.033203125 0.033203125
0 0.5263671875 0.251953125 0.033203125 0.033203125
0 0.6025390625 0.251953125 0.033203125 0.033203125
0 0.2734375 0.25390625 0.033203125 0.033203125
0 0.3740234375 0.255859375 0.033203125 0.033203125
0 0.775390625 0.255859375 0.033203125 0.033203125
0 0.419921875 0.2646484375 0.033203125 0.033203125
0 0.494140625 0.2666015625 0.033203125 0.033203125
0 0.2724609375 0.2685546875 0.033203125 0.033203125
0 0.5263671875 0.26953125 0.033203125 0.033203125
0 0.7763671875 0.2734375 0.033203125 0.033203125
0 0.7529296875 0.2744140625 0.033203125 0.033203125
0 0.294921875 0.275390625 0.033203125 0.033203125
0 0.3701171875 0.275390625 0.033203125 0.033203125
0 0.5810546875 0.275390625 0.033203125 0.033203125
0 0.7275390625 0.275390625 0.033203125 0.033203125
0 0.6083984375 0.2763671875 0.033203125 0.033203125
0 0.267578125 0.28125 0.033203125 0.033203125
0 0.494140625 0.2822265625 0.033203125 0.033203125
0 0.7119140625 0.2861328125 0.033203125 0.033203125
0 0.3798828125 0.2880859375 0.033203125 0.033203125
0 0.650390625 0.2880859375 0.033203125 0.033203125
0 0.5283203125 0.2900390625 0.033203125 0.033203125
0 0.7705078125 0.291015625 0.033203125 0.033203125
0 0.416015625 0.29296875 0.033203125 0.033203125
0 0.62109375 0.296875 0.033203125 0.033203125
0 0.26953125 0.2998046875 0.033203125 0.033203125
0 0.4892578125 0.2998046875 0.033203125 0.033203125
0 0.373046875 0.3046875 0.033203125 0.033203125
0 0.6533203125 0.306640625 0.033203125 0.033203125
0 0.826171875 0.3095703125 0.033203125 0.033203125
0 0.3720703125 0.3154296875 0.033203125 0.033203125
0 0.26953125 0.31640625 0.033203125 0.033203125
0 0.7861328125 0.31640625 0.033203125 0.033203125
0 0.2998046875 0.318359375 0.033203125 0.033203125
0 0.6357421875 0.3212890625 0.033203125 0.033203125
0 0.41015625 0.3232421875 0.033203125 0.033203125
0 0.826171875 0.3232421875 0.033203125 0.033203125
0 0.6162109375 0.328125 0.033203125 0.033203125
0 0.2734375 0.3359375 0.033203125 0.033203125
0 0.5908203125 0.3359375 0.033203125 0.033203125
0 0.3818359375 0.3369140625 0.033203125 0.033203125
0 0.705078125 0.3369140625 0.033203125 0.033203125
0 0.7802734375 0.337890625 0.033203125 0.033203125
0 0.8212890625 0.3388671875 0.033203125 0.033203125
0 0.41796875 0.33984375 0.033203125 0.033203125
0 0.736328125 0.3525390625 0.033203125 0.033203125
0 0.2685546875 0.3544921875 0.033203125 0.033203125
0 0.8232421875 0.35546875 0.033203125 0.033203125
0 0.4169921875 0.357421875 0.033203125 0.033203125
0 0.7109375 0.357421875 0.033203125 0.033203125
0 0.4716796875 0.3642578125 0.033203125 0.033203125
0 0.783203125 0.369140625 0.033203125 0.033203125
0 0.818359375 0.3720703125 0.033203125 0.033203125
0 0.439453125 0.37890625 0.033203125 0.033203125
0 0.474609375 0.3837890625 0.033203125 0.033203125
0 0.3671875 0.384765625 0.033203125 0.033203125
0 0.7890625 0.3857421875 0.033203125 0.033203125
0 0.634765625 0.390625 0.033203125 0.033203125
0 0.8212890625 0.39453125 0.033203125 0.033203125
0 0.2978515625 0.3994140625 0.033203125 0.033203125
0 0.791015625 0.4072265625 0.033203125 0.033203125
0 0.73046875 0.4091796875 0.033203125 0.033203125
0 0.728515625 0.4267578125 0.033203125 0.033203125
0 0.630859375 0.4287109375 0.033203125 0.033203125
0 0.8154296875 0.4287109375 0.033203125 0.033203125
0 0.6748046875 0.43359375 0.033203125 0.033203125
0 0.3837890625 0.439453125 0.033203125 0.033203125
0 0.7822265625 0.443359375 0.033203125 0.033203125
0 0.4033203125 0.4462890625 0.033203125 0.033203125
0 0.3046875 0.4501953125 0.033203125 0.033203125
0 0.80859375 0.4501953125 0.033203125 0.033203125
0 0.7255859375 0.451171875 0.033203125 0.033203125
0 0.755859375 0.462890625 0.033203125 0.033203125
0 0.4462890625 0.4658203125 0.033203125 0.033203125
0 0.2822265625 0.4677734375 0.033203125 0.033203125
0 0.41015625 0.4677734375 0.033203125 0.033203125
0 0.7841796875 0.4716796875 0.033203125 0.033203125
0 0.3115234375 0.47265625 0.033203125 0.033203125
0 0.7275390625 0.47265625 0.033203125 0.033203125
0 0.501953125 0.4794921875 0.033203125 0.033203125
0 0.2841796875 0.4833984375 0.033203125 0.033203125
0 0.37890625 0.484375 0.033203125 0.033203125
0 0.447265625 0.484375 0.033203125 0.033203125
0 0.8134765625 0.486328125 0.033203125 0.033203125
0 0.720703125 0.48828125 0.033203125 0.033203125
0 0.751953125 0.494140625 0.033203125 0.033203125
0 0.2841796875 0.4990234375 0.033203125 0.033203125
0 0.4248046875 0.4990234375 0.033203125 0.033203125
0 0.80859375 0.50390625 0.033203125 0.033203125
0 0.44921875 0.5048828125 0.033203125 0.033203125
0 0.78125 0.5068359375 0.033203125 0.033203125
0 0.3798828125 0.509765625 0.033203125 0.033203125
0 0.3115234375 0.5224609375 0.033203125 0.033203125
0 0.7626953125 0.5234375 0.033203125 0.033203125
0 0.28515625 0.5244140625 0.033203125 0.033203125
0 0.8154296875 0.5322265625 0.033203125 0.033203125
0 0.73046875 0.533203125 0.033203125 0.033203125
0 0.71484375 0.53515625 0.033203125 0.033203125
0 0.7470703125 0.5361328125 0.033203125 0.033203125
0 0.421875 0.5419921875 0.033203125 0.033203125
0 0.794921875 0.544921875 0.033203125 0.033203125
0 0.2744140625 0.548828125 0.033203125 0.033203125
0 0.6240234375 0.55859375 0.033203125 0.033203125
0 0.7685546875 0.560546875 0.033203125 0.033203125
0 0.732421875 0.5625 0.033203125 0.033203125
0 0.748046875 0.568359375 0.033203125 0.033203125
0 0.7958984375 0.5693359375 0.033203125 0.033203125
0 0.28125 0.5712890625 0.033203125 0.033203125
0 0.599609375 0.576171875 0.033203125 0.033203125
0 0.3095703125 0.580078125 0.033203125 0.033203125
0 0.654296875 0.5810546875 0.033203125 0.033203125
0 0.8046875 0.5830078125 0.033203125 0.033203125
0 0.4150390625 0.5888671875 0.033203125 0.033203125
0 0.48828125 0.5947265625 0.033203125 0.033203125
0 0.7724609375 0.59765625 0.033203125 0.033203125
0 0.6728515625 0.6015625 0.033203125 0.033203125
0 0.673828125 0.6015625 0.033203125 0.033203125
0 0.6474609375 0.6025390625 0.033203125 0.033203125
0 0.46484375 0.6044921875 0.033203125 0.033203125
0 0.7548828125 0.6064453125 0.033203125 0.033203125
0 0.5234375 0.6171875 0.033203125 0.033203125
0 0.6142578125 0.6181640625 0.033203125 0.033203125
0 0.689453125 0.6181640625 0.033203125 0.033203125
0 0.5888671875 0.6220703125 0.033203125 0.033203125
0 0.294921875 0.623046875 0.033203125 0.033203125
0 0.6484375 0.626953125 0.033203125 0.033203125
0 0.54296875 0.630859375 0.033203125 0.033203125
0 0.6669921875 0.6318359375 0.033203125 0.033203125
0 0.283203125 0.6328125 0.033203125 0.033203125
0 0.5576171875 0.6376953125 0.033203125 0.033203125
0 0.6943359375 0.6396484375 0.033203125 0.033203125
0 0.4443359375 0.640625 0.033203125 0.033203125
0 0.5810546875 0.6416015625 0.033203125 0.033203125
0 0.4033203125 0.64453125 0.033203125 0.033203125
0 0.6005859375 0.64453125 0.033203125 0.033203125
0 0.798828125 0.64453125 0.033203125 0.033203125
0 0.626953125 0.6533203125 0.033203125 0.033203125
0 0.302734375 0.654296875 0.033203125 0.033203125
0 0.662109375 0.654296875 0.033203125 0.033203125
0 0.6962890625 0.6552734375 0.033203125 0.033203125
0 0.5751953125 0.66015625 0.033203125 0.033203125
0 0.4345703125 0.6650390625 0.033203125 0.033203125
0 0.279296875 0.666015625 0.033203125 0.033203125
0 0.60546875 0.666015625 0.033203125 0.033203125
0 0.798828125 0.666015625 0.033203125 0.033203125
0 0.3076171875 0.67578125 0.033203125 0.033203125
0 0.6962890625 0.67578125 0.033203125 0.033203125
0 0.7421875 0.6787109375 0.033203125 0.033203125
0 0.2763671875 0.681640625 0.033203125 0.033203125
0 0.59765625 0.681640625 0.033203125 0.033203125
0 0.4951171875 0.685546875 0.033203125 0.033203125
0 0.66796875 0.6875 0.033203125 0.033203125
0 0.7939453125 0.6875 0.033203125 0.033203125
0 0.900390625 0.69140625 0.033203125 0.033203125
0 0.2734375 0.693359375 0.033203125 0.033203125
0 0.2998046875 0.6982421875 0.033203125 0.033203125
0 0.318359375 0.701171875 0.033203125 0.033203125
0 0.791015625 0.7060546875 0.033203125 0.033203125
0 0.701171875 0.70703125 0.033203125 0.033203125
0 0.5126953125 0.7080078125 0.033203125 0.033203125
0 0.6630859375 0.7080078125 0.033203125 0.033203125
0 0.2744140625 0.7099609375 0.033203125 0.033203125
0 0.6123046875 0.7099609375 0.033203125 0.033203125
0 0.2978515625 0.7216796875 0.033203125 0.033203125
0 0.794921875 0.7236328125 0.033203125 0.033203125
0 0.681640625 0.724609375 0.033203125 0.033203125
0 0.6435546875 0.7255859375 0.033203125 0.033203125
0 0.2724609375 0.7314453125 0.033203125 0.033203125
0 0.4970703125 0.7314453125 0.033203125 0.033203125
0 0.666015625 0.734375 0.033203125 0.033203125
0 0.48046875 0.73828125 0.033203125 0.033203125
0 0.630859375 0.73828125 0.033203125 0.033203125
0 0.7626953125 0.7412109375 0.033203125 0.033203125
0 0.279296875 0.74609375 0.033203125 0.033203125
0 0.513671875 0.75 0.033203125 0.033203125
0 0.78125 0.75 0.033203125 0.033203125
0 0.533203125 0.7548828125 0.033203125 0.033203125
0 0.3076171875 0.755859375 0.033203125 0.033203125
0 0.658203125 0.755859375 0.033203125 0.033203125
0 0.68359375 0.7626953125 0.033203125 0.033203125
0 0.2783203125 0.7646484375 0.033203125 0.033203125
0 0.591796875 0.7744140625 0.033203125 0.033203125
0 0.650390625 0.77734375 0.033203125 0.033203125
0 0.2763671875 0.7783203125 0.033203125 0.033203125
0 0.3046875 0.78125 0.033203125 0.033203125
0 0.6865234375 0.7822265625 0.033203125 0.033203125
0 0.779296875 0.78515625 0.033203125 0.033203125
0 0.5380859375 0.7861328125 0.033203125 0.033203125
0 0.35546875 0.7890625 0.033203125 0.033203125
0 0.5927734375 0.7890625 0.033203125 0.033203125
0 0.6728515625 0.7939453125 0.033203125 0.033203125
0 0.41015625 0.7958984375 0.033203125 0.033203125
0 0.59375 0.8056640625 0.033203125 0.033203125
0 0.640625 0.8076171875 0.033203125 0.033203125
0 0.77734375 0.8134765625 0.033203125 0.033203125
0 0.66015625 0.818359375 0.033203125 0.033203125
0 0.4111328125 0.8349609375 0.033203125 0.033203125
0 0.6728515625 0.8369140625 0.033203125 0.033203125
0 0.4423828125 0.8388671875 0.033203125 0.033203125
0 0.7705078125 0.8466796875 0.033203125 0.033203125
0 0.421875 0.8505859375 0.033203125 0.033203125
0 0.6640625 0.8583984375 0.033203125 0.033203125
0 0.396484375 0.8642578125 0.033203125 0.033203125
0 0.498046875 0.8642578125 0.033203125 0.033203125
0 0.357421875 0.873046875 0.033203125 0.033203125
0 0.755859375 0.8740234375 0.033203125 0.033203125
0 0.4482421875 0.8798828125 0.033203125 0.033203125
0 0.544921875 0.8935546875 0.033203125 0.033203125
0 0.5908203125 0.8974609375 0.033203125 0.033203125
0 0.69140625 0.8974609375 0.033203125 0.033203125
0 0.7470703125 0.9013671875 0.033203125 0.033203125
0 0.580078125 0.916015625 0.033203125 0.033203125
0 0.7314453125 0.9169921875 0.033203125 0.033203125
0 0.486328125 0.91796875 0.033203125 0.033203125
0 0.451171875 0.9189453125 0.033203125 0.033203125
0 0.3271484375 0.923828125 0.033203125 0.033203125
0 0.7099609375 0.923828125 0.033203125 0.033203125
0 0.5263671875 0.9404296875 0.033203125 0.033203125
0 0.5615234375 0.9462890625 0.033203125 0.033203125
0 0.7138671875 0.947265625 0.033203125 0.033203125
0 0.5908203125 0.951171875 0.033203125 0.033203125
0 0.5908203125 0.9521484375 0.033203125 0.033203125
0 0.640625 0.953125 0.033203125 0.033203125
0 0.640625 0.9541015625 0.033203125 0.033203125
0 0.5400390625 0.9619140625 0.033203125 0.033203125
0 0.3310546875 0.9658203125 0.033203125 0.033203125
0 0.7763671875 0.970703125 0.033203125 0.033203125
0 0.673828125 0.978515625 0.033203125 0.033203125
0 0.62890625 0.9833984375 0.033203125 0.033203125