0 0.4140625 0.0087890625 0.033203125 0.017578125
0 0.0234375 0.01416015625 0.033203125 0.0283203125
0 0.412109375 0.017578125 0.033203125 0.033203125
0 0.220703125 0.03125 0.033203125 0.033203125
0 0.412109375 0.0341796875 0.033203125 0.033203125
0 0.2216796875 0.05078125 0.033203125 0.033203125
0 0.3271484375 0.052734375 0.033203125 0.033203125
0 0.296875 0.0537109375 0.033203125 0.033203125
0 0.0224609375 0.0673828125 0.033203125 0.033203125
0 0.21875 0.068359375 0.033203125 0.033203125
0 0.29296875 0.0693359375 0.033203125 0.033203125
0 0.3232421875 0.0693359375 0.033203125 0.033203125
0 0.404296875 0.0712890625 0.033203125 0.033203125
0 0.01953125 0.0830078125 0.033203125 0.033203125
0 0.294921875 0.0859375 0.033203125 0.033203125
0 0.3271484375 0.0888671875 0.033203125 0.033203125
0 0.552734375 0.0888671875 0.033203125 0.033203125
0 0.3251953125 0.1044921875 0.033203125 0.033203125
0 0.216796875 0.10546875 0.033203125 0.033203125
0 0.2939453125 0.1220703125 0.033203125 0.033203125
0 0.330078125 0.1220703125 0.033203125 0.033203125
0 0.5966796875 0.125 0.033203125 0.033203125
0 0.291015625 0.1396484375 0.033203125 0.033203125
0 0.328125 0.1396484375 0.033203125 0.033203125
0 0.5556640625 0.1416015625 0.033203125 0.033203125
0 0.48828125 0.1455078125 0.033203125 0.033203125
0 0.2197265625 0.1552734375 0.033203125 0.033203125
0 0.5751953125 0.16796875 0.033203125 0.033203125
0 0.552734375 0.1943359375 0.033203125 0.033203125
0 0.859375 0.2080078125 0.033203125 0.033203125
0 0.9013671875 0.208984375 0.033203125 0.033203125
0 0.7138671875 0.23046875 0.033203125 0.033203125
0 0.7529296875 0.25 0.033203125 0.033203125
0 0.6953125 0.2509765625 0.033203125 0.033203125
0 0.810546875 0.2548828125 0.033203125 0.033203125
0 0.236328125 0.263671875 0.033203125 0.033203125
0 0.6923828125 0.2744140625 0.033203125 0.033203125
0 0.7451171875 0.2783203125 0.033203125 0.033203125
0 0.48046875 0.283203125 0.033203125 0.033203125
0 0.5986328125 0.294921875 0.033203125 0.033203125
0 0.412109375 0.298828125 0.033203125 0.033203125
0 0.328125 0.2998046875 0.033203125 0.033203125
0 0.369140625 0.302734375 0.033203125 0.033203125
0 0.3994140625 0.3251953125 0.033203125 0.033203125
0 0.5966796875 0.443359375 0.033203125 0.033203125
0 0.5693359375 0.4794921875 0.033203125 0.033203125
0 0.9658203125 0.4853515625 0.033203125 0.033203125
0 0.927734375 0.4873046875 0.033203125 0.033203125
0 0.91015625 0.48828125 0.033203125 0.033203125
0 0.890625 0.4892578125 0.033203125 0.033203125
0 0.947265625 0.490234375 0.033203125 0.033203125
0 0.98388671875 0.4921875 0.0322265625 0.033203125
0 0.8359375 0.5791015625 0.033203125 0.033203125
0 0.853515625 0.5810546875 0.033203125 0.033203125
0 0.892578125 0.5849609375 0.033203125 0.033203125
0 0.9111328125 0.5849609375 0.033203125 0.033203125
0 0.9453125 0.5849609375 0.033203125 0.033203125
0 0.9658203125 0.5849609375 0.033203125 0.033203125
0 0.927734375 0.5859375 0.033203125 0.033203125
0 0.591796875 0.607421875 0.033203125 0.033203125
0 0.8544921875 0.63671875 0.033203125 0.033203125
0 0.9453125 0.63671875 0.033203125 0.033203125
0 0.873046875 0.638671875 0.033203125 0.033203125
0 0.9111328125 0.638671875 0.033203125 0.033203125
0 0.8349609375 0.6396484375 0.033203125 0.033203125
0 0.048828125 0.642578125 0.033203125 0.033203125
0 0.8916015625 0.642578125 0.033203125 0.033203125
0 0.982421875 0.642578125 0.033203125 0.033203125
0 0.0654296875 0.6435546875 0.033203125 0.033203125
0 0.0830078125 0.6474609375 0.033203125 0.033203125
0 0.1669921875 0.6494140625 0.033203125 0.033203125
0 0.7216796875 0.6640625 0.033203125 0.033203125
0 0.72265625 0.68359375 0.033203125 0.033203125
0 0.728515625 0.69921875 0.033203125 0.033203125
0 0.7255859375 0.71875 0.033203125 0.033203125
0 0.833984375 0.724609375 0.033203125 0.033203125
0 0.8544921875 0.724609375 0.033203125 0.033203125
0 0.6240234375 0.7314453125 0.033203125 0.033203125
0 0.892578125 0.7314453125 0.033203125 0.033203125
0 0.9619140625 0.732421875 0.033203125 0.033203125
0 0.591796875 0.7421875 0.033203125 0.033203125
0 0.4619140625 0.7529296875 0.033203125 0.033203125
0 0.8330078125 0.77734375 0.033203125 0.033203125
0 0.8544921875 0.779296875 0.033203125 0.033203125
0 0.8720703125 0.779296875 0.033203125 0.033203125
0 0.91015625 0.783203125 0.033203125 0.033203125
0 0.13671875 0.8095703125 0.033203125 0.033203125
0 0.7421875 0.810546875 0.033203125 0.033203125
0 0.134765625 0.841796875 0.033203125 0.033203125
0 0.1376953125 0.861328125 0.033203125 0.033203125
0 0.833984375 0.8681640625 0.033203125 0.033203125
0 0.5888671875 0.87109375 0.033203125 0.033203125
0 0.9443359375 0.87109375 0.033203125 0.033203125
0 0.13671875 0.87890625 0.033203125 0.033203125
0 0.140625 0.9150390625 0.033203125 0.033203125
0 0.482421875 0.9306640625 0.033203125 0.033203125
0 0.1396484375 0.935546875 0.033203125 0.033203125
0 0.6181640625 0.939453125 0.033203125 0.033203125
0 0.58984375 0.9443359375 0.033203125 0.033203125
0 0.1376953125 0.9521484375 0.033203125 0.033203125
0 0.134765625 0.98681640625 0.033203125 0.0263671875
0 0.619140625 0.98974609375 0.033203125 0.0205078125