0 0.884765625 0.0107421875 0.033203125 0.021484375
0 0.8857421875 0.04296875 0.033203125 0.033203125
0 0.8857421875 0.060546875 0.033203125 0.033203125
0 0.884765625 0.080078125 0.033203125 0.033203125
0 0.884765625 0.095703125 0.033203125 0.033203125
0 0.890625 0.11328125 0.033203125 0.033203125
0 0.8544921875 0.17578125 0.033203125 0.033203125
0 0.888671875 0.1796875 0.033203125 0.033203125
0 0.576171875 0.2021484375 0.033203125 0.033203125
0 0.576171875 0.2236328125 0.033203125 0.033203125
0 0.0927734375 0.2880859375 0.033203125 0.033203125
0 0.01953125 0.2890625 0.033203125 0.033203125
0 0.2314453125 0.291015625 0.033203125 0.033203125
0 0.1865234375 0.29296875 0.033203125 0.033203125
0 0.14453125 0.3134765625 0.033203125 0.033203125
0 0.2265625 0.31640625 0.033203125 0.033203125
0 0.1630859375 0.337890625 0.033203125 0.033203125
0 0.2177734375 0.3388671875 0.033203125 0.033203125
0 0.1044921875 0.353515625 0.033203125 0.033203125
0 0.0654296875 0.40234375 0.033203125 0.033203125
0 0.064453125 0.416015625 0.033203125 0.033203125
0 0.849609375 0.4267578125 0.033203125 0.033203125
0 0.60546875 0.431640625 0.033203125 0.033203125
0 0.640625 0.4326171875 0.033203125 0.033203125
0 0.8310546875 0.4326171875 0.033203125 0.033203125
0 0.0693359375 0.43359375 0.033203125 0.033203125
0 0.685546875 0.43359375 0.033203125 0.033203125
0 0.72265625 0.43359375 0.033203125 0.033203125
0 0.7412109375 0.4345703125 0.033203125 0.033203125
0 0.7763671875 0.435546875 0.033203125 0.033203125
0 0.7939453125 0.435546875 0.033203125 0.033203125
0 0.7763671875 0.4365234375 0.033203125 0.033203125
0 0.8125 0.4375 0.033203125 0.033203125
0 0.056640625 0.4638671875 0.033203125 0.033203125
0 0.0771484375 0.4638671875 0.033203125 0.033203125
0 0.0927734375 0.4716796875 0.033203125 0.033203125
0 0.626953125 0.4755859375 0.033203125 0.033203125
0 0.94921875 0.5009765625 0.033203125 0.033203125
0 0.0791015625 0.501953125 0.033203125 0.033203125
0 0.2470703125 0.513671875 0.033203125 0.033203125
0 0.87109375 0.548828125 0.033203125 0.033203125
0 0.2470703125 0.5517578125 0.033203125 0.033203125
0 0.951171875 0.552734375 0.033203125 0.033203125
0 0.87109375 0.568359375 0.033203125 0.033203125
0 0.22265625 0.578125 0.033203125 0.033203125
0 0.8681640625 0.5849609375 0.033203125 0.033203125
0 0.8701171875 0.60546875 0.033203125 0.033203125
0 0.87109375 0.60546875 0.033203125 0.033203125
0 0.3720703125 0.6064453125 0.033203125 0.033203125
0 0.57421875 0.6376953125 0.033203125 0.033203125
0 0.8701171875 0.642578125 0.033203125 0.033203125
0 0.5712890625 0.68359375 0.033203125 0.033203125
0 0.951171875 0.693359375 0.033203125 0.033203125
0 0.2099609375 0.701171875 0.033203125 0.033203125
0 0.5771484375 0.703125 0.033203125 0.033203125
0 0.0546875 0.705078125 0.033203125 0.033203125
0 0.8681640625 0.71484375 0.033203125 0.033203125
0 0.5751953125 0.72265625 0.033203125 0.033203125
0 0.5732421875 0.7392578125 0.033203125 0.033203125
0 0.9462890625 0.7490234375 0.033203125 0.033203125
0 0.5703125 0.7568359375 0.033203125 0.033203125
0 0.9462890625 0.7685546875 0.033203125 0.033203125
0 0.5751953125 0.7919921875 0.033203125 0.033203125
0 0.5732421875 0.80859375 0.033203125 0.033203125
0 0.8740234375 0.810546875 0.033203125 0.033203125
0 0.568359375 0.8251953125 0.033203125 0.033203125
0 0.375 0.826171875 0.033203125 0.033203125
0 0.5771484375 0.8642578125 0.033203125 0.033203125
0 0.8671875 0.939453125 0.033203125 0.033203125
0 0.375 0.9521484375 0.033203125 0.033203125
0 0.6552734375 0.97265625 0.033203125 0.033203125
0 0.3056640625 0.98388671875 0.033203125 0.0322265625
0 0.5751953125 0.98681640625 0.033203125 0.0263671875
0 0.943359375 0.990234375 0.033203125 0.01953125