0 0.736328125 0.09765625 0.033203125 0.033203125
0 0.64453125 0.1103515625 0.033203125 0.033203125
0 0.7607421875 0.1318359375 0.033203125 0.033203125
0 0.0185546875 0.1884765625 0.033203125 0.033203125
0 0.3310546875 0.1923828125 0.033203125 0.033203125
0 0.9658203125 0.2001953125 0.033203125 0.033203125
0 0.93359375 0.203125 0.033203125 0.033203125
0 0.8916015625 0.220703125 0.033203125 0.033203125
0 0.611328125 0.2333984375 0.033203125 0.033203125
0 0.1064453125 0.255859375 0.033203125 0.033203125
0 0.166015625 0.2568359375 0.033203125 0.033203125
0 0.908203125 0.2646484375 0.033203125 0.033203125
0 0.9775390625 0.2666015625 0.033203125 0.033203125
0 0.7421875 0.3466796875 0.033203125 0.033203125
0 0.7666015625 0.3505859375 0.033203125 0.033203125
0 0.796875 0.3505859375 0.033203125 0.033203125
0 0.8203125 0.3505859375 0.033203125 0.033203125
0 0.4267578125 0.365234375 0.033203125 0.033203125
0 0.21484375 0.3681640625 0.033203125 0.033203125
0 0.2509765625 0.3681640625 0.033203125 0.033203125
0 0.376953125 0.3681640625 0.033203125 0.033203125
0 0.1982421875 0.3701171875 0.033203125 0.033203125
0 0.287109375 0.3701171875 0.033203125 0.033203125
0 0.322265625 0.3701171875 0.033203125 0.033203125
0 0.3388671875 0.3701171875 0.033203125 0.033203125
0 0.357421875 0.3701171875 0.033203125 0.033203125
0 0.2353515625 0.3720703125 0.033203125 0.033203125
0 0.3037109375 0.3720703125 0.033203125 0.033203125
0 0.3974609375 0.3720703125 0.033203125 0.033203125
0 0.578125 0.380859375 0.033203125 0.033203125
0 0.5791015625 0.4296875 0.033203125 0.033203125
0 0.8115234375 0.4423828125 0.033203125 0.033203125
0 0.7744140625 0.447265625 0.033203125 0.033203125
0 0.2138671875 0.4560546875 0.033203125 0.033203125
0 0.2509765625 0.4560546875 0.033203125 0.033203125
0 0.4287109375 0.4560546875 0.033203125 0.033203125
0 0.447265625 0.4560546875 0.033203125 0.033203125
0 0.462890625 0.4560546875 0.033203125 0.033203125
0 0.23046875 0.4580078125 0.033203125 0.033203125
0 0.3017578125 0.4580078125 0.033203125 0.033203125
0 0.28515625 0.4609375 0.033203125 0.033203125
0 0.2666015625 0.4619140625 0.033203125 0.033203125
0 0.4091796875 0.4619140625 0.033203125 0.033203125
0 0.357421875 0.462890625 0.033203125 0.033203125
0 0.3212890625 0.4638671875 0.033203125 0.033203125
0 0.337890625 0.4638671875 0.033203125 0.033203125
0 0.5791015625 0.46484375 0.033203125 0.033203125
0 0.3896484375 0.4658203125 0.033203125 0.033203125
0 0.375 0.46875 0.033203125 0.033203125
0 0.9794921875 0.486328125 0.033203125 0.033203125
0 0.2490234375 0.490234375 0.033203125 0.033203125
0 0.2138671875 0.494140625 0.033203125 0.033203125
0 0.4443359375 0.494140625 0.033203125 0.033203125
0 0.23046875 0.4951171875 0.033203125 0.033203125
0 0.337890625 0.4951171875 0.033203125 0.033203125
0 0.3564453125 0.4951171875 0.033203125 0.033203125
0 0.263671875 0.49609375 0.033203125 0.033203125
0 0.283203125 0.49609375 0.033203125 0.033203125
0 0.30078125 0.49609375 0.033203125 0.033203125
0 0.408203125 0.49609375 0.033203125 0.033203125
0 0.42578125 0.49609375 0.033203125 0.033203125
0 0.3740234375 0.4970703125 0.033203125 0.033203125
0 0.322265625 0.498046875 0.033203125 0.033203125
0 0.4619140625 0.498046875 0.033203125 0.033203125
0 0.390625 0.4990234375 0.033203125 0.033203125
0 0.962890625 0.5 0.033203125 0.033203125
0 0.5771484375 0.5078125 0.033203125 0.033203125
0 0.1103515625 0.5244140625 0.033203125 0.033203125
0 0.576171875 0.5517578125 0.033203125 0.033203125
0 0.2314453125 0.587890625 0.033203125 0.033203125
0 0.2998046875 0.587890625 0.033203125 0.033203125
0 0.1123046875 0.5888671875 0.033203125 0.033203125
0 0.177734375 0.5888671875 0.033203125 0.033203125
0 0.1943359375 0.5888671875 0.033203125 0.033203125
0 0.212890625 0.5888671875 0.033203125 0.033203125
0 0.2646484375 0.5888671875 0.033203125 0.033203125
0 0.3212890625 0.5888671875 0.033203125 0.033203125
0 0.3369140625 0.5888671875 0.033203125 0.033203125
0 0.4453125 0.5888671875 0.033203125 0.033203125
0 0.4638671875 0.5888671875 0.033203125 0.033203125
0 0.2470703125 0.58984375 0.033203125 0.033203125
0 0.2841796875 0.58984375 0.033203125 0.033203125
0 0.498046875 0.58984375 0.033203125 0.033203125
0 0.5 0.58984375 0.033203125 0.033203125
0 0.42578125 0.5908203125 0.033203125 0.033203125
0 0.4833984375 0.5908203125 0.033203125 0.033203125
0 0.392578125 0.591796875 0.033203125 0.033203125
0 0.3544921875 0.5927734375 0.033203125 0.033203125
0 0.408203125 0.5927734375 0.033203125 0.033203125
0 0.2177734375 0.630859375 0.033203125 0.033203125
0 0.3017578125 0.654296875 0.033203125 0.033203125
0 0.6728515625 0.66015625 0.033203125 0.033203125
0 0.8623046875 0.6708984375 0.033203125 0.033203125
0 0.79296875 0.6728515625 0.033203125 0.033203125
0 0.84375 0.6728515625 0.033203125 0.033203125
0 0.775390625 0.673828125 0.033203125 0.033203125
0 0.8115234375 0.6748046875 0.033203125 0.033203125
0 0.7578125 0.67578125 0.033203125 0.033203125
0 0.474609375 0.6826171875 0.033203125 0.033203125
0 0.2998046875 0.68359375 0.033203125 0.033203125
0 0.4150390625 0.68359375 0.033203125 0.033203125
0 0.3916015625 0.6845703125 0.033203125 0.033203125
0 0.453125 0.685546875 0.033203125 0.033203125
0 0.166015625 0.69140625 0.033203125 0.033203125
0 0.26171875 0.703125 0.033203125 0.033203125
0 0.2998046875 0.7060546875 0.033203125 0.033203125
0 0.16796875 0.70703125 0.033203125 0.033203125
0 0.16796875 0.724609375 0.033203125 0.033203125
0 0.01318359375 0.7373046875 0.0263671875 0.033203125
0 0.1708984375 0.751953125 0.033203125 0.033203125
0 0.013671875 0.7529296875 0.02734375 0.033203125
0 0.810546875 0.755859375 0.033203125 0.033203125
0 0.755859375 0.7578125 0.033203125 0.033203125
0 0.79296875 0.7578125 0.033203125 0.033203125
0 0.84765625 0.7578125 0.033203125 0.033203125
0 0.775390625 0.7607421875 0.033203125 0.033203125
0 0.1669921875 0.76953125 0.033203125 0.033203125
0 0.009765625 0.7900390625 0.01953125 0.033203125
0 0.62109375 0.8125 0.033203125 0.033203125
0 0.6015625 0.8173828125 0.033203125 0.033203125
0 0.6015625 0.857421875 0.033203125 0.033203125
0 0.01025390625 0.8857421875 0.0205078125 0.033203125
0 0.6474609375 0.8857421875 0.033203125 0.033203125
0 0.5771484375 0.8955078125 0.033203125 0.033203125
0 0.6015625 0.9072265625 0.033203125 0.033203125
0 0.62109375 0.921875 0.033203125 0.033203125
0 0.5810546875 0.94140625 0.033203125 0.033203125
0 0.6005859375 0.951171875 0.033203125 0.033203125
0 0.62109375 0.9580078125 0.033203125 0.033203125