0 0.0771484375 0.0419921875 0.033203125 0.033203125
0 0.3623046875 0.0634765625 0.033203125 0.033203125
0 0.48046875 0.099609375 0.033203125 0.033203125
0 0.3984375 0.1201171875 0.033203125 0.033203125
0 0.4765625 0.1337890625 0.033203125 0.033203125
0 0.3447265625 0.1708984375 0.033203125 0.033203125
0 0.4814453125 0.1796875 0.033203125 0.033203125
0 0.4814453125 0.19921875 0.033203125 0.033203125
0 0.4833984375 0.216796875 0.033203125 0.033203125
0 0.8271484375 0.21875 0.033203125 0.033203125
0 0.482421875 0.234375 0.033203125 0.033203125
0 0.482421875 0.2548828125 0.033203125 0.033203125
0 0.8251953125 0.2548828125 0.033203125 0.033203125
0 0.4775390625 0.26953125 0.033203125 0.033203125
0 0.8251953125 0.2734375 0.033203125 0.033203125
0 0.4765625 0.2861328125 0.033203125 0.033203125
0 0.828125 0.30859375 0.033203125 0.033203125
0 0.4794921875 0.3212890625 0.033203125 0.033203125
0 0.3271484375 0.3271484375 0.033203125 0.033203125
0 0.82421875 0.3271484375 0.033203125 0.033203125
0 0.9765625 0.33203125 0.033203125 0.033203125
0 0.1796875 0.333984375 0.033203125 0.033203125
0 0.4794921875 0.357421875 0.033203125 0.033203125
0 0.9404296875 0.3740234375 0.033203125 0.033203125
0 0.4775390625 0.3759765625 0.033203125 0.033203125
0 0.927734375 0.38671875 0.033203125 0.033203125
0 0.4794921875 0.3935546875 0.033203125 0.033203125
0 0.4814453125 0.41015625 0.033203125 0.033203125
0 0.91796875 0.41015625 0.033203125 0.033203125
0 0.390625 0.4150390625 0.033203125 0.033203125
0 0.4775390625 0.4296875 0.033203125 0.033203125
0 0.4814453125 0.4482421875 0.033203125 0.033203125
0 0.7001953125 0.4794921875 0.033203125 0.033203125
0 0.7373046875 0.4833984375 0.033203125 0.033203125
0 0.5625 0.484375 0.033203125 0.033203125
0 0.5634765625 0.484375 0.033203125 0.033203125
0 0.8681640625 0.5654296875 0.033203125 0.033203125
0 0.5693359375 0.5712890625 0.033203125 0.033203125
0 0.6689453125 0.5732421875 0.033203125 0.033203125
0 0.5517578125 0.57421875 0.033203125 0.033203125
0 0.5908203125 0.576171875 0.033203125 0.033203125
0 0.623046875 0.576171875 0.033203125 0.033203125
0 0.64453125 0.60546875 0.033203125 0.033203125