0 0.1015625 0.0107421875 0.033203125 0.021484375
0 0.01025390625 0.01318359375 0.0205078125 0.0263671875
0 0.013671875 0.0458984375 0.02734375 0.033203125
0 0.9833984375 0.0517578125 0.033203125 0.033203125
0 0.9560546875 0.056640625 0.033203125 0.033203125
0 0.1025390625 0.060546875 0.033203125 0.033203125
0 0.01220703125 0.0654296875 0.0244140625 0.033203125
0 0.0146484375 0.119140625 0.029296875 0.033203125
0 0.1064453125 0.1298828125 0.033203125 0.033203125
0 0.01416015625 0.134765625 0.0283203125 0.033203125
0 0.01025390625 0.205078125 0.0205078125 0.033203125
0 0.1513671875 0.2392578125 0.033203125 0.033203125
0 0.068359375 0.291015625 0.033203125 0.033203125
0 0.4169921875 0.294921875 0.033203125 0.033203125
0 0.396484375 0.2958984375 0.033203125 0.033203125
0 0.080078125 0.3046875 0.033203125 0.033203125
0 0.228515625 0.3173828125 0.033203125 0.033203125
0 0.107421875 0.3310546875 0.033203125 0.033203125
0 0.2607421875 0.3486328125 0.033203125 0.033203125
0 0.1298828125 0.35546875 0.033203125 0.033203125
0 0.1455078125 0.369140625 0.033203125 0.033203125
0 0.8701171875 0.4296875 0.033203125 0.033203125
0 0.9697265625 0.4384765625 0.033203125 0.033203125
0 0.8798828125 0.478515625 0.033203125 0.033203125
0 0.8740234375 0.5205078125 0.033203125 0.033203125
0 0.3779296875 0.69140625 0.033203125 0.033203125
0 0.39453125 0.6923828125 0.033203125 0.033203125
0 0.451171875 0.693359375 0.033203125 0.033203125
0 0.412109375 0.6943359375 0.033203125 0.033203125
0 0.4130859375 0.6943359375 0.033203125 0.033203125
0 0.4306640625 0.6962890625 0.033203125 0.033203125
0 0.3076171875 0.7021484375 0.033203125 0.033203125
0 0.2548828125 0.705078125 0.033203125 0.033203125
0 0.7138671875 0.859375 0.033203125 0.033203125
0 0.7138671875 0.87890625 0.033203125 0.033203125
0 0.7138671875 0.8974609375 0.033203125 0.033203125
0 0.71875 0.93359375 0.033203125 0.033203125
0 0.7177734375 0.953125 0.033203125 0.033203125
0 0.71484375 0.9677734375 0.033203125 0.033203125
0 0.7177734375 0.98388671875 0.033203125 0.0322265625