0 0.0185546875 0.0439453125 0.033203125 0.033203125
0 0.6591796875 0.044921875 0.033203125 0.033203125
0 0.6962890625 0.046875 0.033203125 0.033203125
0 0.7197265625 0.0498046875 0.033203125 0.033203125
0 0.763671875 0.052734375 0.033203125 0.033203125
0 0.5947265625 0.0634765625 0.033203125 0.033203125
0 0.271484375 0.14453125 0.033203125 0.033203125
0 0.234375 0.162109375 0.033203125 0.033203125
0 0.4326171875 0.1669921875 0.033203125 0.033203125
0 0.890625 0.173828125 0.033203125 0.033203125
0 0.4072265625 0.248046875 0.033203125 0.033203125
0 0.484375 0.25390625 0.033203125 0.033203125
0 0.0908203125 0.265625 0.033203125 0.033203125
0 0.6884765625 0.2763671875 0.033203125 0.033203125
0 0.669921875 0.27734375 0.033203125 0.033203125
0 0.72265625 0.27734375 0.033203125 0.033203125
0 0.73828125 0.27734375 0.033203125 0.033203125
0 0.7724609375 0.27734375 0.033203125 0.033203125
0 0.7578125 0.2783203125 0.033203125 0.033203125
0 0.705078125 0.279296875 0.033203125 0.033203125
0 0.8408203125 0.2802734375 0.033203125 0.033203125
0 0.8203125 0.28125 0.033203125 0.033203125
0 0.7890625 0.2822265625 0.033203125 0.033203125
0 0.458984375 0.2841796875 0.033203125 0.033203125
0 0.5078125 0.287109375 0.033203125 0.033203125
0 0.013671875 0.2919921875 0.02734375 0.033203125
0 0.3359375 0.3056640625 0.033203125 0.033203125
0 0.083984375 0.3134765625 0.033203125 0.033203125
0 0.4833984375 0.322265625 0.033203125 0.033203125
0 0.5869140625 0.3271484375 0.033203125 0.033203125
0 0.013671875 0.328125 0.02734375 0.033203125
0 0.90234375 0.3330078125 0.033203125 0.033203125
0 0.7060546875 0.3388671875 0.033203125 0.033203125
0 0.666015625 0.3408203125 0.033203125 0.033203125
0 0.3349609375 0.341796875 0.033203125 0.033203125
0 0.8232421875 0.341796875 0.033203125 0.033203125
0 0.7861328125 0.3427734375 0.033203125 0.033203125
0 0.90234375 0.3486328125 0.033203125 0.033203125
0 0.58203125 0.3583984375 0.033203125 0.033203125
0 0.8251953125 0.3583984375 0.033203125 0.033203125
0 0.666015625 0.359375 0.033203125 0.033203125
0 0.0185546875 0.3603515625 0.033203125 0.033203125
0 0.7021484375 0.3603515625 0.033203125 0.033203125
0 0.787109375 0.3603515625 0.033203125 0.033203125
0 0.9033203125 0.365234375 0.033203125 0.033203125
0 0.662109375 0.375 0.033203125 0.033203125
0 0.701171875 0.375 0.033203125 0.033203125
0 0.787109375 0.375 0.033203125 0.033203125
0 0.822265625 0.3759765625 0.033203125 0.033203125
0 0.5859375 0.376953125 0.033203125 0.033203125
0 0.90234375 0.3798828125 0.033203125 0.033203125
0 0.333984375 0.3818359375 0.033203125 0.033203125
0 0.6669921875 0.388671875 0.033203125 0.033203125
0 0.7001953125 0.390625 0.033203125 0.033203125
0 0.8193359375 0.3916015625 0.033203125 0.033203125
0 0.9052734375 0.3974609375 0.033203125 0.033203125
0 0.4365234375 0.4033203125 0.033203125 0.033203125
0 0.6982421875 0.40625 0.033203125 0.033203125
0 0.818359375 0.408203125 0.033203125 0.033203125
0 0.7861328125 0.4111328125 0.033203125 0.033203125
0 0.5869140625 0.412109375 0.033203125 0.033203125
0 0.9013671875 0.416015625 0.033203125 0.033203125
0 0.787109375 0.4228515625 0.033203125 0.033203125
0 0.3359375 0.42578125 0.033203125 0.033203125
0 0.8193359375 0.4267578125 0.033203125 0.033203125
0 0.8203125 0.4267578125 0.033203125 0.033203125
0 0.8173828125 0.4404296875 0.033203125 0.033203125
0 0.7841796875 0.4423828125 0.033203125 0.033203125
0 0.90234375 0.4453125 0.033203125 0.033203125
0 0.087890625 0.453125 0.033203125 0.033203125
0 0.505859375 0.453125 0.033203125 0.033203125
0 0.6611328125 0.4560546875 0.033203125 0.033203125
0 0.7001953125 0.45703125 0.033203125 0.033203125
0 0.8232421875 0.4580078125 0.033203125 0.033203125
0 0.15625 0.458984375 0.033203125 0.033203125
0 0.7841796875 0.458984375 0.033203125 0.033203125
0 0.09765625 0.47265625 0.033203125 0.033203125
0 0.6982421875 0.47265625 0.033203125 0.033203125
0 0.6572265625 0.4736328125 0.033203125 0.033203125
0 0.8232421875 0.474609375 0.033203125 0.033203125
0 0.9052734375 0.4765625 0.033203125 0.033203125
0 0.6962890625 0.4873046875 0.033203125 0.033203125
0 0.8203125 0.4892578125 0.033203125 0.033203125
0 0.7861328125 0.490234375 0.033203125 0.033203125
0 0.78515625 0.505859375 0.033203125 0.033203125
0 0.8251953125 0.5068359375 0.033203125 0.033203125
0 0.9052734375 0.5126953125 0.033203125 0.033203125
0 0.6982421875 0.5224609375 0.033203125 0.033203125
0 0.787109375 0.5234375 0.033203125 0.033203125
0 0.822265625 0.5244140625 0.033203125 0.033203125
0 0.6962890625 0.537109375 0.033203125 0.033203125
0 0.66015625 0.5390625 0.033203125 0.033203125
0 0.822265625 0.541015625 0.033203125 0.033203125
0 0.78515625 0.5419921875 0.033203125 0.033203125
0 0.2744140625 0.5439453125 0.033203125 0.033203125
0 0.3349609375 0.5498046875 0.033203125 0.033203125
0 0.6982421875 0.5556640625 0.033203125 0.033203125
0 0.78515625 0.5556640625 0.033203125 0.033203125
0 0.8173828125 0.5556640625 0.033203125 0.033203125
0 0.0625 0.564453125 0.033203125 0.033203125
0 0.666015625 0.5703125 0.033203125 0.033203125
0 0.044921875 0.5712890625 0.033203125 0.033203125
0 0.6962890625 0.5712890625 0.033203125 0.033203125
0 0.6650390625 0.587890625 0.033203125 0.033203125
0 0.7001953125 0.587890625 0.033203125 0.033203125
0 0.8193359375 0.5888671875 0.033203125 0.033203125
0 0.7802734375 0.58984375 0.033203125 0.033203125
0 0.1845703125 0.6005859375 0.033203125 0.033203125
0 0.12109375 0.603515625 0.033203125 0.033203125
0 0.15234375 0.603515625 0.033203125 0.033203125
0 0.201171875 0.603515625 0.033203125 0.033203125
0 0.25390625 0.603515625 0.033203125 0.033203125
0 0.1708984375 0.60546875 0.033203125 0.033203125
0 0.2353515625 0.60546875 0.033203125 0.033203125
0 0.1376953125 0.6064453125 0.033203125 0.033203125
0 0.0380859375 0.607421875 0.033203125 0.033203125
0 0.07421875 0.607421875 0.033203125 0.033203125
0 0.0908203125 0.607421875 0.033203125 0.033203125
0 0.21875 0.607421875 0.033203125 0.033203125
0 0.5712890625 0.6171875 0.033203125 0.033203125
0 0.6982421875 0.619140625 0.033203125 0.033203125
0 0.822265625 0.62109375 0.033203125 0.033203125
0 0.78125 0.623046875 0.033203125 0.033203125
0 0.7802734375 0.6337890625 0.033203125 0.033203125
0 0.7783203125 0.6376953125 0.033203125 0.033203125
0 0.6650390625 0.6533203125 0.033203125 0.033203125
0 0.06640625 0.6826171875 0.033203125 0.033203125
0 0.052734375 0.68359375 0.033203125 0.033203125
0 0.16796875 0.6845703125 0.033203125 0.033203125
0 0.2685546875 0.6845703125 0.033203125 0.033203125
0 0.1025390625 0.685546875 0.033203125 0.033203125
0 0.6630859375 0.685546875 0.033203125 0.033203125
0 0.1181640625 0.6865234375 0.033203125 0.033203125
0 0.037109375 0.6875 0.033203125 0.033203125
0 0.1337890625 0.6875 0.033203125 0.033203125
0 0.1513671875 0.6875 0.033203125 0.033203125
0 0.1923828125 0.6875 0.033203125 0.033203125
0 0.271484375 0.703125 0.033203125 0.033203125
0 0.828125 0.7060546875 0.033203125 0.033203125
0 0.150390625 0.720703125 0.033203125 0.033203125
0 0.169921875 0.72265625 0.033203125 0.033203125
0 0.6923828125 0.73828125 0.033203125 0.033203125
0 0.2734375 0.7392578125 0.033203125 0.033203125
0 0.2734375 0.7529296875 0.033203125 0.033203125
0 0.5 0.759765625 0.033203125 0.033203125
0 0.158203125 0.8037109375 0.033203125 0.033203125
0 0.158203125 0.8046875 0.033203125 0.033203125
0 0.19140625 0.806640625 0.033203125 0.033203125
0 0.125 0.8359375 0.033203125 0.033203125
0 0.4990234375 0.849609375 0.033203125 0.033203125
0 0.263671875 0.8681640625 0.033203125 0.033203125
0 0.576171875 0.875 0.033203125 0.033203125
0 0.451171875 0.9169921875 0.033203125 0.033203125
0 0.02734375 0.923828125 0.033203125 0.033203125
0 0.064453125 0.92578125 0.033203125 0.033203125
0 0.2587890625 0.9296875 0.033203125 0.033203125
0 0.14453125 0.931640625 0.033203125 0.033203125
0 0.1796875 0.931640625 0.033203125 0.033203125
0 0.2158203125 0.931640625 0.033203125 0.033203125
0 0.8779296875 0.931640625 0.033203125 0.033203125
0 0.4755859375 0.9541015625 0.033203125 0.033203125
0 0.7763671875 0.962890625 0.033203125 0.033203125
0 0.5029296875 0.96875 0.033203125 0.033203125
0 0.78515625 0.98046875 0.033203125 0.033203125