0 0.00927734375 0.0361328125 0.0185546875 0.033203125
0 0.4462890625 0.05078125 0.033203125 0.033203125
0 0.0107421875 0.0693359375 0.021484375 0.033203125
0 0.5908203125 0.08203125 0.033203125 0.033203125
0 0.01025390625 0.0859375 0.0205078125 0.033203125
0 0.01025390625 0.1220703125 0.0205078125 0.033203125
0 0.5927734375 0.1220703125 0.033203125 0.033203125
0 0.4677734375 0.1630859375 0.033203125 0.033203125
0 0.0810546875 0.189453125 0.033203125 0.033203125
0 0.1640625 0.19140625 0.033203125 0.033203125
0 0.1982421875 0.1943359375 0.033203125 0.033203125
0 0.2978515625 0.1943359375 0.033203125 0.033203125
0 0.123046875 0.1962890625 0.033203125 0.033203125
0 0.330078125 0.1962890625 0.033203125 0.033203125
0 0.251953125 0.197265625 0.033203125 0.033203125
0 0.0361328125 0.2060546875 0.033203125 0.033203125
0 0.00927734375 0.271484375 0.0185546875 0.033203125
0 0.0390625 0.271484375 0.033203125 0.033203125
0 0.1435546875 0.2724609375 0.033203125 0.033203125
0 0.021484375 0.2734375 0.033203125 0.033203125
0 0.0546875 0.2734375 0.033203125 0.033203125
0 0.1640625 0.2734375 0.033203125 0.033203125
0 0.0927734375 0.2744140625 0.033203125 0.033203125
0 0.1103515625 0.2744140625 0.033203125 0.033203125
0 0.1796875 0.2744140625 0.033203125 0.033203125
0 0.2158203125 0.2744140625 0.033203125 0.033203125
0 0.07421875 0.275390625 0.033203125 0.033203125
0 0.1279296875 0.275390625 0.033203125 0.033203125
0 0.1982421875 0.275390625 0.033203125 0.033203125
0 0.234375 0.2763671875 0.033203125 0.033203125
0 0.251953125 0.27734375 0.033203125 0.033203125
0 0.2744140625 0.2822265625 0.033203125 0.033203125
0 0.2646484375 0.306640625 0.033203125 0.033203125
0 0.3505859375 0.30859375 0.033203125 0.033203125
0 0.3486328125 0.3232421875 0.033203125 0.033203125
0 0.2646484375 0.3251953125 0.033203125 0.033203125
0 0.4658203125 0.3330078125 0.033203125 0.033203125
0 0.263671875 0.3427734375 0.033203125 0.033203125
0 0.349609375 0.345703125 0.033203125 0.033203125
0 0.265625 0.3603515625 0.033203125 0.033203125
0 0.3505859375 0.3603515625 0.033203125 0.033203125
0 0.265625 0.361328125 0.033203125 0.033203125
0 0.34765625 0.376953125 0.033203125 0.033203125
0 0.265625 0.37890625 0.033203125 0.033203125
0 0.265625 0.3955078125 0.033203125 0.033203125
0 0.3447265625 0.3955078125 0.033203125 0.033203125
0 0.263671875 0.4130859375 0.033203125 0.033203125
0 0.349609375 0.41796875 0.033203125 0.033203125
0 0.2607421875 0.431640625 0.033203125 0.033203125
0 0.3466796875 0.4345703125 0.033203125 0.033203125
0 0.2568359375 0.4501953125 0.033203125 0.033203125
0 0.349609375 0.451171875 0.033203125 0.033203125
0 0.4814453125 0.4580078125 0.033203125 0.033203125
0 0.2587890625 0.466796875 0.033203125 0.033203125
0 0.3505859375 0.4697265625 0.033203125 0.033203125
0 0.2587890625 0.486328125 0.033203125 0.033203125
0 0.3486328125 0.486328125 0.033203125 0.033203125
0 0.3486328125 0.5029296875 0.033203125 0.033203125
0 0.2578125 0.50390625 0.033203125 0.033203125
0 0.349609375 0.5205078125 0.033203125 0.033203125
0 0.2607421875 0.5224609375 0.033203125 0.033203125
0 0.3515625 0.5380859375 0.033203125 0.033203125
0 0.2607421875 0.5390625 0.033203125 0.033203125
0 0.48046875 0.548828125 0.033203125 0.033203125
0 0.259765625 0.5556640625 0.033203125 0.033203125
0 0.3505859375 0.556640625 0.033203125 0.033203125
0 0.2568359375 0.57421875 0.033203125 0.033203125
0 0.3505859375 0.576171875 0.033203125 0.033203125
0 0.3505859375 0.58984375 0.033203125 0.033203125
0 0.2568359375 0.591796875 0.033203125 0.033203125
0 0.2568359375 0.611328125 0.033203125 0.033203125
0 0.2587890625 0.6279296875 0.033203125 0.033203125
0 0.2568359375 0.646484375 0.033203125 0.033203125
0 0.345703125 0.6474609375 0.033203125 0.033203125
0 0.34765625 0.6640625 0.033203125 0.033203125
0 0.255859375 0.666015625 0.033203125 0.033203125
0 0.3447265625 0.6806640625 0.033203125 0.033203125
0 0.255859375 0.68359375 0.033203125 0.033203125
0 0.25390625 0.7001953125 0.033203125 0.033203125
0 0.345703125 0.7001953125 0.033203125 0.033203125
0 0.302734375 0.71484375 0.033203125 0.033203125
0 0.255859375 0.71875 0.033203125 0.033203125
0 0.345703125 0.71875 0.033203125 0.033203125
0 0.513671875 0.728515625 0.033203125 0.033203125
0 0.662109375 0.775390625 0.033203125 0.033203125
0 0.80078125 0.7763671875 0.033203125 0.033203125
0 0.822265625 0.77734375 0.033203125 0.033203125
0 0.8388671875 0.77734375 0.033203125 0.033203125
0 0.857421875 0.77734375 0.033203125 0.033203125
0 0.9091796875 0.77734375 0.033203125 0.033203125
0 0.7333984375 0.7783203125 0.033203125 0.033203125
0 0.76953125 0.7783203125 0.033203125 0.033203125
0 0.8759765625 0.7783203125 0.033203125 0.033203125
0 0.6962890625 0.779296875 0.033203125 0.033203125
0 0.7490234375 0.779296875 0.033203125 0.033203125
0 0.89453125 0.78125 0.033203125 0.033203125
0 0.92578125 0.8701171875 0.033203125 0.033203125
0 0.9892578125 0.873046875 0.021484375 0.033203125
0 0.9453125 0.875 0.033203125 0.033203125
0 0.9609375 0.8759765625 0.033203125 0.033203125
0 0.8466796875 0.8818359375 0.033203125 0.033203125
0 0.923828125 0.9150390625 0.033203125 0.033203125
0 0.3212890625 0.9287109375 0.033203125 0.033203125
0 0.318359375 0.947265625 0.033203125 0.033203125
0 0.064453125 0.96484375 0.033203125 0.033203125
0 0.5830078125 0.98876953125 0.033203125 0.0224609375
0 0.845703125 0.99072265625 0.033203125 0.0185546875