0 0.2666015625 0.013671875 0.033203125 0.02734375
0 0.3525390625 0.015625 0.033203125 0.03125
0 0.734375 0.01953125 0.033203125 0.033203125
0 0.619140625 0.0263671875 0.033203125 0.033203125
0 0.7158203125 0.0263671875 0.033203125 0.033203125
0 0.77734375 0.0263671875 0.033203125 0.033203125
0 0.6533203125 0.02734375 0.033203125 0.033203125
0 0.796875 0.0283203125 0.033203125 0.033203125
0 0.818359375 0.029296875 0.033203125 0.033203125
0 0.837890625 0.029296875 0.033203125 0.033203125
0 0.2646484375 0.03125 0.033203125 0.033203125
0 0.67578125 0.03125 0.033203125 0.033203125
0 0.693359375 0.0322265625 0.033203125 0.033203125
0 0.3505859375 0.033203125 0.033203125 0.033203125
0 0.107421875 0.0390625 0.033203125 0.033203125
0 0.03515625 0.0400390625 0.033203125 0.033203125
0 0.072265625 0.0400390625 0.033203125 0.033203125
0 0.0537109375 0.041015625 0.033203125 0.033203125
0 0.1787109375 0.041015625 0.033203125 0.033203125
0 0.0859375 0.04296875 0.033203125 0.033203125
0 0.353515625 0.048828125 0.033203125 0.033203125
0 0.2197265625 0.0556640625 0.033203125 0.033203125
0 0.220703125 0.0791015625 0.033203125 0.033203125
0 0.263671875 0.08203125 0.033203125 0.033203125
0 0.220703125 0.1044921875 0.033203125 0.033203125
0 0.134765625 0.111328125 0.033203125 0.033203125
0 0.1357421875 0.111328125 0.033203125 0.033203125
0 0.1005859375 0.1123046875 0.033203125 0.033203125
0 0.2548828125 0.119140625 0.033203125 0.033203125
0 0.345703125 0.1220703125 0.033203125 0.033203125
0 0.2236328125 0.125 0.033203125 0.033203125
0 0.0986328125 0.1279296875 0.033203125 0.033203125
0 0.13671875 0.1298828125 0.033203125 0.033203125
0 0.26171875 0.13671875 0.033203125 0.033203125
0 0.345703125 0.1396484375 0.033203125 0.033203125
0 0.095703125 0.146484375 0.033203125 0.033203125
0 0.134765625 0.146484375 0.033203125 0.033203125
0 0.21875 0.1513671875 0.033203125 0.033203125
0 0.2568359375 0.1533203125 0.033203125 0.033203125
0 0.095703125 0.1640625 0.033203125 0.033203125
0 0.134765625 0.166015625 0.033203125 0.033203125
0 0.2216796875 0.1748046875 0.033203125 0.033203125
0 0.2587890625 0.1748046875 0.033203125 0.033203125
0 0.0966796875 0.1796875 0.033203125 0.033203125
0 0.1298828125 0.18359375 0.033203125 0.033203125
0 0.2177734375 0.1982421875 0.033203125 0.033203125
0 0.662109375 0.19921875 0.033203125 0.033203125
0 0.095703125 0.201171875 0.033203125 0.033203125
0 0.1298828125 0.2021484375 0.033203125 0.033203125
0 0.0927734375 0.21875 0.033203125 0.033203125
0 0.22265625 0.21875 0.033203125 0.033203125
0 0.1318359375 0.220703125 0.033203125 0.033203125
0 0.3056640625 0.232421875 0.033203125 0.033203125
0 0.2509765625 0.2353515625 0.033203125 0.033203125
0 0.271484375 0.2353515625 0.033203125 0.033203125
0 0.0986328125 0.236328125 0.033203125 0.033203125
0 0.13671875 0.23828125 0.033203125 0.033203125
0 0.630859375 0.2421875 0.033203125 0.033203125
0 0.0087890625 0.2490234375 0.017578125 0.033203125
0 0.146484375 0.314453125 0.033203125 0.033203125
0 0.1064453125 0.31640625 0.033203125 0.033203125
0 0.2001953125 0.31640625 0.033203125 0.033203125
0 0.2548828125 0.3173828125 0.033203125 0.033203125
0 0.291015625 0.3173828125 0.033203125 0.033203125
0 0.271484375 0.3193359375 0.033203125 0.033203125
0 0.3916015625 0.322265625 0.033203125 0.033203125
0 0.4072265625 0.322265625 0.033203125 0.033203125
0 0.4296875 0.322265625 0.033203125 0.033203125
0 0.28125 0.6162109375 0.033203125 0.033203125
0 0.251953125 0.6181640625 0.033203125 0.033203125
0 0.3095703125 0.619140625 0.033203125 0.033203125
0 0.4638671875 0.69140625 0.033203125 0.033203125
0 0.0625 0.7001953125 0.033203125 0.033203125
0 0.0810546875 0.7001953125 0.033203125 0.033203125
0 0.103515625 0.701171875 0.033203125 0.033203125
0 0.458984375 0.708984375 0.033203125 0.033203125
0 0.28125 0.712890625 0.033203125 0.033203125
0 0.8662109375 0.7138671875 0.033203125 0.033203125
0 0.0146484375 0.7724609375 0.029296875 0.033203125
0 0.111328125 0.7734375 0.033203125 0.033203125
0 0.3583984375 0.7744140625 0.033203125 0.033203125
0 0.033203125 0.775390625 0.033203125 0.033203125
0 0.1328125 0.77734375 0.033203125 0.033203125
0 0.0947265625 0.7783203125 0.033203125 0.033203125
0 0.154296875 0.7783203125 0.033203125 0.033203125
0 0.2841796875 0.7802734375 0.033203125 0.033203125
0 0.3828125 0.7822265625 0.033203125 0.033203125
0 0.4033203125 0.783203125 0.033203125 0.033203125
0 0.0791015625 0.7841796875 0.033203125 0.033203125
0 0.2666015625 0.7841796875 0.033203125 0.033203125
0 0.306640625 0.7841796875 0.033203125 0.033203125
0 0.423828125 0.7861328125 0.033203125 0.033203125
0 0.0322265625 0.7998046875 0.033203125 0.033203125
0 0.15234375 0.8056640625 0.033203125 0.033203125
0 0.015625 0.806640625 0.03125 0.033203125
0 0.0546875 0.8076171875 0.033203125 0.033203125
0 0.07421875 0.8095703125 0.033203125 0.033203125
0 0.1328125 0.8095703125 0.033203125 0.033203125
0 0.0927734375 0.810546875 0.033203125 0.033203125
0 0.115234375 0.810546875 0.033203125 0.033203125
0 0.322265625 0.814453125 0.033203125 0.033203125
0 0.3974609375 0.8154296875 0.033203125 0.033203125
0 0.8642578125 0.8310546875 0.033203125 0.033203125
0 0.376953125 0.8408203125 0.033203125 0.033203125
0 0.5205078125 0.8505859375 0.033203125 0.033203125
0 0.9873046875 0.8642578125 0.025390625 0.033203125
0 0.115234375 0.8740234375 0.033203125 0.033203125
0 0.34765625 0.8759765625 0.033203125 0.033203125
0 0.2890625 0.876953125 0.033203125 0.033203125
0 0.0380859375 0.8779296875 0.033203125 0.033203125
0 0.07421875 0.8779296875 0.033203125 0.033203125
0 0.09375 0.8779296875 0.033203125 0.033203125
0 0.310546875 0.8779296875 0.033203125 0.033203125
0 0.326171875 0.8779296875 0.033203125 0.033203125
0 0.01611328125 0.87890625 0.0322265625 0.033203125
0 0.447265625 0.87890625 0.033203125 0.033203125
0 0.134765625 0.8798828125 0.033203125 0.033203125
0 0.365234375 0.8798828125 0.033203125 0.033203125
0 0.0556640625 0.880859375 0.033203125 0.033203125
0 0.4052734375 0.880859375 0.033203125 0.033203125
0 0.4248046875 0.880859375 0.033203125 0.033203125
0 0.4853515625 0.880859375 0.033203125 0.033203125
0 0.759765625 0.880859375 0.033203125 0.033203125
0 0.5029296875 0.8818359375 0.033203125 0.033203125
0 0.5234375 0.8818359375 0.033203125 0.033203125
0 0.1533203125 0.8828125 0.033203125 0.033203125
0 0.4658203125 0.8828125 0.033203125 0.033203125
0 0.740234375 0.8828125 0.033203125 0.033203125
0 0.7822265625 0.8828125 0.033203125 0.033203125
0 0.3857421875 0.8837890625 0.033203125 0.033203125
0 0.5615234375 0.8837890625 0.033203125 0.033203125
0 0.578125 0.8837890625 0.033203125 0.033203125
0 0.599609375 0.8837890625 0.033203125 0.033203125
0 0.69921875 0.8837890625 0.033203125 0.033203125
0 0.720703125 0.8837890625 0.033203125 0.033203125
0 0.263671875 0.8857421875 0.033203125 0.033203125
0 0.544921875 0.8876953125 0.033203125 0.033203125
0 0.98681640625 0.9072265625 0.0263671875 0.033203125
0 0.3466796875 0.9091796875 0.033203125 0.033203125
0 0.5693359375 0.9091796875 0.033203125 0.033203125
0 0.6025390625 0.9091796875 0.033203125 0.033203125
0 0.1123046875 0.91015625 0.033203125 0.033203125
0 0.1552734375 0.91015625 0.033203125 0.033203125
0 0.2646484375 0.91015625 0.033203125 0.033203125
0 0.2861328125 0.91015625 0.033203125 0.033203125
0 0.3701171875 0.91015625 0.033203125 0.033203125
0 0.384765625 0.91015625 0.033203125 0.033203125
0 0.4072265625 0.91015625 0.033203125 0.033203125
0 0.4853515625 0.91015625 0.033203125 0.033203125
0 0.6240234375 0.91015625 0.033203125 0.033203125
0 0.1337890625 0.9111328125 0.033203125 0.033203125
0 0.4482421875 0.9111328125 0.033203125 0.033203125
0 0.783203125 0.9111328125 0.033203125 0.033203125
0 0.3076171875 0.912109375 0.033203125 0.033203125
0 0.3291015625 0.912109375 0.033203125 0.033203125
0 0.427734375 0.912109375 0.033203125 0.033203125
0 0.50390625 0.912109375 0.033203125 0.033203125
0 0.8642578125 0.912109375 0.033203125 0.033203125
0 0.54296875 0.9140625 0.033203125 0.033203125
0 0.6416015625 0.9140625 0.033203125 0.033203125
0 0.7421875 0.9140625 0.033203125 0.033203125
0 0.76171875 0.9140625 0.033203125 0.033203125
0 0.015625 0.9150390625 0.03125 0.033203125
0 0.5234375 0.9150390625 0.033203125 0.033203125
0 0.4638671875 0.916015625 0.033203125 0.033203125
0 0.1943359375 0.919921875 0.033203125 0.033203125
0 0.5791015625 0.921875 0.033203125 0.033203125
0 0.8642578125 0.9306640625 0.033203125 0.033203125
0 0.8662109375 0.943359375 0.033203125 0.033203125
0 0.865234375 0.9658203125 0.033203125 0.033203125
0 0.1943359375 0.9775390625 0.033203125 0.033203125
0 0.6240234375 0.9794921875 0.033203125 0.033203125
0 0.1044921875 0.982421875 0.033203125 0.033203125
0 0.4970703125 0.9833984375 0.033203125 0.033203125
0 0.6650390625 0.9833984375 0.033203125 0.033203125
0 0.0283203125 0.98388671875 0.033203125 0.0322265625
0 0.1650390625 0.98388671875 0.033203125 0.0322265625
0 0.78125 0.98486328125 0.033203125 0.0302734375
0 0.74609375 0.9853515625 0.033203125 0.029296875
0 0.765625 0.986328125 0.033203125 0.02734375
0 0.8017578125 0.986328125 0.033203125 0.02734375
0 0.802734375 0.986328125 0.033203125 0.02734375
0 0.822265625 0.986328125 0.033203125 0.02734375