0 0.849609375 0.0390625 0.033203125 0.033203125
0 0.00927734375 0.0546875 0.0185546875 0.033203125
0 0.6708984375 0.0712890625 0.033203125 0.033203125
0 0.3310546875 0.09375 0.033203125 0.033203125
0 0.6083984375 0.0947265625 0.033203125 0.033203125
0 0.689453125 0.1025390625 0.033203125 0.033203125
0 0.939453125 0.115234375 0.033203125 0.033203125
0 0.57421875 0.1376953125 0.033203125 0.033203125
0 0.8125 0.1923828125 0.033203125 0.033203125
0 0.0361328125 0.2060546875 0.033203125 0.033203125
0 0.673828125 0.208984375 0.033203125 0.033203125
0 0.69140625 0.208984375 0.033203125 0.033203125
0 0.7080078125 0.2119140625 0.033203125 0.033203125
0 0.7412109375 0.2119140625 0.033203125 0.033203125
0 0.0380859375 0.2236328125 0.033203125 0.033203125
0 0.0400390625 0.244140625 0.033203125 0.033203125
0 0.330078125 0.251953125 0.033203125 0.033203125
0 0.0400390625 0.265625 0.033203125 0.033203125
0 0.0390625 0.2802734375 0.033203125 0.033203125
0 0.33203125 0.34765625 0.033203125 0.033203125
0 0.35546875 0.39453125 0.033203125 0.033203125
0 0.33203125 0.396484375 0.033203125 0.033203125
0 0.3935546875 0.3974609375 0.033203125 0.033203125
0 0.1416015625 0.51953125 0.033203125 0.033203125
0 0.5234375 0.5224609375 0.033203125 0.033203125
0 0.67578125 0.5244140625 0.033203125 0.033203125
0 0.5654296875 0.525390625 0.033203125 0.033203125
0 0.615234375 0.525390625 0.033203125 0.033203125
0 0.7197265625 0.525390625 0.033203125 0.033203125
0 0.283203125 0.552734375 0.033203125 0.033203125
0 0.328125 0.630859375 0.033203125 0.033203125
0 0.3271484375 0.669921875 0.033203125 0.033203125
0 0.390625 0.6875 0.033203125 0.033203125
0 0.326171875 0.7060546875 0.033203125 0.033203125
0 0.3251953125 0.744140625 0.033203125 0.033203125
0 0.3896484375 0.755859375 0.033203125 0.033203125
0 0.49609375 0.7587890625 0.033203125 0.033203125
0 0.3251953125 0.8134765625 0.033203125 0.033203125
0 0.556640625 0.8447265625 0.033203125 0.033203125
0 0.576171875 0.84765625 0.033203125 0.033203125
0 0.3916015625 0.849609375 0.033203125 0.033203125
0 0.3896484375 0.9375 0.033203125 0.033203125
0 0.3232421875 0.9697265625 0.033203125 0.033203125
0 0.5224609375 0.978515625 0.033203125 0.033203125
0 0.5888671875 0.978515625 0.033203125 0.033203125