0 0.97265625 0.01513671875 0.033203125 0.0302734375
0 0.6103515625 0.080078125 0.033203125 0.033203125
0 0.2236328125 0.1611328125 0.033203125 0.033203125
0 0.099609375 0.251953125 0.033203125 0.033203125
0 0.19921875 0.2763671875 0.033203125 0.033203125
0 0.6064453125 0.287109375 0.033203125 0.033203125
0 0.1015625 0.294921875 0.033203125 0.033203125
0 0.9091796875 0.361328125 0.033203125 0.033203125
0 0.9091796875 0.408203125 0.033203125 0.033203125
0 0.5732421875 0.5048828125 0.033203125 0.033203125
0 0.9072265625 0.5380859375 0.033203125 0.033203125
0 0.220703125 0.5615234375 0.033203125 0.033203125
0 0.1005859375 0.583984375 0.033203125 0.033203125
0 0.900390625 0.6025390625 0.033203125 0.033203125
0 0.2236328125 0.61328125 0.033203125 0.033203125
0 0.21875 0.6484375 0.033203125 0.033203125
0 0.1015625 0.669921875 0.033203125 0.033203125
0 0.2158203125 0.70703125 0.033203125 0.033203125
0 0.1005859375 0.7919921875 0.033203125 0.033203125
0 0.1005859375 0.8330078125 0.033203125 0.033203125
0 0.2158203125 0.8994140625 0.033203125 0.033203125
0 0.119140625 0.9326171875 0.033203125 0.033203125
0 0.2138671875 0.9326171875 0.033203125 0.033203125
0 0.2138671875 0.9794921875 0.033203125 0.033203125
0 0.1171875 0.986328125 0.033203125 0.02734375