0 0.01025390625 0.00830078125 0.0205078125 0.0166015625
0 0.0595703125 0.01025390625 0.033203125 0.0205078125
0 0.0234375 0.01123046875 0.033203125 0.0224609375
0 0.078125 0.01123046875 0.033203125 0.0224609375
0 0.0380859375 0.01171875 0.033203125 0.0234375
0 0.154296875 0.02734375 0.033203125 0.033203125
0 0.0107421875 0.037109375 0.021484375 0.033203125
0 0.0224609375 0.0390625 0.033203125 0.033203125
0 0.056640625 0.0390625 0.033203125 0.033203125
0 0.0380859375 0.0400390625 0.033203125 0.033203125
0 0.078125 0.041015625 0.033203125 0.033203125
0 0.1875 0.041015625 0.033203125 0.033203125
0 0.2080078125 0.041015625 0.033203125 0.033203125
0 0.236328125 0.0419921875 0.033203125 0.033203125
0 0.15234375 0.0439453125 0.033203125 0.033203125
0 0.716796875 0.0439453125 0.033203125 0.033203125
0 0.7373046875 0.0439453125 0.033203125 0.033203125
0 0.818359375 0.0439453125 0.033203125 0.033203125
0 0.80078125 0.0478515625 0.033203125 0.033203125
0 0.154296875 0.0615234375 0.033203125 0.033203125
0 0.775390625 0.076171875 0.033203125 0.033203125
0 0.1533203125 0.078125 0.033203125 0.033203125
0 0.154296875 0.09375 0.033203125 0.033203125
0 0.013671875 0.1279296875 0.02734375 0.033203125
0 0.0283203125 0.130859375 0.033203125 0.033203125
0 0.046875 0.130859375 0.033203125 0.033203125
0 0.080078125 0.130859375 0.033203125 0.033203125
0 0.1015625 0.130859375 0.033203125 0.033203125
0 0.1171875 0.130859375 0.033203125 0.033203125
0 0.236328125 0.1318359375 0.033203125 0.033203125
0 0.0634765625 0.1328125 0.033203125 0.033203125
0 0.150390625 0.1376953125 0.033203125 0.033203125
0 0.21875 0.1376953125 0.033203125 0.033203125
0 0.822265625 0.138671875 0.033203125 0.033203125
0 0.1708984375 0.1396484375 0.033203125 0.033203125
0 0.744140625 0.1396484375 0.033203125 0.033203125
0 0.201171875 0.140625 0.033203125 0.033203125
0 0.7646484375 0.1416015625 0.033203125 0.033203125
0 0.990234375 0.1728515625 0.01953125 0.033203125
0 0.6953125 0.1982421875 0.033203125 0.033203125
0 0.751953125 0.2001953125 0.033203125 0.033203125
0 0.072265625 0.21484375 0.033203125 0.033203125
0 0.072265625 0.2353515625 0.033203125 0.033203125
0 0.69140625 0.2373046875 0.033203125 0.033203125
0 0.0712890625 0.2509765625 0.033203125 0.033203125
0 0.07421875 0.26953125 0.033203125 0.033203125
0 0.98974609375 0.2822265625 0.0205078125 0.033203125
0 0.9248046875 0.2841796875 0.033203125 0.033203125
0 0.9609375 0.28515625 0.033203125 0.033203125
0 0.943359375 0.2861328125 0.033203125 0.033203125
0 0.7255859375 0.2900390625 0.033203125 0.033203125
0 0.0732421875 0.3154296875 0.033203125 0.033203125
0 0.958984375 0.3173828125 0.033203125 0.033203125
0 0.923828125 0.3212890625 0.033203125 0.033203125
0 0.94140625 0.322265625 0.033203125 0.033203125
0 0.9775390625 0.32421875 0.033203125 0.033203125
0 0.978515625 0.32421875 0.033203125 0.033203125
0 0.072265625 0.3310546875 0.033203125 0.033203125
0 0.0712890625 0.3876953125 0.033203125 0.033203125
0 0.904296875 0.40625 0.033203125 0.033203125
0 0.94140625 0.4111328125 0.033203125 0.033203125
0 0.958984375 0.4130859375 0.033203125 0.033203125
0 0.9892578125 0.4130859375 0.021484375 0.033203125
0 0.01611328125 0.431640625 0.0322265625 0.033203125
0 0.03515625 0.4326171875 0.033203125 0.033203125
0 0.052734375 0.435546875 0.033203125 0.033203125
0 0.98779296875 0.4482421875 0.0244140625 0.033203125
0 0.9736328125 0.4521484375 0.033203125 0.033203125
0 0.966796875 0.4990234375 0.033203125 0.033203125
0 0.037109375 0.5166015625 0.033203125 0.033203125
0 0.017578125 0.5185546875 0.033203125 0.033203125
0 0.8857421875 0.5390625 0.033203125 0.033203125
0 0.9755859375 0.5390625 0.033203125 0.033203125
0 0.9228515625 0.5400390625 0.033203125 0.033203125
0 0.8681640625 0.541015625 0.033203125 0.033203125
0 0.90234375 0.541015625 0.033203125 0.033203125
0 0.98779296875 0.5439453125 0.0244140625 0.033203125
0 0.078125 0.5693359375 0.033203125 0.033203125
0 0.95703125 0.5712890625 0.033203125 0.033203125
0 0.8662109375 0.5732421875 0.033203125 0.033203125
0 0.939453125 0.57421875 0.033203125 0.033203125
0 0.884765625 0.5751953125 0.033203125 0.033203125
0 0.90234375 0.5751953125 0.033203125 0.033203125
0 0.9208984375 0.576171875 0.033203125 0.033203125
0 0.9755859375 0.5771484375 0.033203125 0.033203125
0 0.98779296875 0.578125 0.0244140625 0.033203125
0 0.076171875 0.611328125 0.033203125 0.033203125
0 0.076171875 0.626953125 0.033203125 0.033203125
0 0.859375 0.6611328125 0.033203125 0.033203125
0 0.986328125 0.6611328125 0.02734375 0.033203125
0 0.8251953125 0.6650390625 0.033203125 0.033203125
0 0.87890625 0.6650390625 0.033203125 0.033203125
0 0.916015625 0.6650390625 0.033203125 0.033203125
0 0.93359375 0.6650390625 0.033203125 0.033203125
0 0.8955078125 0.666015625 0.033203125 0.033203125
0 0.9521484375 0.666015625 0.033203125 0.033203125
0 0.970703125 0.666015625 0.033203125 0.033203125
0 0.8564453125 0.7578125 0.033203125 0.033203125
0 0.9619140625 0.7578125 0.033203125 0.033203125
0 0.208984375 0.880859375 0.033203125 0.033203125
0 0.5576171875 0.9560546875 0.033203125 0.033203125
0 0.8935546875 0.9580078125 0.033203125 0.033203125
0 0.359375 0.9599609375 0.033203125 0.033203125
0 0.6064453125 0.9775390625 0.033203125 0.033203125
0 0.87890625 0.982421875 0.033203125 0.033203125