0 0.0966796875 0.212890625 0.033203125 0.033203125
0 0.095703125 0.2587890625 0.033203125 0.033203125
0 0.115234375 0.3291015625 0.033203125 0.033203125
0 0.1123046875 0.404296875 0.033203125 0.033203125
0 0.11328125 0.4521484375 0.033203125 0.033203125
0 0.703125 0.5185546875 0.033203125 0.033203125
0 0.552734375 0.5205078125 0.033203125 0.033203125
0 0.8095703125 0.6328125 0.033203125 0.033203125
0 0.68359375 0.6337890625 0.033203125 0.033203125
0 0.9453125 0.6396484375 0.033203125 0.033203125
0 0.416015625 0.654296875 0.033203125 0.033203125
0 0.279296875 0.6669921875 0.033203125 0.033203125
0 0.33203125 0.68359375 0.033203125 0.033203125
0 0.60546875 0.6884765625 0.033203125 0.033203125
0 0.724609375 0.6884765625 0.033203125 0.033203125
0 0.884765625 0.6884765625 0.033203125 0.033203125
0 0.2138671875 0.7626953125 0.033203125 0.033203125
0 0.8798828125 0.796875 0.033203125 0.033203125
0 0.0126953125 0.8271484375 0.025390625 0.033203125
0 0.880859375 0.896484375 0.033203125 0.033203125
0 0.107421875 0.916015625 0.033203125 0.033203125
0 0.2255859375 0.91796875 0.033203125 0.033203125
0 0.2255859375 0.9189453125 0.033203125 0.033203125
0 0.6494140625 0.927734375 0.033203125 0.033203125
0 0.6669921875 0.927734375 0.033203125 0.033203125
0 0.96484375 0.93359375 0.033203125 0.033203125
0 0.2265625 0.94921875 0.033203125 0.033203125