0 0.7587890625 0.01171875 0.033203125 0.0234375
0 0.978515625 0.01220703125 0.033203125 0.0244140625
0 0.1796875 0.0263671875 0.033203125 0.033203125
0 0.2177734375 0.0556640625 0.033203125 0.033203125
0 0.880859375 0.0751953125 0.033203125 0.033203125
0 0.251953125 0.0830078125 0.033203125 0.033203125
0 0.9228515625 0.095703125 0.033203125 0.033203125
0 0.2841796875 0.1103515625 0.033203125 0.033203125
0 0.3173828125 0.1357421875 0.033203125 0.033203125
0 0.3515625 0.162109375 0.033203125 0.033203125
0 0.296875 0.1728515625 0.033203125 0.033203125
0 0.38671875 0.1865234375 0.033203125 0.033203125
0 0.8779296875 0.20703125 0.033203125 0.033203125
0 0.41796875 0.2109375 0.033203125 0.033203125
0 0.3505859375 0.21484375 0.033203125 0.033203125
0 0.8935546875 0.21484375 0.033203125 0.033203125
0 0.9091796875 0.224609375 0.033203125 0.033203125
0 0.92578125 0.232421875 0.033203125 0.033203125
0 0.423828125 0.2431640625 0.033203125 0.033203125
0 0.45703125 0.2431640625 0.033203125 0.033203125
0 0.9404296875 0.2431640625 0.033203125 0.033203125
0 0.3974609375 0.2490234375 0.033203125 0.033203125
0 0.953125 0.251953125 0.033203125 0.033203125
0 0.9833984375 0.2666015625 0.033203125 0.033203125
0 0.96484375 0.267578125 0.033203125 0.033203125
0 0.4931640625 0.3125 0.033203125 0.033203125
0 0.544921875 0.3466796875 0.033203125 0.033203125
0 0.1025390625 0.42578125 0.033203125 0.033203125
0 0.7001953125 0.4404296875 0.033203125 0.033203125
0 0.7412109375 0.462890625 0.033203125 0.033203125
0 0.7841796875 0.4833984375 0.033203125 0.033203125
0 0.8203125 0.505859375 0.033203125 0.033203125
0 0.9150390625 0.5078125 0.033203125 0.033203125
0 0.189453125 0.5224609375 0.033203125 0.033203125
0 0.8583984375 0.5283203125 0.033203125 0.033203125
0 0.955078125 0.5302734375 0.033203125 0.033203125
0 0.900390625 0.5537109375 0.033203125 0.033203125
0 0.9892578125 0.5537109375 0.021484375 0.033203125