0 0.4609375 0.00927734375 0.033203125 0.0185546875
0 0.48046875 0.01025390625 0.033203125 0.0205078125
0 0.11328125 0.01171875 0.033203125 0.0234375
0 0.4951171875 0.015625 0.033203125 0.03125
0 0.892578125 0.0205078125 0.033203125 0.033203125
0 0.98828125 0.0205078125 0.0234375 0.033203125
0 0.5380859375 0.0224609375 0.033203125 0.033203125
0 0.462890625 0.0341796875 0.033203125 0.033203125
0 0.4423828125 0.03515625 0.033203125 0.033203125
0 0.4755859375 0.0478515625 0.033203125 0.033203125
0 0.9541015625 0.0517578125 0.033203125 0.033203125
0 0.296875 0.06640625 0.033203125 0.033203125
0 0.98388671875 0.0703125 0.0322265625 0.033203125
0 0.984375 0.0703125 0.03125 0.033203125
0 0.3291015625 0.09375 0.033203125 0.033203125
0 0.34375 0.09375 0.033203125 0.033203125
0 0.599609375 0.095703125 0.033203125 0.033203125
0 0.619140625 0.095703125 0.033203125 0.033203125
0 0.5302734375 0.1025390625 0.033203125 0.033203125
0 0.3583984375 0.103515625 0.033203125 0.033203125
0 0.6318359375 0.1064453125 0.033203125 0.033203125
0 0.2998046875 0.1083984375 0.033203125 0.033203125
0 0.544921875 0.1083984375 0.033203125 0.033203125
0 0.6640625 0.119140625 0.033203125 0.033203125
0 0.69140625 0.1201171875 0.033203125 0.033203125
0 0.3125 0.1220703125 0.033203125 0.033203125
0 0.3310546875 0.1259765625 0.033203125 0.033203125
0 0.3828125 0.1318359375 0.033203125 0.033203125
0 0.4033203125 0.1357421875 0.033203125 0.033203125
0 0.7177734375 0.1376953125 0.033203125 0.033203125
0 0.619140625 0.1396484375 0.033203125 0.033203125
0 0.6494140625 0.140625 0.033203125 0.033203125
0 0.2978515625 0.1552734375 0.033203125 0.033203125
0 0.8212890625 0.1865234375 0.033203125 0.033203125
0 0.013671875 0.1875 0.02734375 0.033203125
0 0.6904296875 0.19140625 0.033203125 0.033203125
0 0.86328125 0.19921875 0.033203125 0.033203125
0 0.486328125 0.2021484375 0.033203125 0.033203125
0 0.814453125 0.203125 0.033203125 0.033203125
0 0.55859375 0.205078125 0.033203125 0.033203125
0 0.580078125 0.2099609375 0.033203125 0.033203125
0 0.7333984375 0.2099609375 0.033203125 0.033203125
0 0.8701171875 0.21484375 0.033203125 0.033203125
0 0.806640625 0.2216796875 0.033203125 0.033203125
0 0.5908203125 0.2236328125 0.033203125 0.033203125
0 0.76171875 0.2255859375 0.033203125 0.033203125
0 0.8642578125 0.232421875 0.033203125 0.033203125
0 0.099609375 0.236328125 0.033203125 0.033203125
0 0.599609375 0.2451171875 0.033203125 0.033203125
0 0.78515625 0.2470703125 0.033203125 0.033203125
0 0.1259765625 0.251953125 0.033203125 0.033203125
0 0.8515625 0.25390625 0.033203125 0.033203125
0 0.841796875 0.2705078125 0.033203125 0.033203125
0 0.6318359375 0.2939453125 0.033203125 0.033203125
0 0.7216796875 0.30859375 0.033203125 0.033203125
0 0.619140625 0.3125 0.033203125 0.033203125
0 0.26953125 0.33203125 0.033203125 0.033203125
0 0.611328125 0.333984375 0.033203125 0.033203125
0 0.599609375 0.3486328125 0.033203125 0.033203125
0 0.3046875 0.353515625 0.033203125 0.033203125
0 0.3408203125 0.373046875 0.033203125 0.033203125
0 0.8779296875 0.3935546875 0.033203125 0.033203125
0 0.4111328125 0.412109375 0.033203125 0.033203125
0 0.4375 0.427734375 0.033203125 0.033203125
0 0.986328125 0.4482421875 0.02734375 0.033203125
0 0.474609375 0.4521484375 0.033203125 0.033203125
0 0.505859375 0.4658203125 0.033203125 0.033203125
0 0.9326171875 0.4658203125 0.033203125 0.033203125
0 0.9755859375 0.4755859375 0.033203125 0.033203125
0 0.5322265625 0.4794921875 0.033203125 0.033203125
0 0.9169921875 0.4951171875 0.033203125 0.033203125
0 0.01025390625 0.5009765625 0.0205078125 0.033203125
0 0.572265625 0.5029296875 0.033203125 0.033203125
0 0.9560546875 0.50390625 0.033203125 0.033203125
0 0.0419921875 0.505859375 0.033203125 0.033203125
0 0.0263671875 0.5107421875 0.033203125 0.033203125
0 0.599609375 0.5185546875 0.033203125 0.033203125
0 0.072265625 0.5234375 0.033203125 0.033203125
0 0.8994140625 0.53125 0.033203125 0.033203125
0 0.107421875 0.5322265625 0.033203125 0.033203125
0 0.6259765625 0.5322265625 0.033203125 0.033203125
0 0.9384765625 0.5400390625 0.033203125 0.033203125
0 0.064453125 0.54296875 0.033203125 0.033203125
0 0.1005859375 0.5458984375 0.033203125 0.033203125
0 0.134765625 0.55078125 0.033203125 0.033203125
0 0.669921875 0.5556640625 0.033203125 0.033203125
0 0.1240234375 0.5615234375 0.033203125 0.033203125
0 0.0927734375 0.5625 0.033203125 0.033203125
0 0.8779296875 0.5634765625 0.033203125 0.033203125
0 0.8779296875 0.564453125 0.033203125 0.033203125
0 0.0546875 0.5654296875 0.033203125 0.033203125
0 0.11328125 0.572265625 0.033203125 0.033203125
0 0.6962890625 0.5732421875 0.033203125 0.033203125
0 0.193359375 0.578125 0.033203125 0.033203125
0 0.046875 0.5849609375 0.033203125 0.033203125
0 0.197265625 0.5927734375 0.033203125 0.033203125
0 0.9033203125 0.59765625 0.033203125 0.033203125
0 0.2265625 0.6064453125 0.033203125 0.033203125
0 0.279296875 0.6123046875 0.033203125 0.033203125
0 0.1826171875 0.6142578125 0.033203125 0.033203125
0 0.2724609375 0.62890625 0.033203125 0.033203125
0 0.1767578125 0.630859375 0.033203125 0.033203125
0 0.03515625 0.6328125 0.033203125 0.033203125
0 0.205078125 0.6474609375 0.033203125 0.033203125
0 0.3037109375 0.6474609375 0.033203125 0.033203125
0 0.171875 0.6494140625 0.033203125 0.033203125
0 0.2919921875 0.6640625 0.033203125 0.033203125
0 0.06640625 0.6689453125 0.033203125 0.033203125
0 0.3369140625 0.6708984375 0.033203125 0.033203125
0 0.359375 0.681640625 0.033203125 0.033203125
0 0.0859375 0.68359375 0.033203125 0.033203125
0 0.1015625 0.689453125 0.033203125 0.033203125
0 0.11328125 0.701171875 0.033203125 0.033203125
0 0.26953125 0.7021484375 0.033203125 0.033203125
0 0.3466796875 0.708984375 0.033203125 0.033203125
0 0.1259765625 0.7177734375 0.033203125 0.033203125
0 0.3076171875 0.7216796875 0.033203125 0.033203125
0 0.9619140625 0.72265625 0.033203125 0.033203125
0 0.140625 0.7236328125 0.033203125 0.033203125
0 0.328125 0.7294921875 0.033203125 0.033203125
0 0.15625 0.7333984375 0.033203125 0.033203125
0 0.98876953125 0.7421875 0.0224609375 0.033203125
0 0.46484375 0.748046875 0.033203125 0.033203125
0 0.48828125 0.755859375 0.033203125 0.033203125
0 0.2275390625 0.76171875 0.033203125 0.033203125
0 0.765625 0.765625 0.033203125 0.033203125
0 0.4482421875 0.7685546875 0.033203125 0.033203125
0 0.5263671875 0.7783203125 0.033203125 0.033203125
0 0.466796875 0.78515625 0.033203125 0.033203125
0 0.54296875 0.7880859375 0.033203125 0.033203125
0 0.2109375 0.7890625 0.033203125 0.033203125
0 0.4794921875 0.794921875 0.033203125 0.033203125
0 0.2255859375 0.798828125 0.033203125 0.033203125
0 0.5537109375 0.80078125 0.033203125 0.033203125
0 0.5537109375 0.8017578125 0.033203125 0.033203125
0 0.7431640625 0.802734375 0.033203125 0.033203125
0 0.5703125 0.8037109375 0.033203125 0.033203125
0 0.5087890625 0.8046875 0.033203125 0.033203125
0 0.3115234375 0.8095703125 0.033203125 0.033203125
0 0.37890625 0.8115234375 0.033203125 0.033203125
0 0.25 0.814453125 0.033203125 0.033203125
0 0.521484375 0.81640625 0.033203125 0.033203125
0 0.787109375 0.81640625 0.033203125 0.033203125
0 0.46484375 0.8203125 0.033203125 0.033203125
0 0.3330078125 0.828125 0.033203125 0.033203125
0 0.53515625 0.828125 0.033203125 0.033203125
0 0.2626953125 0.8291015625 0.033203125 0.033203125
0 0.5517578125 0.833984375 0.033203125 0.033203125
0 0.279296875 0.8359375 0.033203125 0.033203125
0 0.349609375 0.8388671875 0.033203125 0.033203125
0 0.296875 0.83984375 0.033203125 0.033203125
0 0.7724609375 0.84765625 0.033203125 0.033203125
0 0.5048828125 0.8505859375 0.033203125 0.033203125
0 0.380859375 0.8525390625 0.033203125 0.033203125
0 0.3154296875 0.8623046875 0.033203125 0.033203125
0 0.3330078125 0.8701171875 0.033203125 0.033203125
0 0.7529296875 0.8779296875 0.033203125 0.033203125
0 0.380859375 0.8955078125 0.033203125 0.033203125
0 0.689453125 0.8994140625 0.033203125 0.033203125
0 0.7138671875 0.9033203125 0.033203125 0.033203125
0 0.3994140625 0.9072265625 0.033203125 0.033203125
0 0.439453125 0.9091796875 0.033203125 0.033203125
0 0.4560546875 0.919921875 0.033203125 0.033203125
0 0.4677734375 0.9267578125 0.033203125 0.033203125
0 0.4853515625 0.927734375 0.033203125 0.033203125
0 0.4541015625 0.953125 0.033203125 0.033203125
0 0.4697265625 0.9619140625 0.033203125 0.033203125
0 0.708984375 0.96484375 0.033203125 0.033203125
0 0.6884765625 0.99072265625 0.033203125 0.0185546875