0 0.9072265625 0.0078125 0.033203125 0.015625
0 0.8974609375 0.015625 0.033203125 0.03125
0 0.115234375 0.0185546875 0.033203125 0.033203125
0 0.1611328125 0.0234375 0.033203125 0.033203125
0 0.8896484375 0.0322265625 0.033203125 0.033203125
0 0.875 0.0419921875 0.033203125 0.033203125
0 0.927734375 0.052734375 0.033203125 0.033203125
0 0.091796875 0.064453125 0.033203125 0.033203125
0 0.8486328125 0.0869140625 0.033203125 0.033203125
0 0.1201171875 0.1025390625 0.033203125 0.033203125
0 0.0703125 0.1044921875 0.033203125 0.033203125
0 0.8427734375 0.1298828125 0.033203125 0.033203125
0 0.0556640625 0.13671875 0.033203125 0.033203125
0 0.072265625 0.140625 0.033203125 0.033203125
0 0.095703125 0.1474609375 0.033203125 0.033203125
0 0.0302734375 0.1767578125 0.033203125 0.033203125
0 0.2734375 0.1884765625 0.033203125 0.033203125
0 0.447265625 0.2060546875 0.033203125 0.033203125
0 0.986328125 0.21484375 0.02734375 0.033203125
0 0.5400390625 0.255859375 0.033203125 0.033203125
0 0.8857421875 0.3984375 0.033203125 0.033203125
0 0.244140625 0.41015625 0.033203125 0.033203125
0 0.8349609375 0.4228515625 0.033203125 0.033203125
0 0.966796875 0.4443359375 0.033203125 0.033203125
0 0.1884765625 0.4501953125 0.033203125 0.033203125
0 0.90625 0.46484375 0.033203125 0.033203125
0 0.7822265625 0.4794921875 0.033203125 0.033203125
0 0.4248046875 0.4892578125 0.033203125 0.033203125
0 0.412109375 0.50390625 0.033203125 0.033203125
0 0.376953125 0.5107421875 0.033203125 0.033203125
0 0.6904296875 0.5341796875 0.033203125 0.033203125
0 0.7470703125 0.53515625 0.033203125 0.033203125
0 0.7138671875 0.5986328125 0.033203125 0.033203125
0 0.62109375 0.60546875 0.033203125 0.033203125
0 0.69921875 0.609375 0.033203125 0.033203125
0 0.6962890625 0.626953125 0.033203125 0.033203125
0 0.60546875 0.6357421875 0.033203125 0.033203125
0 0.1669921875 0.6484375 0.033203125 0.033203125
0 0.5927734375 0.650390625 0.033203125 0.033203125
0 0.681640625 0.658203125 0.033203125 0.033203125
0 0.6708984375 0.6728515625 0.033203125 0.033203125
0 0.7744140625 0.6875 0.033203125 0.033203125
0 0.576171875 0.69140625 0.033203125 0.033203125
0 0.791015625 0.7001953125 0.033203125 0.033203125
0 0.6494140625 0.7021484375 0.033203125 0.033203125
0 0.5654296875 0.7060546875 0.033203125 0.033203125
0 0.8095703125 0.70703125 0.033203125 0.033203125
0 0.826171875 0.712890625 0.033203125 0.033203125
0 0.8447265625 0.7177734375 0.033203125 0.033203125
0 0.6416015625 0.71875 0.033203125 0.033203125
0 0.8603515625 0.724609375 0.033203125 0.033203125
0 0.62890625 0.732421875 0.033203125 0.033203125
0 0.8720703125 0.734375 0.033203125 0.033203125
0 0.892578125 0.744140625 0.033203125 0.033203125
0 0.9091796875 0.7529296875 0.033203125 0.033203125
0 0.5361328125 0.7568359375 0.033203125 0.033203125
0 0.923828125 0.759765625 0.033203125 0.033203125
0 0.76171875 0.7646484375 0.033203125 0.033203125
0 0.626953125 0.765625 0.033203125 0.033203125
0 0.52734375 0.7724609375 0.033203125 0.033203125
0 0.607421875 0.77734375 0.033203125 0.033203125
0 0.79296875 0.7783203125 0.033203125 0.033203125
0 0.810546875 0.7861328125 0.033203125 0.033203125
0 0.591796875 0.8125 0.033203125 0.033203125
0 0.30859375 0.8447265625 0.033203125 0.033203125
0 0.8271484375 0.8583984375 0.033203125 0.033203125
0 0.8125 0.87890625 0.033203125 0.033203125
0 0.8076171875 0.8984375 0.033203125 0.033203125
0 0.4150390625 0.904296875 0.033203125 0.033203125
0 0.974609375 0.9306640625 0.033203125 0.033203125
0 0.787109375 0.9345703125 0.033203125 0.033203125
0 0.9716796875 0.9462890625 0.033203125 0.033203125
0 0.0693359375 0.9658203125 0.033203125 0.033203125
0 0.765625 0.96875 0.033203125 0.033203125
0 0.96875 0.9697265625 0.033203125 0.033203125
0 0.9599609375 0.982421875 0.033203125 0.033203125
0 0.8896484375 0.9853515625 0.033203125 0.029296875