0 0.03515625 0.18359375 0.033203125 0.033203125
0 0.1142578125 0.3515625 0.033203125 0.033203125
0 0.1298828125 0.609375 0.033203125 0.033203125
0 0.12109375 0.6484375 0.033203125 0.033203125
0 0.1044921875 0.7041015625 0.033203125 0.033203125
0 0.0830078125 0.744140625 0.033203125 0.033203125
0 0.0751953125 0.763671875 0.033203125 0.033203125
0 0.0576171875 0.8056640625 0.033203125 0.033203125
0 0.052734375 0.8232421875 0.033203125 0.033203125
0 0.048828125 0.8408203125 0.033203125 0.033203125
0 0.03515625 0.8818359375 0.033203125 0.033203125
0 0.03125 0.900390625 0.033203125 0.033203125
0 0.021484375 0.9169921875 0.033203125 0.033203125
0 0.0224609375 0.9169921875 0.033203125 0.033203125
0 0.01611328125 0.9365234375 0.0322265625 0.033203125
0 0.01220703125 0.953125 0.0244140625 0.033203125