0 0.3251953125 0.0751953125 0.033203125 0.033203125
0 0.3671875 0.0830078125 0.033203125 0.033203125
0 0.197265625 0.087890625 0.033203125 0.033203125
0 0.4091796875 0.09375 0.033203125 0.033203125
0 0.1611328125 0.1025390625 0.033203125 0.033203125
0 0.4501953125 0.11328125 0.033203125 0.033203125
0 0.4833984375 0.1337890625 0.033203125 0.033203125
0 0.087890625 0.1494140625 0.033203125 0.033203125
0 0.525390625 0.1572265625 0.033203125 0.033203125
0 0.5595703125 0.1767578125 0.033203125 0.033203125
0 0.0576171875 0.181640625 0.033203125 0.033203125
0 0.029296875 0.2197265625 0.033203125 0.033203125
0 0.01416015625 0.2587890625 0.0283203125 0.033203125
0 0.7099609375 0.259765625 0.033203125 0.033203125
0 0.65234375 0.271484375 0.033203125 0.033203125
0 0.958984375 0.2763671875 0.033203125 0.033203125
0 0.744140625 0.279296875 0.033203125 0.033203125
0 0.923828125 0.294921875 0.033203125 0.033203125
0 0.583984375 0.2998046875 0.033203125 0.033203125
0 0.8330078125 0.310546875 0.033203125 0.033203125
0 0.6279296875 0.314453125 0.033203125 0.033203125
0 0.568359375 0.318359375 0.033203125 0.033203125
0 0.658203125 0.34765625 0.033203125 0.033203125
0 0.556640625 0.3486328125 0.033203125 0.033203125
0 0.54296875 0.36328125 0.033203125 0.033203125
0 0.6513671875 0.3681640625 0.033203125 0.033203125
0 0.53125 0.3828125 0.033203125 0.033203125
0 0.6455078125 0.3837890625 0.033203125 0.033203125
0 0.5234375 0.39453125 0.033203125 0.033203125
0 0.6337890625 0.3994140625 0.033203125 0.033203125
0 0.513671875 0.416015625 0.033203125 0.033203125
0 0.501953125 0.4306640625 0.033203125 0.033203125
0 0.4873046875 0.447265625 0.033203125 0.033203125
0 0.595703125 0.4638671875 0.033203125 0.033203125
0 0.4794921875 0.4716796875 0.033203125 0.033203125
0 0.5849609375 0.4775390625 0.033203125 0.033203125
0 0.08984375 0.490234375 0.033203125 0.033203125
0 0.462890625 0.498046875 0.033203125 0.033203125
0 0.1171875 0.5048828125 0.033203125 0.033203125
0 0.5087890625 0.517578125 0.033203125 0.033203125
0 0.5087890625 0.5185546875 0.033203125 0.033203125
0 0.1484375 0.5234375 0.033203125 0.033203125
0 0.3525390625 0.5576171875 0.033203125 0.033203125
0 0.5390625 0.7431640625 0.033203125 0.033203125
0 0.5712890625 0.7587890625 0.033203125 0.033203125
0 0.7236328125 0.765625 0.033203125 0.033203125
0 0.6904296875 0.828125 0.033203125 0.033203125
0 0.791015625 0.88671875 0.033203125 0.033203125
0 0.9228515625 0.92578125 0.033203125 0.033203125