0 0.9189453125 0.068359375 0.033203125 0.033203125
0 0.7412109375 0.24609375 0.033203125 0.033203125
0 0.2978515625 0.294921875 0.033203125 0.033203125
0 0.3291015625 0.3134765625 0.033203125 0.033203125
0 0.3291015625 0.314453125 0.033203125 0.033203125
0 0.412109375 0.357421875 0.033203125 0.033203125
0 0.4248046875 0.373046875 0.033203125 0.033203125
0 0.4541015625 0.3955078125 0.033203125 0.033203125
0 0.5185546875 0.4423828125 0.033203125 0.033203125
0 0.201171875 0.556640625 0.033203125 0.033203125
0 0.263671875 0.64453125 0.033203125 0.033203125
0 0.4794921875 0.748046875 0.033203125 0.033203125
0 0.0263671875 0.859375 0.033203125 0.033203125
0 0.2216796875 0.900390625 0.033203125 0.033203125
0 0.228515625 0.9208984375 0.033203125 0.033203125
0 0.1904296875 0.9443359375 0.033203125 0.033203125