0 0.498046875 0.041015625 0.033203125 0.033203125
0 0.470703125 0.07421875 0.033203125 0.033203125
0 0.27734375 0.2890625 0.033203125 0.033203125
0 0.0810546875 0.3525390625 0.033203125 0.033203125
0 0.033203125 0.3623046875 0.033203125 0.033203125
0 0.0986328125 0.36328125 0.033203125 0.033203125
0 0.0517578125 0.369140625 0.033203125 0.033203125
0 0.0107421875 0.416015625 0.021484375 0.033203125
0 0.6259765625 0.5546875 0.033203125 0.033203125
0 0.5654296875 0.6083984375 0.033203125 0.033203125
0 0.5458984375 0.640625 0.033203125 0.033203125
0 0.580078125 0.6552734375 0.033203125 0.033203125
0 0.58984375 0.75 0.033203125 0.033203125
0 0.5576171875 0.775390625 0.033203125 0.033203125
0 0.984375 0.87109375 0.03125 0.033203125
0 0.888671875 0.912109375 0.033203125 0.033203125
0 0.921875 0.9228515625 0.033203125 0.033203125
0 0.8447265625 0.9248046875 0.033203125 0.033203125
0 0.6923828125 0.966796875 0.033203125 0.033203125
0 0.7216796875 0.982421875 0.033203125 0.033203125