0 0.806640625 0.0927734375 0.033203125 0.033203125
0 0.939453125 0.1376953125 0.033203125 0.033203125
0 0.8212890625 0.14453125 0.033203125 0.033203125
0 0.9287109375 0.150390625 0.033203125 0.033203125
0 0.8115234375 0.1611328125 0.033203125 0.033203125
0 0.8037109375 0.1767578125 0.033203125 0.033203125
0 0.9091796875 0.1796875 0.033203125 0.033203125
0 0.8994140625 0.1953125 0.033203125 0.033203125
0 0.734375 0.197265625 0.033203125 0.033203125
0 0.9384765625 0.1982421875 0.033203125 0.033203125
0 0.7880859375 0.205078125 0.033203125 0.033203125
0 0.7802734375 0.220703125 0.033203125 0.033203125
0 0.880859375 0.2236328125 0.033203125 0.033203125
0 0.9189453125 0.2275390625 0.033203125 0.033203125
0 0.7138671875 0.23046875 0.033203125 0.033203125
0 0.767578125 0.236328125 0.033203125 0.033203125
0 0.873046875 0.23828125 0.033203125 0.033203125
0 0.91015625 0.244140625 0.033203125 0.033203125
0 0.86328125 0.25390625 0.033203125 0.033203125
0 0.6943359375 0.2626953125 0.033203125 0.033203125
0 0.7470703125 0.28125 0.033203125 0.033203125
0 0.84765625 0.283203125 0.033203125 0.033203125
0 0.9833984375 0.29296875 0.033203125 0.033203125
0 0.732421875 0.2958984375 0.033203125 0.033203125
0 0.876953125 0.298828125 0.033203125 0.033203125
0 0.7236328125 0.3095703125 0.033203125 0.033203125
0 0.974609375 0.3095703125 0.033203125 0.033203125
0 0.828125 0.314453125 0.033203125 0.033203125
0 0.8642578125 0.314453125 0.033203125 0.033203125
0 0.7216796875 0.330078125 0.033203125 0.033203125
0 0.8623046875 0.3349609375 0.033203125 0.033203125
0 0.9892578125 0.34375 0.021484375 0.033203125
0 0.845703125 0.3466796875 0.033203125 0.033203125
0 0.796875 0.3525390625 0.033203125 0.033203125
0 0.98388671875 0.3564453125 0.0322265625 0.033203125
0 0.93359375 0.369140625 0.033203125 0.033203125
0 0.7939453125 0.3701171875 0.033203125 0.033203125
0 0.9775390625 0.3720703125 0.033203125 0.033203125
0 0.8310546875 0.373046875 0.033203125 0.033203125
0 0.779296875 0.3837890625 0.033203125 0.033203125
0 0.9111328125 0.3974609375 0.033203125 0.033203125
0 0.9541015625 0.4052734375 0.033203125 0.033203125
0 0.8193359375 0.41015625 0.033203125 0.033203125
0 0.8974609375 0.431640625 0.033203125 0.033203125
0 0.88671875 0.4482421875 0.033203125 0.033203125
0 0.0546875 0.6455078125 0.033203125 0.033203125
0 0.81640625 0.98388671875 0.033203125 0.0322265625