0 0.255859375 0.0185546875 0.033203125 0.033203125
0 0.1982421875 0.01953125 0.033203125 0.033203125
0 0.2421875 0.0390625 0.033203125 0.033203125
0 0.1865234375 0.0439453125 0.033203125 0.033203125
0 0.2353515625 0.05859375 0.033203125 0.033203125
0 0.2685546875 0.068359375 0.033203125 0.033203125
0 0.283203125 0.0771484375 0.033203125 0.033203125
0 0.962890625 0.078125 0.033203125 0.033203125
0 0.298828125 0.0830078125 0.033203125 0.033203125
0 0.330078125 0.091796875 0.033203125 0.033203125
0 0.3447265625 0.0947265625 0.033203125 0.033203125
0 0.2666015625 0.1064453125 0.033203125 0.033203125
0 0.98486328125 0.1376953125 0.0302734375 0.033203125
0 0.296875 0.1455078125 0.033203125 0.033203125
0 0.4375 0.1455078125 0.033203125 0.033203125
0 0.0146484375 0.1484375 0.029296875 0.033203125
0 0.134765625 0.150390625 0.033203125 0.033203125
0 0.345703125 0.1513671875 0.033203125 0.033203125
0 0.4765625 0.162109375 0.033203125 0.033203125
0 0.341796875 0.166015625 0.033203125 0.033203125
0 0.1435546875 0.17578125 0.033203125 0.033203125
0 0.1943359375 0.1865234375 0.033203125 0.033203125
0 0.1083984375 0.1884765625 0.033203125 0.033203125
0 0.5126953125 0.19140625 0.033203125 0.033203125
0 0.2109375 0.1943359375 0.033203125 0.033203125
0 0.873046875 0.1962890625 0.033203125 0.033203125
0 0.0078125 0.1982421875 0.015625 0.033203125
0 0.509765625 0.208984375 0.033203125 0.033203125
0 0.259765625 0.2197265625 0.033203125 0.033203125
0 0.095703125 0.2216796875 0.033203125 0.033203125
0 0.857421875 0.2255859375 0.033203125 0.033203125
0 0.435546875 0.2275390625 0.033203125 0.033203125
0 0.2744140625 0.2333984375 0.033203125 0.033203125
0 0.537109375 0.234375 0.033203125 0.033203125
0 0.3056640625 0.2431640625 0.033203125 0.033203125
0 0.5234375 0.248046875 0.033203125 0.033203125
0 0.08984375 0.2578125 0.033203125 0.033203125
0 0.076171875 0.2802734375 0.033203125 0.033203125
0 0.359375 0.28125 0.033203125 0.033203125
0 0.3720703125 0.28515625 0.033203125 0.033203125
0 0.0732421875 0.2978515625 0.033203125 0.033203125
0 0.064453125 0.314453125 0.033203125 0.033203125
0 0.056640625 0.34765625 0.033203125 0.033203125
0 0.5048828125 0.36328125 0.033203125 0.033203125
0 0.3974609375 0.3857421875 0.033203125 0.033203125
0 0.3984375 0.3857421875 0.033203125 0.033203125
0 0.427734375 0.390625 0.033203125 0.033203125
0 0.9375 0.390625 0.033203125 0.033203125
0 0.033203125 0.4013671875 0.033203125 0.033203125
0 0.3857421875 0.40234375 0.033203125 0.033203125
0 0.4296875 0.4072265625 0.033203125 0.033203125
0 0.9150390625 0.419921875 0.033203125 0.033203125
0 0.0185546875 0.43359375 0.033203125 0.033203125
0 0.896484375 0.4521484375 0.033203125 0.033203125
0 0.9853515625 0.4599609375 0.029296875 0.033203125
0 0.88671875 0.470703125 0.033203125 0.033203125
0 0.978515625 0.4775390625 0.033203125 0.033203125
0 0.87109375 0.4951171875 0.033203125 0.033203125
0 0.9609375 0.5126953125 0.033203125 0.033203125
0 0.931640625 0.5146484375 0.033203125 0.033203125
0 0.515625 0.5654296875 0.033203125 0.033203125
0 0.5556640625 0.5673828125 0.033203125 0.033203125
0 0.5087890625 0.578125 0.033203125 0.033203125
0 0.537109375 0.6103515625 0.033203125 0.033203125
0 0.5556640625 0.6201171875 0.033203125 0.033203125
0 0.9775390625 0.6396484375 0.033203125 0.033203125
0 0.9375 0.6552734375 0.033203125 0.033203125
0 0.9658203125 0.6591796875 0.033203125 0.033203125
0 0.6591796875 0.671875 0.033203125 0.033203125
0 0.6142578125 0.6728515625 0.033203125 0.033203125
0 0.9599609375 0.6767578125 0.033203125 0.033203125
0 0.9150390625 0.689453125 0.033203125 0.033203125
0 0.9443359375 0.7001953125 0.033203125 0.033203125
0 0.595703125 0.705078125 0.033203125 0.033203125
0 0.935546875 0.7177734375 0.033203125 0.033203125
0 0.6220703125 0.740234375 0.033203125 0.033203125
0 0.5703125 0.7529296875 0.033203125 0.033203125
0 0.5205078125 0.775390625 0.033203125 0.033203125
0 0.98828125 0.7841796875 0.0234375 0.033203125
0 0.1201171875 0.8896484375 0.033203125 0.033203125
0 0.107421875 0.9072265625 0.033203125 0.033203125
0 0.0546875 0.9365234375 0.033203125 0.033203125
0 0.087890625 0.94140625 0.033203125 0.033203125
0 0.458984375 0.9482421875 0.033203125 0.033203125
0 0.033203125 0.9609375 0.033203125 0.033203125
0 0.072265625 0.962890625 0.033203125 0.033203125
0 0.14453125 0.96484375 0.033203125 0.033203125
0 0.794921875 0.98388671875 0.033203125 0.0322265625