0 0.3798828125 0.0869140625 0.033203125 0.033203125
0 0.8046875 0.1708984375 0.033203125 0.033203125
0 0.3447265625 0.3427734375 0.033203125 0.033203125
0 0.4404296875 0.3525390625 0.033203125 0.033203125
0 0.193359375 0.3564453125 0.033203125 0.033203125
0 0.455078125 0.4892578125 0.033203125 0.033203125
0 0.8974609375 0.541015625 0.033203125 0.033203125
0 0.7685546875 0.5673828125 0.033203125 0.033203125
0 0.2412109375 0.6630859375 0.033203125 0.033203125
0 0.619140625 0.7373046875 0.033203125 0.033203125
0 0.41015625 0.890625 0.033203125 0.033203125