0 0.224609375 0.0537109375 0.033203125 0.033203125
0 0.2392578125 0.060546875 0.033203125 0.033203125
0 0.25390625 0.076171875 0.033203125 0.033203125
0 0.267578125 0.0859375 0.033203125 0.033203125
0 0.287109375 0.095703125 0.033203125 0.033203125
0 0.19140625 0.09765625 0.033203125 0.033203125
0 0.0302734375 0.1103515625 0.033203125 0.033203125
0 0.2939453125 0.1455078125 0.033203125 0.033203125
0 0.2705078125 0.1826171875 0.033203125 0.033203125
0 0.3779296875 0.408203125 0.033203125 0.033203125
0 0.9443359375 0.4111328125 0.033203125 0.033203125
0 0.3583984375 0.4169921875 0.033203125 0.033203125
0 0.0263671875 0.4423828125 0.033203125 0.033203125
0 0.0419921875 0.4521484375 0.033203125 0.033203125
0 0.4453125 0.453125 0.033203125 0.033203125
0 0.0556640625 0.4619140625 0.033203125 0.033203125
0 0.4345703125 0.470703125 0.033203125 0.033203125