0 0.984375 0.2294921875 0.03125 0.033203125
0 0.966796875 0.2373046875 0.033203125 0.033203125
0 0.9375 0.255859375 0.033203125 0.033203125
0 0.9091796875 0.2783203125 0.033203125 0.033203125
0 0.890625 0.28515625 0.033203125 0.033203125
0 0.8759765625 0.2939453125 0.033203125 0.033203125
0 0.841796875 0.3203125 0.033203125 0.033203125
0 0.9755859375 0.3271484375 0.033203125 0.033203125
0 0.904296875 0.4296875 0.033203125 0.033203125
0 0.5712890625 0.5029296875 0.033203125 0.033203125
0 0.556640625 0.5185546875 0.033203125 0.033203125
0 0.5390625 0.5224609375 0.033203125 0.033203125
0 0.681640625 0.5244140625 0.033203125 0.033203125
0 0.5244140625 0.5341796875 0.033203125 0.033203125
0 0.84375 0.53515625 0.033203125 0.033203125
0 0.509765625 0.5380859375 0.033203125 0.033203125
0 0.494140625 0.55078125 0.033203125 0.033203125
0 0.478515625 0.5634765625 0.033203125 0.033203125
0 0.427734375 0.59765625 0.033203125 0.033203125
0 0.5654296875 0.6015625 0.033203125 0.033203125
0 0.4111328125 0.60546875 0.033203125 0.033203125
0 0.39453125 0.6123046875 0.033203125 0.033203125
0 0.5966796875 0.61328125 0.033203125 0.033203125
0 0.564453125 0.619140625 0.033203125 0.033203125
0 0.560546875 0.6357421875 0.033203125 0.033203125
0 0.0595703125 0.6416015625 0.033203125 0.033203125
0 0.552734375 0.6669921875 0.033203125 0.033203125
0 0.55859375 0.6865234375 0.033203125 0.033203125
0 0.482421875 0.779296875 0.033203125 0.033203125
0 0.5185546875 0.7841796875 0.033203125 0.033203125