0 0.7001953125 0.025390625 0.033203125 0.033203125
0 0.736328125 0.0419921875 0.033203125 0.033203125
0 0.203125 0.26953125 0.033203125 0.033203125
0 0.279296875 0.287109375 0.033203125 0.033203125
0 0.279296875 0.306640625 0.033203125 0.033203125
0 0.6220703125 0.3310546875 0.033203125 0.033203125
0 0.15625 0.375 0.033203125 0.033203125
0 0.6005859375 0.48046875 0.033203125 0.033203125
0 0.490234375 0.501953125 0.033203125 0.033203125
0 0.599609375 0.8291015625 0.033203125 0.033203125
0 0.263671875 0.8671875 0.033203125 0.033203125
0 0.455078125 0.9228515625 0.033203125 0.033203125