0 0.4873046875 0.01513671875 0.033203125 0.0302734375
0 0.49609375 0.0302734375 0.033203125 0.033203125
0 0.5009765625 0.0478515625 0.033203125 0.033203125
0 0.5068359375 0.06640625 0.033203125 0.033203125
0 0.5126953125 0.0849609375 0.033203125 0.033203125
0 0.521484375 0.1025390625 0.033203125 0.033203125
0 0.5234375 0.119140625 0.033203125 0.033203125
0 0.625 0.1318359375 0.033203125 0.033203125
0 0.52734375 0.1357421875 0.033203125 0.033203125
0 0.53125 0.1494140625 0.033203125 0.033203125
0 0.6171875 0.158203125 0.033203125 0.033203125
0 0.0498046875 0.1630859375 0.033203125 0.033203125
0 0.537109375 0.1630859375 0.033203125 0.033203125
0 0.54296875 0.17578125 0.033203125 0.033203125
0 0.5439453125 0.1904296875 0.033203125 0.033203125
0 0.9326171875 0.6142578125 0.033203125 0.033203125
0 0.978515625 0.6640625 0.033203125 0.033203125
0 0.9169921875 0.6708984375 0.033203125 0.033203125
0 0.94921875 0.708984375 0.033203125 0.033203125
0 0.068359375 0.7470703125 0.033203125 0.033203125
0 0.05859375 0.7568359375 0.033203125 0.033203125
0 0.0439453125 0.7607421875 0.033203125 0.033203125
0 0.431640625 0.8525390625 0.033203125 0.033203125
0 0.845703125 0.8564453125 0.033203125 0.033203125
0 0.2568359375 0.9052734375 0.033203125 0.033203125