0 0.541015625 0.0732421875 0.033203125 0.033203125
0 0.5927734375 0.0830078125 0.033203125 0.033203125
0 0.4931640625 0.1240234375 0.033203125 0.033203125
0 0.5654296875 0.1357421875 0.033203125 0.033203125
0 0.8095703125 0.2197265625 0.033203125 0.033203125
0 0.833984375 0.2216796875 0.033203125 0.033203125
0 0.8681640625 0.2275390625 0.033203125 0.033203125
0 0.8857421875 0.232421875 0.033203125 0.033203125
0 0.5654296875 0.2705078125 0.033203125 0.033203125
0 0.4638671875 0.3251953125 0.033203125 0.033203125
0 0.451171875 0.349609375 0.033203125 0.033203125
0 0.8056640625 0.3935546875 0.033203125 0.033203125
0 0.240234375 0.3994140625 0.033203125 0.033203125
0 0.83984375 0.4013671875 0.033203125 0.033203125
0 0.5263671875 0.4091796875 0.033203125 0.033203125
0 0.642578125 0.4189453125 0.033203125 0.033203125
0 0.388671875 0.421875 0.033203125 0.033203125
0 0.5302734375 0.4443359375 0.033203125 0.033203125
0 0.5712890625 0.451171875 0.033203125 0.033203125
0 0.1474609375 0.486328125 0.033203125 0.033203125
0 0.9404296875 0.4921875 0.033203125 0.033203125
0 0.328125 0.5400390625 0.033203125 0.033203125
0 0.400390625 0.5498046875 0.033203125 0.033203125
0 0.4560546875 0.5576171875 0.033203125 0.033203125
0 0.4912109375 0.5615234375 0.033203125 0.033203125
0 0.609375 0.5712890625 0.033203125 0.033203125
0 0.6533203125 0.5791015625 0.033203125 0.033203125
0 0.9326171875 0.5966796875 0.033203125 0.033203125
0 0.2216796875 0.6328125 0.033203125 0.033203125
0 0.689453125 0.751953125 0.033203125 0.033203125
0 0.6748046875 0.7578125 0.033203125 0.033203125
0 0.66015625 0.767578125 0.033203125 0.033203125
0 0.6474609375 0.7763671875 0.033203125 0.033203125
0 0.59375 0.810546875 0.033203125 0.033203125
0 0.5771484375 0.82421875 0.033203125 0.033203125
0 0.5478515625 0.83984375 0.033203125 0.033203125
0 0.5322265625 0.8544921875 0.033203125 0.033203125
0 0.712890625 0.8837890625 0.033203125 0.033203125
0 0.5859375 0.966796875 0.033203125 0.033203125
0 0.572265625 0.978515625 0.033203125 0.033203125