0 0.81640625 0.037109375 0.033203125 0.033203125
0 0.8388671875 0.0380859375 0.033203125 0.033203125
0 0.755859375 0.0732421875 0.033203125 0.033203125
0 0.7578125 0.0908203125 0.033203125 0.033203125
0 0.3251953125 0.115234375 0.033203125 0.033203125
0 0.37109375 0.1171875 0.033203125 0.033203125
0 0.904296875 0.12109375 0.033203125 0.033203125
0 0.921875 0.12109375 0.033203125 0.033203125
0 0.748046875 0.123046875 0.033203125 0.033203125
0 0.439453125 0.1240234375 0.033203125 0.033203125
0 0.4765625 0.1279296875 0.033203125 0.033203125
0 0.751953125 0.1376953125 0.033203125 0.033203125
0 0.751953125 0.1572265625 0.033203125 0.033203125
0 0.748046875 0.173828125 0.033203125 0.033203125
0 0.3056640625 0.1865234375 0.033203125 0.033203125
0 0.75 0.193359375 0.033203125 0.033203125
0 0.3896484375 0.19921875 0.033203125 0.033203125
0 0.744140625 0.2099609375 0.033203125 0.033203125
0 0.1416015625 0.224609375 0.033203125 0.033203125
0 0.73046875 0.2275390625 0.033203125 0.033203125
0 0.9169921875 0.25 0.033203125 0.033203125
0 0.7685546875 0.25390625 0.033203125 0.033203125
0 0.7861328125 0.25390625 0.033203125 0.033203125
0 0.8046875 0.2587890625 0.033203125 0.033203125
0 0.138671875 0.26171875 0.033203125 0.033203125
0 0.8232421875 0.2666015625 0.033203125 0.033203125
0 0.85546875 0.2685546875 0.033203125 0.033203125
0 0.916015625 0.2685546875 0.033203125 0.033203125
0 0.8369140625 0.2734375 0.033203125 0.033203125
0 0.134765625 0.2802734375 0.033203125 0.033203125
0 0.73046875 0.283203125 0.033203125 0.033203125
0 0.7255859375 0.3046875 0.033203125 0.033203125
0 0.9189453125 0.3076171875 0.033203125 0.033203125
0 0.9111328125 0.328125 0.033203125 0.033203125
0 0.251953125 0.3505859375 0.033203125 0.033203125
0 0.0595703125 0.515625 0.033203125 0.033203125
0 0.3759765625 0.572265625 0.033203125 0.033203125
0 0.3955078125 0.572265625 0.033203125 0.033203125
0 0.64453125 0.5732421875 0.033203125 0.033203125
0 0.1748046875 0.576171875 0.033203125 0.033203125
0 0.7373046875 0.576171875 0.033203125 0.033203125
0 0.779296875 0.578125 0.033203125 0.033203125
0 0.7939453125 0.580078125 0.033203125 0.033203125
0 0.7626953125 0.5830078125 0.033203125 0.033203125
0 0.18359375 0.607421875 0.033203125 0.033203125
0 0.421875 0.6142578125 0.033203125 0.033203125
0 0.40234375 0.6162109375 0.033203125 0.033203125
0 0.4365234375 0.6162109375 0.033203125 0.033203125
0 0.197265625 0.62109375 0.033203125 0.033203125
0 0.4619140625 0.6435546875 0.033203125 0.033203125
0 0.1943359375 0.654296875 0.033203125 0.033203125
0 0.4384765625 0.73828125 0.033203125 0.033203125
0 0.4384765625 0.8916015625 0.033203125 0.033203125
0 0.455078125 0.91796875 0.033203125 0.033203125
0 0.455078125 0.974609375 0.033203125 0.033203125
0 0.5517578125 0.98876953125 0.033203125 0.0224609375