0 0.4775390625 0.22265625 0.033203125 0.033203125
0 0.86328125 0.3447265625 0.033203125 0.033203125
0 0.8837890625 0.3515625 0.033203125 0.033203125
0 0.029296875 0.587890625 0.033203125 0.033203125
0 0.8193359375 0.6220703125 0.033203125 0.033203125
0 0.8154296875 0.63671875 0.033203125 0.033203125
0 0.828125 0.6552734375 0.033203125 0.033203125
0 0.8251953125 0.6708984375 0.033203125 0.033203125
0 0.9541015625 0.7060546875 0.033203125 0.033203125
0 0.8193359375 0.7080078125 0.033203125 0.033203125
0 0.9794921875 0.71484375 0.033203125 0.033203125
0 0.8193359375 0.74609375 0.033203125 0.033203125
0 0.8125 0.783203125 0.033203125 0.033203125