0 0.73828125 0.509765625 0.033203125 0.033203125
0 0.193359375 0.6943359375 0.033203125 0.033203125
0 0.232421875 0.705078125 0.033203125 0.033203125
0 0.265625 0.712890625 0.033203125 0.033203125
0 0.310546875 0.7275390625 0.033203125 0.033203125
0 0.3486328125 0.7373046875 0.033203125 0.033203125
0 0.3798828125 0.7451171875 0.033203125 0.033203125
0 0.421875 0.755859375 0.033203125 0.033203125
0 0.4521484375 0.763671875 0.033203125 0.033203125
0 0.2626953125 0.767578125 0.033203125 0.033203125
0 0.296875 0.76953125 0.033203125 0.033203125
0 0.5302734375 0.783203125 0.033203125 0.033203125
0 0.625 0.802734375 0.033203125 0.033203125
0 0.6708984375 0.8056640625 0.033203125 0.033203125
0 0.7119140625 0.806640625 0.033203125 0.033203125
0 0.8720703125 0.8173828125 0.033203125 0.033203125
0 0.4404296875 0.8232421875 0.033203125 0.033203125
0 0.4775390625 0.826171875 0.033203125 0.033203125
0 0.9833984375 0.826171875 0.033203125 0.033203125
0 0.5498046875 0.833984375 0.033203125 0.033203125
0 0.267578125 0.8564453125 0.033203125 0.033203125
0 0.2509765625 0.865234375 0.033203125 0.033203125
0 0.2109375 0.8701171875 0.033203125 0.033203125
0 0.818359375 0.8935546875 0.033203125 0.033203125