0 0.62890625 0.0322265625 0.033203125 0.033203125
0 0.607421875 0.0703125 0.033203125 0.033203125
0 0.58984375 0.099609375 0.033203125 0.033203125
0 0.5498046875 0.162109375 0.033203125 0.033203125
0 0.23828125 0.1826171875 0.033203125 0.033203125
0 0.5263671875 0.19921875 0.033203125 0.033203125
0 0.4951171875 0.25 0.033203125 0.033203125
0 0.3681640625 0.4365234375 0.033203125 0.033203125
0 0.041015625 0.509765625 0.033203125 0.033203125
0 0.283203125 0.7080078125 0.033203125 0.033203125
0 0.3291015625 0.826171875 0.033203125 0.033203125
0 0.2998046875 0.880859375 0.033203125 0.033203125
0 0.3203125 0.91015625 0.033203125 0.033203125
0 0.337890625 0.9453125 0.033203125 0.033203125
0 0.2578125 0.982421875 0.033203125 0.033203125
0 0.3486328125 0.98486328125 0.033203125 0.0302734375