0 0.6279296875 0.0078125 0.033203125 0.015625
0 0.6279296875 0.00830078125 0.033203125 0.0166015625
0 0.408203125 0.01416015625 0.033203125 0.0283203125
0 0.162109375 0.3125 0.033203125 0.033203125
0 0.9189453125 0.595703125 0.033203125 0.033203125
0 0.904296875 0.6044921875 0.033203125 0.033203125
0 0.884765625 0.607421875 0.033203125 0.033203125
0 0.853515625 0.6240234375 0.033203125 0.033203125
0 0.9384765625 0.650390625 0.033203125 0.033203125
0 0.904296875 0.6650390625 0.033203125 0.033203125
0 0.6689453125 0.7392578125 0.033203125 0.033203125
0 0.67578125 0.7568359375 0.033203125 0.033203125
0 0.6845703125 0.775390625 0.033203125 0.033203125
0 0.6923828125 0.7900390625 0.033203125 0.033203125
0 0.9482421875 0.791015625 0.033203125 0.033203125
0 0.2060546875 0.8056640625 0.033203125 0.033203125
0 0.9130859375 0.806640625 0.033203125 0.033203125
0 0.58984375 0.8154296875 0.033203125 0.033203125
0 0.0595703125 0.8486328125 0.033203125 0.033203125
0 0.544921875 0.8603515625 0.033203125 0.033203125
0 0.5888671875 0.861328125 0.033203125 0.033203125
0 0.646484375 0.8671875 0.033203125 0.033203125
0 0.552734375 0.873046875 0.033203125 0.033203125
0 0.7177734375 0.87890625 0.033203125 0.033203125
0 0.541015625 0.99072265625 0.033203125 0.0185546875