0 0.0927734375 0.0634765625 0.033203125 0.033203125
0 0.2216796875 0.08984375 0.033203125 0.033203125
0 0.1103515625 0.0986328125 0.033203125 0.033203125
0 0.1484375 0.1630859375 0.033203125 0.033203125
0 0.048828125 0.1796875 0.033203125 0.033203125
0 0.1630859375 0.1962890625 0.033203125 0.033203125
0 0.8173828125 0.232421875 0.033203125 0.033203125
0 0.1826171875 0.2333984375 0.033203125 0.033203125
0 0.4716796875 0.2490234375 0.033203125 0.033203125
0 0.1962890625 0.2587890625 0.033203125 0.033203125
0 0.2138671875 0.2978515625 0.033203125 0.033203125
0 0.2431640625 0.361328125 0.033203125 0.033203125
0 0.44140625 0.3896484375 0.033203125 0.033203125
0 0.26171875 0.39453125 0.033203125 0.033203125
0 0.90625 0.4072265625 0.033203125 0.033203125
0 0.9287109375 0.4072265625 0.033203125 0.033203125
0 0.9853515625 0.4189453125 0.029296875 0.033203125
0 0.951171875 0.421875 0.033203125 0.033203125
0 0.28125 0.431640625 0.033203125 0.033203125
0 0.8779296875 0.4521484375 0.033203125 0.033203125
0 0.2958984375 0.4638671875 0.033203125 0.033203125
0 0.6484375 0.6298828125 0.033203125 0.033203125
0 0.40234375 0.6455078125 0.033203125 0.033203125
0 0.818359375 0.69140625 0.033203125 0.033203125
0 0.4375 0.7138671875 0.033203125 0.033203125
0 0.470703125 0.7841796875 0.033203125 0.033203125
0 0.4892578125 0.8173828125 0.033203125 0.033203125
0 0.4189453125 0.849609375 0.033203125 0.033203125
0 0.4892578125 0.857421875 0.033203125 0.033203125
0 0.625 0.8681640625 0.033203125 0.033203125
0 0.5810546875 0.90625 0.033203125 0.033203125
0 0.5 0.9130859375 0.033203125 0.033203125
0 0.4482421875 0.9892578125 0.033203125 0.021484375