0 0.5625 0.00830078125 0.033203125 0.0166015625
0 0.4052734375 0.060546875 0.033203125 0.033203125
0 0.40234375 0.0947265625 0.033203125 0.033203125
0 0.634765625 0.0947265625 0.033203125 0.033203125
0 0.654296875 0.1015625 0.033203125 0.033203125
0 0.66796875 0.1083984375 0.033203125 0.033203125
0 0.6845703125 0.111328125 0.033203125 0.033203125
0 0.7216796875 0.1142578125 0.033203125 0.033203125
0 0.73828125 0.1220703125 0.033203125 0.033203125
0 0.3984375 0.1318359375 0.033203125 0.033203125
0 0.75390625 0.1328125 0.033203125 0.033203125
0 0.6162109375 0.1650390625 0.033203125 0.033203125
0 0.3935546875 0.16796875 0.033203125 0.033203125
0 0.634765625 0.1708984375 0.033203125 0.033203125
0 0.5751953125 0.173828125 0.033203125 0.033203125
0 0.6767578125 0.17578125 0.033203125 0.033203125
0 0.6552734375 0.177734375 0.033203125 0.033203125
0 0.685546875 0.1923828125 0.033203125 0.033203125
0 0.705078125 0.1962890625 0.033203125 0.033203125
0 0.3857421875 0.208984375 0.033203125 0.033203125
0 0.72265625 0.2099609375 0.033203125 0.033203125
0 0.1533203125 0.244140625 0.033203125 0.033203125
0 0.0390625 0.2607421875 0.033203125 0.033203125
0 0.0888671875 0.2724609375 0.033203125 0.033203125
0 0.37890625 0.2822265625 0.033203125 0.033203125
0 0.98828125 0.2822265625 0.0234375 0.033203125
0 0.01953125 0.3046875 0.033203125 0.033203125
0 0.0595703125 0.31640625 0.033203125 0.033203125
0 0.9716796875 0.3173828125 0.033203125 0.033203125
0 0.0791015625 0.3212890625 0.033203125 0.033203125
0 0.1025390625 0.3291015625 0.033203125 0.033203125
0 0.958984375 0.3486328125 0.033203125 0.033203125
0 0.1630859375 0.35546875 0.033203125 0.033203125
0 0.19921875 0.3681640625 0.033203125 0.033203125
0 0.943359375 0.376953125 0.033203125 0.033203125
0 0.0234375 0.3828125 0.033203125 0.033203125
0 0.0390625 0.390625 0.033203125 0.033203125
0 0.060546875 0.396484375 0.033203125 0.033203125
0 0.1015625 0.4091796875 0.033203125 0.033203125
0 0.1357421875 0.41796875 0.033203125 0.033203125
0 0.23046875 0.41796875 0.033203125 0.033203125
0 0.1513671875 0.4248046875 0.033203125 0.033203125
0 0.169921875 0.427734375 0.033203125 0.033203125
0 0.2314453125 0.4375 0.033203125 0.033203125
0 0.357421875 0.4423828125 0.033203125 0.033203125
0 0.951171875 0.4501953125 0.033203125 0.033203125
0 0.98828125 0.458984375 0.0234375 0.033203125
0 0.015625 0.466796875 0.03125 0.033203125
0 0.068359375 0.470703125 0.033203125 0.033203125
0 0.033203125 0.47265625 0.033203125 0.033203125
0 0.033203125 0.4736328125 0.033203125 0.033203125
0 0.0908203125 0.4736328125 0.033203125 0.033203125
0 0.8837890625 0.4873046875 0.033203125 0.033203125
0 0.1083984375 0.490234375 0.033203125 0.033203125
0 0.33203125 0.4951171875 0.033203125 0.033203125
0 0.224609375 0.5 0.033203125 0.033203125
0 0.1455078125 0.5048828125 0.033203125 0.033203125
0 0.2216796875 0.517578125 0.033203125 0.033203125
0 0.34765625 0.52734375 0.033203125 0.033203125
0 0.8515625 0.5556640625 0.033203125 0.033203125
0 0.34375 0.572265625 0.033203125 0.033203125
0 0.8232421875 0.609375 0.033203125 0.033203125
0 0.0498046875 0.6259765625 0.033203125 0.033203125
0 0.8056640625 0.6435546875 0.033203125 0.033203125
0 0.9189453125 0.6640625 0.033203125 0.033203125
0 0.734375 0.701171875 0.033203125 0.033203125
0 0.9453125 0.724609375 0.033203125 0.033203125
0 0.861328125 0.728515625 0.033203125 0.033203125
0 0.7607421875 0.73046875 0.033203125 0.033203125
0 0.2587890625 0.7412109375 0.033203125 0.033203125
0 0.6904296875 0.74609375 0.033203125 0.033203125
0 0.0615234375 0.7548828125 0.033203125 0.033203125
0 0.322265625 0.759765625 0.033203125 0.033203125
0 0.74609375 0.7646484375 0.033203125 0.033203125
0 0.0537109375 0.79296875 0.033203125 0.033203125
0 0.9765625 0.8134765625 0.033203125 0.033203125
0 0.99072265625 0.8134765625 0.0185546875 0.033203125
0 0.31640625 0.8212890625 0.033203125 0.033203125
0 0.919921875 0.82421875 0.033203125 0.033203125
0 0.3115234375 0.859375 0.033203125 0.033203125
0 0.6923828125 0.8916015625 0.033203125 0.033203125
0 0.8056640625 0.892578125 0.033203125 0.033203125
0 0.67578125 0.92578125 0.033203125 0.033203125