0 0.443359375 0.0244140625 0.033203125 0.033203125
0 0.5068359375 0.0244140625 0.033203125 0.033203125
0 0.400390625 0.0361328125 0.033203125 0.033203125
0 0.3720703125 0.0419921875 0.033203125 0.033203125
0 0.3291015625 0.0556640625 0.033203125 0.033203125
0 0.4716796875 0.0595703125 0.033203125 0.033203125
0 0.3544921875 0.0673828125 0.033203125 0.033203125
0 0.2724609375 0.0703125 0.033203125 0.033203125
0 0.314453125 0.0791015625 0.033203125 0.033203125
0 0.2333984375 0.0849609375 0.033203125 0.033203125
0 0.2705078125 0.091796875 0.033203125 0.033203125
0 0.1572265625 0.0927734375 0.033203125 0.033203125
0 0.3251953125 0.1025390625 0.033203125 0.033203125
0 0.23046875 0.1064453125 0.033203125 0.033203125
0 0.1767578125 0.1103515625 0.033203125 0.033203125
0 0.8935546875 0.1240234375 0.033203125 0.033203125
0 0.19140625 0.125 0.033203125 0.033203125
0 0.2314453125 0.1474609375 0.033203125 0.033203125
0 0.7109375 0.1669921875 0.033203125 0.033203125
0 0.6689453125 0.177734375 0.033203125 0.033203125
0 0.01513671875 0.181640625 0.0302734375 0.033203125
0 0.625 0.1865234375 0.033203125 0.033203125
0 0.5869140625 0.1943359375 0.033203125 0.033203125
0 0.546875 0.2060546875 0.033203125 0.033203125
0 0.50390625 0.2177734375 0.033203125 0.033203125
0 0.0830078125 0.2265625 0.033203125 0.033203125
0 0.421875 0.3447265625 0.033203125 0.033203125
0 0.1708984375 0.3583984375 0.033203125 0.033203125
0 0.19921875 0.3857421875 0.033203125 0.033203125
0 0.4375 0.41796875 0.033203125 0.033203125
0 0.21484375 0.4267578125 0.033203125 0.033203125
0 0.63671875 0.4287109375 0.033203125 0.033203125
0 0.6376953125 0.44921875 0.033203125 0.033203125
0 0.4462890625 0.4580078125 0.033203125 0.033203125
0 0.6416015625 0.4951171875 0.033203125 0.033203125
0 0.6728515625 0.5087890625 0.033203125 0.033203125
0 0.2431640625 0.5341796875 0.033203125 0.033203125
0 0.4619140625 0.5361328125 0.033203125 0.033203125
0 0.255859375 0.583984375 0.033203125 0.033203125
0 0.478515625 0.6123046875 0.033203125 0.033203125
0 0.275390625 0.6416015625 0.033203125 0.033203125
0 0.4873046875 0.6455078125 0.033203125 0.033203125
0 0.4951171875 0.68359375 0.033203125 0.033203125
0 0.2919921875 0.708984375 0.033203125 0.033203125
0 0.5009765625 0.71875 0.033203125 0.033203125
0 0.6435546875 0.740234375 0.033203125 0.033203125
0 0.5126953125 0.7607421875 0.033203125 0.033203125
0 0.3193359375 0.7998046875 0.033203125 0.033203125
0 0.5400390625 0.8837890625 0.033203125 0.033203125
0 0.546875 0.9140625 0.033203125 0.033203125
0 0.5546875 0.953125 0.033203125 0.033203125
0 0.9765625 0.9765625 0.033203125 0.033203125
0 0.95703125 0.9814453125 0.033203125 0.033203125
0 0.9326171875 0.9833984375 0.033203125 0.033203125
0 0.3720703125 0.986328125 0.033203125 0.02734375
0 0.9111328125 0.986328125 0.033203125 0.02734375
0 0.857421875 0.9892578125 0.033203125 0.021484375
0 0.8935546875 0.9892578125 0.033203125 0.021484375