0 0.140625 0.05078125 0.033203125 0.033203125
0 0.1259765625 0.0830078125 0.033203125 0.033203125
0 0.1005859375 0.150390625 0.033203125 0.033203125
0 0.0693359375 0.216796875 0.033203125 0.033203125
0 0.048828125 0.26171875 0.033203125 0.033203125
0 0.03515625 0.298828125 0.033203125 0.033203125
0 0.0205078125 0.3359375 0.033203125 0.033203125
0 0.01171875 0.3720703125 0.0234375 0.033203125
0 0.609375 0.8662109375 0.033203125 0.033203125
0 0.748046875 0.908203125 0.033203125 0.033203125
0 0.775390625 0.99072265625 0.033203125 0.0185546875