0 0.1953125 0.00830078125 0.033203125 0.0166015625
0 0.171875 0.037109375 0.033203125 0.033203125
0 0.5244140625 0.2109375 0.033203125 0.033203125
0 0.4921875 0.2607421875 0.033203125 0.033203125
0 0.375 0.4150390625 0.033203125 0.033203125
0 0.275390625 0.55078125 0.033203125 0.033203125
0 0.1025390625 0.76171875 0.033203125 0.033203125
0 0.1962890625 0.8955078125 0.033203125 0.033203125
0 0.2158203125 0.9384765625 0.033203125 0.033203125
0 0.140625 0.96875 0.033203125 0.033203125
0 0.1455078125 0.98583984375 0.033203125 0.0283203125