0 0.79296875 0.01171875 0.033203125 0.0234375
0 0.4951171875 0.03515625 0.033203125 0.033203125
0 0.931640625 0.056640625 0.033203125 0.033203125
0 0.9794921875 0.0751953125 0.033203125 0.033203125
0 0.4521484375 0.1875 0.033203125 0.033203125
0 0.763671875 0.236328125 0.033203125 0.033203125
0 0.4306640625 0.25390625 0.033203125 0.033203125
0 0.8154296875 0.3017578125 0.033203125 0.033203125
0 0.4130859375 0.3095703125 0.033203125 0.033203125
0 0.85546875 0.314453125 0.033203125 0.033203125
0 0.9248046875 0.341796875 0.033203125 0.033203125
0 0.39453125 0.3515625 0.033203125 0.033203125
0 0.3857421875 0.38671875 0.033203125 0.033203125
0 0.3359375 0.53515625 0.033203125 0.033203125
0 0.3359375 0.5537109375 0.033203125 0.033203125
0 0.181640625 0.5751953125 0.033203125 0.033203125
0 0.8349609375 0.6123046875 0.033203125 0.033203125
0 0.9189453125 0.6142578125 0.033203125 0.033203125
0 0.826171875 0.626953125 0.033203125 0.033203125
0 0.5595703125 0.630859375 0.033203125 0.033203125
0 0.9501953125 0.650390625 0.033203125 0.033203125
0 0.697265625 0.6748046875 0.033203125 0.033203125
0 0.3251953125 0.7294921875 0.033203125 0.033203125
0 0.3203125 0.75 0.033203125 0.033203125
0 0.2626953125 0.8408203125 0.033203125 0.033203125
0 0.240234375 0.90625 0.033203125 0.033203125
0 0.1728515625 0.935546875 0.033203125 0.033203125
0 0.2314453125 0.943359375 0.033203125 0.033203125