0 0.01025390625 0.01416015625 0.0205078125 0.0283203125
0 0.2060546875 0.01416015625 0.033203125 0.0283203125
0 0.1669921875 0.0712890625 0.033203125 0.033203125
0 0.0185546875 0.1142578125 0.033203125 0.033203125
0 0.037109375 0.1171875 0.033203125 0.033203125
0 0.0625 0.125 0.033203125 0.033203125
0 0.0791015625 0.1337890625 0.033203125 0.033203125
0 0.12109375 0.1435546875 0.033203125 0.033203125
0 0.138671875 0.150390625 0.033203125 0.033203125
0 0.0810546875 0.2177734375 0.033203125 0.033203125
0 0.189453125 0.396484375 0.033203125 0.033203125
0 0.181640625 0.4267578125 0.033203125 0.033203125
0 0.1728515625 0.4599609375 0.033203125 0.033203125
0 0.1533203125 0.5205078125 0.033203125 0.033203125
0 0.1298828125 0.5986328125 0.033203125 0.033203125
0 0.98876953125 0.7783203125 0.0224609375 0.033203125
0 0.0654296875 0.8056640625 0.033203125 0.033203125
0 0.1015625 0.841796875 0.033203125 0.033203125
0 0.2119140625 0.8525390625 0.033203125 0.033203125
0 0.98388671875 0.8740234375 0.0322265625 0.033203125
0 0.5234375 0.95703125 0.033203125 0.033203125
0 0.974609375 0.96484375 0.033203125 0.033203125