0 0.212890625 0.01611328125 0.033203125 0.0322265625
0 0.7900390625 0.0576171875 0.033203125 0.033203125
0 0.462890625 0.060546875 0.033203125 0.033203125
0 0.171875 0.0703125 0.033203125 0.033203125
0 0.7138671875 0.099609375 0.033203125 0.033203125
0 0.0732421875 0.107421875 0.033203125 0.033203125
0 0.8701171875 0.115234375 0.033203125 0.033203125
0 0.8740234375 0.1337890625 0.033203125 0.033203125
0 0.18359375 0.162109375 0.033203125 0.033203125
0 0.6826171875 0.1669921875 0.033203125 0.033203125
0 0.765625 0.173828125 0.033203125 0.033203125
0 0.55859375 0.3017578125 0.033203125 0.033203125
0 0.5673828125 0.3173828125 0.033203125 0.033203125
0 0.5849609375 0.337890625 0.033203125 0.033203125
0 0.5888671875 0.3603515625 0.033203125 0.033203125
0 0.5947265625 0.3759765625 0.033203125 0.033203125
0 0.615234375 0.412109375 0.033203125 0.033203125
0 0.625 0.4306640625 0.033203125 0.033203125
0 0.662109375 0.509765625 0.033203125 0.033203125
0 0.580078125 0.515625 0.033203125 0.033203125
0 0.501953125 0.541015625 0.033203125 0.033203125
0 0.681640625 0.5537109375 0.033203125 0.033203125
0 0.7412109375 0.560546875 0.033203125 0.033203125
0 0.787109375 0.599609375 0.033203125 0.033203125
0 0.796875 0.61328125 0.033203125 0.033203125
0 0.8095703125 0.6298828125 0.033203125 0.033203125
0 0.73828125 0.6455078125 0.033203125 0.033203125
0 0.6640625 0.7236328125 0.033203125 0.033203125
0 0.75 0.830078125 0.033203125 0.033203125
0 0.853515625 0.955078125 0.033203125 0.033203125
0 0.798828125 0.9697265625 0.033203125 0.033203125