0 0.98779296875 0.0986328125 0.0244140625 0.033203125
0 0.9521484375 0.111328125 0.033203125 0.033203125
0 0.93359375 0.326171875 0.033203125 0.033203125
0 0.9150390625 0.484375 0.033203125 0.033203125
0 0.8828125 0.50390625 0.033203125 0.033203125
0 0.126953125 0.73828125 0.033203125 0.033203125
0 0.0576171875 0.74609375 0.033203125 0.033203125
0 0.078125 0.75 0.033203125 0.033203125
0 0.041015625 0.7587890625 0.033203125 0.033203125
0 0.2373046875 0.7802734375 0.033203125 0.033203125
0 0.216796875 0.78125 0.033203125 0.033203125
0 0.74609375 0.7822265625 0.033203125 0.033203125
0 0.6806640625 0.80078125 0.033203125 0.033203125
0 0.1279296875 0.8017578125 0.033203125 0.033203125
0 0.080078125 0.81640625 0.033203125 0.033203125
0 0.05859375 0.8193359375 0.033203125 0.033203125
0 0.693359375 0.8359375 0.033203125 0.033203125
0 0.7021484375 0.9345703125 0.033203125 0.033203125