0 0.630859375 0.037109375 0.033203125 0.033203125
0 0.396484375 0.056640625 0.033203125 0.033203125
0 0.607421875 0.07421875 0.033203125 0.033203125
0 0.3916015625 0.1083984375 0.033203125 0.033203125
0 0.5830078125 0.111328125 0.033203125 0.033203125
0 0.568359375 0.138671875 0.033203125 0.033203125
0 0.9697265625 0.1904296875 0.033203125 0.033203125
0 0.62890625 0.2568359375 0.033203125 0.033203125
0 0.6552734375 0.2783203125 0.033203125 0.033203125
0 0.4775390625 0.2900390625 0.033203125 0.033203125
0 0.6865234375 0.3017578125 0.033203125 0.033203125
0 0.8994140625 0.3173828125 0.033203125 0.033203125
0 0.880859375 0.3251953125 0.033203125 0.033203125
0 0.4580078125 0.326171875 0.033203125 0.033203125
0 0.84375 0.330078125 0.033203125 0.033203125
0 0.8642578125 0.3330078125 0.033203125 0.033203125
0 0.6259765625 0.34765625 0.033203125 0.033203125
0 0.833984375 0.3505859375 0.033203125 0.033203125
0 0.2822265625 0.3564453125 0.033203125 0.033203125
0 0.2568359375 0.40625 0.033203125 0.033203125
0 0.4033203125 0.44921875 0.033203125 0.033203125
0 0.3701171875 0.5205078125 0.033203125 0.033203125
0 0.3583984375 0.556640625 0.033203125 0.033203125
0 0.341796875 0.59765625 0.033203125 0.033203125
0 0.3095703125 0.693359375 0.033203125 0.033203125
0 0.296875 0.728515625 0.033203125 0.033203125
0 0.2880859375 0.7646484375 0.033203125 0.033203125
0 0.2744140625 0.833984375 0.033203125 0.033203125
0 0.2783203125 0.8662109375 0.033203125 0.033203125
0 0.07421875 0.876953125 0.033203125 0.033203125
0 0.298828125 0.8955078125 0.033203125 0.033203125
0 0.103515625 0.908203125 0.033203125 0.033203125
0 0.134765625 0.97265625 0.033203125 0.033203125