0 0.125 0.18359375 0.033203125 0.033203125
0 0.99072265625 0.291015625 0.0185546875 0.033203125
0 0.962890625 0.298828125 0.033203125 0.033203125
0 0.5537109375 0.302734375 0.033203125 0.033203125
0 0.9189453125 0.30859375 0.033203125 0.033203125
0 0.873046875 0.31640625 0.033203125 0.033203125
0 0.8369140625 0.326171875 0.033203125 0.033203125
0 0.8017578125 0.3330078125 0.033203125 0.033203125
0 0.765625 0.3388671875 0.033203125 0.033203125
0 0.7314453125 0.34765625 0.033203125 0.033203125
0 0.98486328125 0.3505859375 0.0302734375 0.033203125
0 0.6787109375 0.3603515625 0.033203125 0.033203125
0 0.9423828125 0.36328125 0.033203125 0.033203125
0 0.6474609375 0.3681640625 0.033203125 0.033203125
0 0.9052734375 0.3701171875 0.033203125 0.033203125
0 0.92578125 0.3701171875 0.033203125 0.033203125
0 0.8857421875 0.375 0.033203125 0.033203125
0 0.869140625 0.37890625 0.033203125 0.033203125
0 0.7392578125 0.3818359375 0.033203125 0.033203125
0 0.849609375 0.3837890625 0.033203125 0.033203125
0 0.830078125 0.38671875 0.033203125 0.033203125
0 0.548828125 0.3896484375 0.033203125 0.033203125
0 0.8095703125 0.3896484375 0.033203125 0.033203125
0 0.509765625 0.396484375 0.033203125 0.033203125
0 0.70703125 0.396484375 0.033203125 0.033203125
0 0.4384765625 0.4033203125 0.033203125 0.033203125
0 0.392578125 0.404296875 0.033203125 0.033203125
0 0.3544921875 0.408203125 0.033203125 0.033203125
0 0.3232421875 0.4091796875 0.033203125 0.033203125
0 0.2880859375 0.41015625 0.033203125 0.033203125
0 0.244140625 0.4130859375 0.033203125 0.033203125
0 0.19921875 0.4150390625 0.033203125 0.033203125
0 0.1484375 0.41796875 0.033203125 0.033203125
0 0.107421875 0.419921875 0.033203125 0.033203125
0 0.685546875 0.427734375 0.033203125 0.033203125
0 0.5205078125 0.439453125 0.033203125 0.033203125
0 0.5498046875 0.439453125 0.033203125 0.033203125
0 0.4892578125 0.4423828125 0.033203125 0.033203125
0 0.4541015625 0.4443359375 0.033203125 0.033203125
0 0.4130859375 0.4462890625 0.033203125 0.033203125
0 0.3759765625 0.44921875 0.033203125 0.033203125
0 0.3359375 0.453125 0.033203125 0.033203125
0 0.2744140625 0.4541015625 0.033203125 0.033203125
0 0.2353515625 0.455078125 0.033203125 0.033203125
0 0.14453125 0.458984375 0.033203125 0.033203125
0 0.107421875 0.4609375 0.033203125 0.033203125
0 0.576171875 0.4609375 0.033203125 0.033203125
0 0.9375 0.48046875 0.033203125 0.033203125
0 0.8642578125 0.4814453125 0.033203125 0.033203125
0 0.8642578125 0.482421875 0.033203125 0.033203125
0 0.8828125 0.482421875 0.033203125 0.033203125
0 0.900390625 0.482421875 0.033203125 0.033203125
0 0.9541015625 0.4833984375 0.033203125 0.033203125
0 0.9189453125 0.484375 0.033203125 0.033203125
0 0.5751953125 0.4970703125 0.033203125 0.033203125
0 0.7529296875 0.50390625 0.033203125 0.033203125
0 0.783203125 0.5048828125 0.033203125 0.033203125
0 0.40234375 0.5068359375 0.033203125 0.033203125
0 0.830078125 0.5068359375 0.033203125 0.033203125
0 0.09375 0.5078125 0.033203125 0.033203125
0 0.1240234375 0.5087890625 0.033203125 0.033203125
0 0.31640625 0.5087890625 0.033203125 0.033203125
0 0.3544921875 0.5087890625 0.033203125 0.033203125
0 0.4375 0.5087890625 0.033203125 0.033203125
0 0.5234375 0.5087890625 0.033203125 0.033203125
0 0.2900390625 0.509765625 0.033203125 0.033203125
0 0.0205078125 0.5107421875 0.033203125 0.033203125
0 0.05078125 0.5107421875 0.033203125 0.033203125
0 0.251953125 0.5107421875 0.033203125 0.033203125
0 0.484375 0.5107421875 0.033203125 0.033203125
0 0.1123046875 0.5478515625 0.033203125 0.033203125
0 0.2236328125 0.548828125 0.033203125 0.033203125
0 0.2587890625 0.5498046875 0.033203125 0.033203125
0 0.3544921875 0.5517578125 0.033203125 0.033203125
0 0.40625 0.5517578125 0.033203125 0.033203125
0 0.447265625 0.5517578125 0.033203125 0.033203125
0 0.4892578125 0.5517578125 0.033203125 0.033203125
0 0.6806640625 0.5517578125 0.033203125 0.033203125
0 0.5302734375 0.552734375 0.033203125 0.033203125
0 0.564453125 0.552734375 0.033203125 0.033203125
0 0.6025390625 0.552734375 0.033203125 0.033203125
0 0.6416015625 0.552734375 0.033203125 0.033203125
0 0.6806640625 0.552734375 0.033203125 0.033203125
0 0.765625 0.5546875 0.033203125 0.033203125
0 0.87109375 0.5556640625 0.033203125 0.033203125
0 0.93359375 0.5576171875 0.033203125 0.033203125
0 0.828125 0.55859375 0.033203125 0.033203125
0 0.943359375 0.6298828125 0.033203125 0.033203125
0 0.9404296875 0.6630859375 0.033203125 0.033203125
0 0.947265625 0.681640625 0.033203125 0.033203125
0 0.6650390625 0.7421875 0.033203125 0.033203125
0 0.6591796875 0.7626953125 0.033203125 0.033203125
0 0.9560546875 0.7724609375 0.033203125 0.033203125
0 0.66015625 0.779296875 0.033203125 0.033203125
0 0.716796875 0.8193359375 0.033203125 0.033203125
0 0.138671875 0.8837890625 0.033203125 0.033203125
0 0.5087890625 0.9384765625 0.033203125 0.033203125