0 0.0458984375 0.0185546875 0.033203125 0.033203125
0 0.779296875 0.1025390625 0.033203125 0.033203125
0 0.80078125 0.10546875 0.033203125 0.033203125
0 0.859375 0.11328125 0.033203125 0.033203125
0 0.9287109375 0.126953125 0.033203125 0.033203125
0 0.9501953125 0.1318359375 0.033203125 0.033203125
0 0.5146484375 0.1435546875 0.033203125 0.033203125
0 0.8486328125 0.1796875 0.033203125 0.033203125
0 0.4482421875 0.49609375 0.033203125 0.033203125
0 0.4677734375 0.5498046875 0.033203125 0.033203125
0 0.4609375 0.6123046875 0.033203125 0.033203125
0 0.43359375 0.62890625 0.033203125 0.033203125
0 0.392578125 0.6708984375 0.033203125 0.033203125
0 0.4365234375 0.8037109375 0.033203125 0.033203125
0 0.43359375 0.849609375 0.033203125 0.033203125
0 0.1083984375 0.89453125 0.033203125 0.033203125
0 0.1630859375 0.9052734375 0.033203125 0.033203125
0 0.9541015625 0.935546875 0.033203125 0.033203125
0 0.9697265625 0.94921875 0.033203125 0.033203125
0 0.98486328125 0.955078125 0.0302734375 0.033203125
0 0.126953125 0.970703125 0.033203125 0.033203125
0 0.1455078125 0.974609375 0.033203125 0.033203125