0 0.845703125 0.0703125 0.033203125 0.033203125
0 0.0927734375 0.0869140625 0.033203125 0.033203125
0 0.0751953125 0.12109375 0.033203125 0.033203125
0 0.130859375 0.17578125 0.033203125 0.033203125
0 0.0419921875 0.1884765625 0.033203125 0.033203125
0 0.0263671875 0.21875 0.033203125 0.033203125
0 0.189453125 0.21875 0.033203125 0.033203125
0 0.01220703125 0.2490234375 0.0244140625 0.033203125
0 0.2470703125 0.2509765625 0.033203125 0.033203125
0 0.98486328125 0.27734375 0.0302734375 0.033203125
0 0.3349609375 0.3212890625 0.033203125 0.033203125
0 0.955078125 0.3359375 0.033203125 0.033203125
0 0.98876953125 0.353515625 0.0224609375 0.033203125
0 0.9365234375 0.369140625 0.033203125 0.033203125
0 0.9189453125 0.400390625 0.033203125 0.033203125
0 0.0341796875 0.4169921875 0.033203125 0.033203125
0 0.0712890625 0.4169921875 0.033203125 0.033203125
0 0.177734375 0.4248046875 0.033203125 0.033203125
0 0.2470703125 0.4267578125 0.033203125 0.033203125
0 0.28515625 0.4267578125 0.033203125 0.033203125
0 0.3798828125 0.431640625 0.033203125 0.033203125
0 0.5654296875 0.439453125 0.033203125 0.033203125
0 0.61328125 0.439453125 0.033203125 0.033203125
0 0.712890625 0.4453125 0.033203125 0.033203125
0 0.798828125 0.451171875 0.033203125 0.033203125
0 0.8349609375 0.453125 0.033203125 0.033203125
0 0.048828125 0.4609375 0.033203125 0.033203125
0 0.123046875 0.462890625 0.033203125 0.033203125
0 0.20703125 0.466796875 0.033203125 0.033203125
0 0.287109375 0.46875 0.033203125 0.033203125
0 0.3564453125 0.474609375 0.033203125 0.033203125
0 0.537109375 0.48046875 0.033203125 0.033203125
0 0.615234375 0.4853515625 0.033203125 0.033203125
0 0.744140625 0.4892578125 0.033203125 0.033203125
0 0.78515625 0.4912109375 0.033203125 0.033203125
0 0.8271484375 0.4921875 0.033203125 0.033203125
0 0.8828125 0.5478515625 0.033203125 0.033203125
0 0.9326171875 0.572265625 0.033203125 0.033203125
0 0.54296875 0.6005859375 0.033203125 0.033203125
0 0.384765625 0.6015625 0.033203125 0.033203125
0 0.2099609375 0.607421875 0.033203125 0.033203125
0 0.94140625 0.6103515625 0.033203125 0.033203125
0 0.8984375 0.626953125 0.033203125 0.033203125
0 0.9453125 0.64453125 0.033203125 0.033203125
0 0.1708984375 0.6494140625 0.033203125 0.033203125
0 0.916015625 0.7216796875 0.033203125 0.033203125
0 0.923828125 0.765625 0.033203125 0.033203125
0 0.33203125 0.7685546875 0.033203125 0.033203125
0 0.177734375 0.775390625 0.033203125 0.033203125
0 0.4208984375 0.7763671875 0.033203125 0.033203125
0 0.1611328125 0.7802734375 0.033203125 0.033203125
0 0.1416015625 0.7822265625 0.033203125 0.033203125
0 0.080078125 0.7919921875 0.033203125 0.033203125
0 0.0625 0.796875 0.033203125 0.033203125
0 0.0380859375 0.8046875 0.033203125 0.033203125
0 0.9775390625 0.8212890625 0.033203125 0.033203125
0 0.3173828125 0.8251953125 0.033203125 0.033203125
0 0.3603515625 0.826171875 0.033203125 0.033203125
0 0.375 0.83203125 0.033203125 0.033203125
0 0.3935546875 0.8349609375 0.033203125 0.033203125
0 0.935546875 0.8349609375 0.033203125 0.033203125
0 0.431640625 0.8408203125 0.033203125 0.033203125
0 0.6748046875 0.8408203125 0.033203125 0.033203125
0 0.6552734375 0.8466796875 0.033203125 0.033203125
0 0.98388671875 0.8642578125 0.0322265625 0.033203125
0 0.890625 0.9775390625 0.033203125 0.033203125
0 0.8427734375 0.98388671875 0.033203125 0.0322265625
0 0.8017578125 0.98876953125 0.033203125 0.0224609375