0 0.947265625 0.0595703125 0.033203125 0.033203125
0 0.6474609375 0.1591796875 0.033203125 0.033203125
0 0.1650390625 0.201171875 0.033203125 0.033203125
0 0.0986328125 0.205078125 0.033203125 0.033203125
0 0.1806640625 0.205078125 0.033203125 0.033203125
0 0.029296875 0.2060546875 0.033203125 0.033203125
0 0.044921875 0.2060546875 0.033203125 0.033203125
0 0.115234375 0.2060546875 0.033203125 0.033203125
0 0.19921875 0.2060546875 0.033203125 0.033203125
0 0.0654296875 0.20703125 0.033203125 0.033203125
0 0.0830078125 0.20703125 0.033203125 0.033203125
0 0.1298828125 0.2080078125 0.033203125 0.033203125
0 0.1474609375 0.2080078125 0.033203125 0.033203125
0 0.09765625 0.291015625 0.033203125 0.033203125
0 0.01513671875 0.2939453125 0.0302734375 0.033203125
0 0.1455078125 0.2939453125 0.033203125 0.033203125
0 0.1640625 0.294921875 0.033203125 0.033203125
0 0.0458984375 0.296875 0.033203125 0.033203125
0 0.080078125 0.296875 0.033203125 0.033203125
0 0.1826171875 0.2998046875 0.033203125 0.033203125
0 0.0615234375 0.3037109375 0.033203125 0.033203125
0 0.01318359375 0.328125 0.0263671875 0.033203125
0 0.267578125 0.328125 0.033203125 0.033203125
0 0.0283203125 0.330078125 0.033203125 0.033203125
0 0.0986328125 0.330078125 0.033203125 0.033203125
0 0.11328125 0.33203125 0.033203125 0.033203125
0 0.1982421875 0.3330078125 0.033203125 0.033203125
0 0.12890625 0.333984375 0.033203125 0.033203125
0 0.1455078125 0.333984375 0.033203125 0.033203125
0 0.1630859375 0.3359375 0.033203125 0.033203125
0 0.181640625 0.3369140625 0.033203125 0.033203125
0 0.537109375 0.33984375 0.033203125 0.033203125
0 0.4599609375 0.3671875 0.033203125 0.033203125
0 0.0087890625 0.435546875 0.017578125 0.033203125
0 0.0625 0.443359375 0.033203125 0.033203125
0 0.080078125 0.443359375 0.033203125 0.033203125
0 0.095703125 0.443359375 0.033203125 0.033203125
0 0.0263671875 0.4453125 0.033203125 0.033203125
0 0.126953125 0.4453125 0.033203125 0.033203125
0 0.1796875 0.4453125 0.033203125 0.033203125
0 0.1103515625 0.4462890625 0.033203125 0.033203125
0 0.1611328125 0.4462890625 0.033203125 0.033203125
0 0.1962890625 0.4462890625 0.033203125 0.033203125
0 0.1455078125 0.447265625 0.033203125 0.033203125
0 0.041015625 0.4482421875 0.033203125 0.033203125
0 0.2666015625 0.4658203125 0.033203125 0.033203125
0 0.09375 0.712890625 0.033203125 0.033203125
0 0.146484375 0.7138671875 0.033203125 0.033203125
0 0.0439453125 0.71484375 0.033203125 0.033203125
0 0.078125 0.71484375 0.033203125 0.033203125
0 0.11328125 0.71484375 0.033203125 0.033203125
0 0.1796875 0.7158203125 0.033203125 0.033203125
0 0.130859375 0.716796875 0.033203125 0.033203125
0 0.1630859375 0.7177734375 0.033203125 0.033203125
0 0.01318359375 0.73046875 0.0263671875 0.033203125
0 0.095703125 0.814453125 0.033203125 0.033203125
0 0.1103515625 0.81640625 0.033203125 0.033203125
0 0.1796875 0.8173828125 0.033203125 0.033203125
0 0.0615234375 0.818359375 0.033203125 0.033203125
0 0.12890625 0.8193359375 0.033203125 0.033203125
0 0.076171875 0.8203125 0.033203125 0.033203125
0 0.1455078125 0.8203125 0.033203125 0.033203125
0 0.1611328125 0.8203125 0.033203125 0.033203125
0 0.04296875 0.822265625 0.033203125 0.033203125
0 0.4052734375 0.83203125 0.033203125 0.033203125
0 0.0419921875 0.8505859375 0.033203125 0.033203125
0 0.1103515625 0.8525390625 0.033203125 0.033203125
0 0.126953125 0.8525390625 0.033203125 0.033203125
0 0.1826171875 0.8525390625 0.033203125 0.033203125
0 0.029296875 0.85546875 0.033203125 0.033203125
0 0.0595703125 0.85546875 0.033203125 0.033203125
0 0.0947265625 0.85546875 0.033203125 0.033203125
0 0.1455078125 0.85546875 0.033203125 0.033203125
0 0.013671875 0.8564453125 0.02734375 0.033203125
0 0.162109375 0.857421875 0.033203125 0.033203125
0 0.0791015625 0.859375 0.033203125 0.033203125
0 0.4951171875 0.9365234375 0.033203125 0.033203125
0 0.1298828125 0.9453125 0.033203125 0.033203125
0 0.01171875 0.94921875 0.0234375 0.033203125
0 0.0283203125 0.94921875 0.033203125 0.033203125
0 0.05859375 0.9501953125 0.033203125 0.033203125
0 0.095703125 0.9521484375 0.033203125 0.033203125
0 0.1748046875 0.9521484375 0.033203125 0.033203125
0 0.0439453125 0.953125 0.033203125 0.033203125
0 0.1103515625 0.9541015625 0.033203125 0.033203125
0 0.4462890625 0.98046875 0.033203125 0.033203125
0 0.705078125 0.98486328125 0.033203125 0.0302734375