0 0.3369140625 0.01513671875 0.033203125 0.0302734375
0 0.1806640625 0.0263671875 0.033203125 0.033203125
0 0.9072265625 0.02734375 0.033203125 0.033203125
0 0.3330078125 0.0341796875 0.033203125 0.033203125
0 0.4443359375 0.0419921875 0.033203125 0.033203125
0 0.1416015625 0.1220703125 0.033203125 0.033203125
0 0.9453125 0.1416015625 0.033203125 0.033203125
0 0.0830078125 0.142578125 0.033203125 0.033203125
0 0.052734375 0.1572265625 0.033203125 0.033203125
0 0.095703125 0.1640625 0.033203125 0.033203125
0 0.9599609375 0.18359375 0.033203125 0.033203125
0 0.98046875 0.259765625 0.033203125 0.033203125
0 0.2919921875 0.365234375 0.033203125 0.033203125
0 0.822265625 0.427734375 0.033203125 0.033203125
0 0.3232421875 0.4677734375 0.033203125 0.033203125
0 0.33203125 0.5009765625 0.033203125 0.033203125
0 0.359375 0.5791015625 0.033203125 0.033203125
0 0.98583984375 0.5791015625 0.0283203125 0.033203125
0 0.8486328125 0.583984375 0.033203125 0.033203125
0 0.8154296875 0.59375 0.033203125 0.033203125
0 0.4365234375 0.6708984375 0.033203125 0.033203125
0 0.8173828125 0.6748046875 0.033203125 0.033203125
0 0.78125 0.6875 0.033203125 0.033203125
0 0.7490234375 0.6943359375 0.033203125 0.033203125
0 0.703125 0.697265625 0.033203125 0.033203125
0 0.4501953125 0.7841796875 0.033203125 0.033203125
0 0.412109375 0.802734375 0.033203125 0.033203125
0 0.1904296875 0.818359375 0.033203125 0.033203125
0 0.3349609375 0.8271484375 0.033203125 0.033203125
0 0.150390625 0.8330078125 0.033203125 0.033203125
0 0.28125 0.8505859375 0.033203125 0.033203125
0 0.0634765625 0.859375 0.033203125 0.033203125
0 0.23828125 0.859375 0.033203125 0.033203125
0 0.50390625 0.951171875 0.033203125 0.033203125