0 0.056640625 0.0908203125 0.033203125 0.033203125
0 0.0341796875 0.0986328125 0.033203125 0.033203125
0 0.0849609375 0.1298828125 0.033203125 0.033203125
0 0.0283203125 0.1376953125 0.033203125 0.033203125
0 0.0146484375 0.140625 0.029296875 0.033203125
0 0.01416015625 0.1455078125 0.0283203125 0.033203125
0 0.7958984375 0.2275390625 0.033203125 0.033203125
0 0.052734375 0.2587890625 0.033203125 0.033203125
0 0.037109375 0.26953125 0.033203125 0.033203125
0 0.0185546875 0.2724609375 0.033203125 0.033203125
0 0.4931640625 0.2734375 0.033203125 0.033203125
0 0.00830078125 0.2783203125 0.0166015625 0.033203125
0 0.4482421875 0.283203125 0.033203125 0.033203125
0 0.412109375 0.2998046875 0.033203125 0.033203125
0 0.990234375 0.30859375 0.01953125 0.033203125
0 0.2041015625 0.3095703125 0.033203125 0.033203125
0 0.375 0.3115234375 0.033203125 0.033203125
0 0.1806640625 0.3203125 0.033203125 0.033203125
0 0.1474609375 0.3251953125 0.033203125 0.033203125
0 0.990234375 0.3271484375 0.01953125 0.033203125
0 0.12890625 0.330078125 0.033203125 0.033203125
0 0.296875 0.337890625 0.033203125 0.033203125
0 0.0927734375 0.33984375 0.033203125 0.033203125
0 0.1103515625 0.3427734375 0.033203125 0.033203125
0 0.505859375 0.345703125 0.033203125 0.033203125
0 0.0791015625 0.353515625 0.033203125 0.033203125
0 0.0595703125 0.3544921875 0.033203125 0.033203125
0 0.447265625 0.3662109375 0.033203125 0.033203125
0 0.0107421875 0.3720703125 0.021484375 0.033203125
0 0.41015625 0.37890625 0.033203125 0.033203125
0 0.14453125 0.3828125 0.033203125 0.033203125
0 0.11328125 0.396484375 0.033203125 0.033203125
0 0.0634765625 0.412109375 0.033203125 0.033203125
0 0.2900390625 0.4150390625 0.033203125 0.033203125
0 0.01416015625 0.42578125 0.0283203125 0.033203125
0 0.685546875 0.7119140625 0.033203125 0.033203125
0 0.775390625 0.7587890625 0.033203125 0.033203125
0 0.5126953125 0.7685546875 0.033203125 0.033203125
0 0.7294921875 0.7744140625 0.033203125 0.033203125
0 0.4736328125 0.779296875 0.033203125 0.033203125
0 0.685546875 0.78515625 0.033203125 0.033203125
0 0.4248046875 0.794921875 0.033203125 0.033203125
0 0.6484375 0.7998046875 0.033203125 0.033203125
0 0.5859375 0.818359375 0.033203125 0.033203125
0 0.2890625 0.837890625 0.033203125 0.033203125
0 0.2412109375 0.8525390625 0.033203125 0.033203125
0 0.17578125 0.8720703125 0.033203125 0.033203125
0 0.1357421875 0.888671875 0.033203125 0.033203125
0 0.0439453125 0.9150390625 0.033203125 0.033203125