0 0.75390625 0.021484375 0.033203125 0.033203125
0 0.708984375 0.033203125 0.033203125 0.033203125
0 0.697265625 0.078125 0.033203125 0.033203125
0 0.564453125 0.08203125 0.033203125 0.033203125
0 0.4384765625 0.1181640625 0.033203125 0.033203125
0 0.7880859375 0.1513671875 0.033203125 0.033203125
0 0.904296875 0.154296875 0.033203125 0.033203125
0 0.6689453125 0.1650390625 0.033203125 0.033203125
0 0.6337890625 0.1826171875 0.033203125 0.033203125
0 0.2373046875 0.1845703125 0.033203125 0.033203125
0 0.23828125 0.1845703125 0.033203125 0.033203125
0 0.7099609375 0.185546875 0.033203125 0.033203125
0 0.1943359375 0.1953125 0.033203125 0.033203125
0 0.681640625 0.197265625 0.033203125 0.033203125
0 0.5615234375 0.2705078125 0.033203125 0.033203125
0 0.494140625 0.2900390625 0.033203125 0.033203125
0 0.638671875 0.291015625 0.033203125 0.033203125
0 0.3837890625 0.31640625 0.033203125 0.033203125
0 0.4052734375 0.322265625 0.033203125 0.033203125
0 0.4287109375 0.33203125 0.033203125 0.033203125
0 0.4150390625 0.3525390625 0.033203125 0.033203125
0 0.3330078125 0.35546875 0.033203125 0.033203125
0 0.392578125 0.35546875 0.033203125 0.033203125
0 0.099609375 0.474609375 0.033203125 0.033203125
0 0.703125 0.474609375 0.033203125 0.033203125
0 0.55859375 0.478515625 0.033203125 0.033203125
0 0.033203125 0.4833984375 0.033203125 0.033203125
0 0.01220703125 0.486328125 0.0244140625 0.033203125
0 0.5693359375 0.490234375 0.033203125 0.033203125
0 0.70703125 0.4921875 0.033203125 0.033203125
0 0.7255859375 0.5595703125 0.033203125 0.033203125
0 0.66015625 0.572265625 0.033203125 0.033203125
0 0.822265625 0.7021484375 0.033203125 0.033203125
0 0.6982421875 0.7421875 0.033203125 0.033203125
0 0.2099609375 0.7724609375 0.033203125 0.033203125
0 0.162109375 0.7890625 0.033203125 0.033203125
0 0.1748046875 0.810546875 0.033203125 0.033203125
0 0.2822265625 0.8193359375 0.033203125 0.033203125
0 0.162109375 0.9521484375 0.033203125 0.033203125
0 0.1630859375 0.9521484375 0.033203125 0.033203125
0 0.1279296875 0.955078125 0.033203125 0.033203125
0 0.033203125 0.9736328125 0.033203125 0.033203125