0 0.0849609375 0.021484375 0.033203125 0.033203125
0 0.072265625 0.0546875 0.033203125 0.033203125
0 0.7978515625 0.1181640625 0.033203125 0.033203125
0 0.3134765625 0.2177734375 0.033203125 0.033203125
0 0.2783203125 0.3095703125 0.033203125 0.033203125
0 0.541015625 0.45703125 0.033203125 0.033203125
0 0.966796875 0.48828125 0.033203125 0.033203125
0 0.3603515625 0.515625 0.033203125 0.033203125
0 0.8193359375 0.533203125 0.033203125 0.033203125
0 0.78515625 0.54296875 0.033203125 0.033203125
0 0.2392578125 0.5517578125 0.033203125 0.033203125
0 0.505859375 0.5517578125 0.033203125 0.033203125
0 0.7177734375 0.560546875 0.033203125 0.033203125
0 0.7021484375 0.5732421875 0.033203125 0.033203125
0 0.36328125 0.595703125 0.033203125 0.033203125
0 0.98583984375 0.603515625 0.0283203125 0.033203125
0 0.8466796875 0.6103515625 0.033203125 0.033203125
0 0.9267578125 0.625 0.033203125 0.033203125
0 0.8935546875 0.6357421875 0.033203125 0.033203125
0 0.8759765625 0.642578125 0.033203125 0.033203125
0 0.19921875 0.6484375 0.033203125 0.033203125
0 0.162109375 0.6513671875 0.033203125 0.033203125
0 0.1787109375 0.6513671875 0.033203125 0.033203125
0 0.810546875 0.6611328125 0.033203125 0.033203125
0 0.1318359375 0.6650390625 0.033203125 0.033203125
0 0.1162109375 0.671875 0.033203125 0.033203125
0 0.7568359375 0.677734375 0.033203125 0.033203125
0 0.0947265625 0.6787109375 0.033203125 0.033203125
0 0.0986328125 0.6796875 0.033203125 0.033203125
0 0.01416015625 0.720703125 0.0283203125 0.033203125
0 0.01123046875 0.724609375 0.0224609375 0.033203125
0 0.86328125 0.7265625 0.033203125 0.033203125
0 0.86328125 0.7275390625 0.033203125 0.033203125
0 0.830078125 0.7392578125 0.033203125 0.033203125
0 0.798828125 0.744140625 0.033203125 0.033203125
0 0.8134765625 0.744140625 0.033203125 0.033203125
0 0.6337890625 0.7509765625 0.033203125 0.033203125
0 0.921875 0.7685546875 0.033203125 0.033203125
0 0.7021484375 0.974609375 0.033203125 0.033203125