0 0.3662109375 0.00927734375 0.033203125 0.0185546875
0 0.3916015625 0.080078125 0.033203125 0.033203125
0 0.6044921875 0.091796875 0.033203125 0.033203125
0 0.6044921875 0.0927734375 0.033203125 0.033203125
0 0.6083984375 0.111328125 0.033203125 0.033203125
0 0.923828125 0.1220703125 0.033203125 0.033203125
0 0.408203125 0.1298828125 0.033203125 0.033203125
0 0.3515625 0.2314453125 0.033203125 0.033203125
0 0.5380859375 0.248046875 0.033203125 0.033203125
0 0.6611328125 0.25390625 0.033203125 0.033203125
0 0.658203125 0.28515625 0.033203125 0.033203125
0 0.6708984375 0.302734375 0.033203125 0.033203125
0 0.6796875 0.3154296875 0.033203125 0.033203125
0 0.6875 0.3466796875 0.033203125 0.033203125
0 0.486328125 0.3740234375 0.033203125 0.033203125
0 0.85546875 0.4208984375 0.033203125 0.033203125
0 0.833984375 0.435546875 0.033203125 0.033203125
0 0.421875 0.4482421875 0.033203125 0.033203125
0 0.43359375 0.4853515625 0.033203125 0.033203125
0 0.8564453125 0.50390625 0.033203125 0.033203125
0 0.8388671875 0.5107421875 0.033203125 0.033203125
0 0.8388671875 0.51171875 0.033203125 0.033203125
0 0.7490234375 0.5166015625 0.033203125 0.033203125
0 0.5341796875 0.5205078125 0.033203125 0.033203125
0 0.806640625 0.5244140625 0.033203125 0.033203125
0 0.880859375 0.5830078125 0.033203125 0.033203125
0 0.9765625 0.5830078125 0.033203125 0.033203125
0 0.46875 0.6005859375 0.033203125 0.033203125
0 0.9814453125 0.609375 0.033203125 0.033203125
0 0.98681640625 0.626953125 0.0263671875 0.033203125
0 0.482421875 0.6416015625 0.033203125 0.033203125
0 0.8076171875 0.646484375 0.033203125 0.033203125
0 0.9599609375 0.6875 0.033203125 0.033203125
0 0.783203125 0.9267578125 0.033203125 0.033203125
0 0.732421875 0.947265625 0.033203125 0.033203125