0 0.478515625 0.0517578125 0.033203125 0.033203125
0 0.5791015625 0.0615234375 0.033203125 0.033203125
0 0.080078125 0.275390625 0.033203125 0.033203125
0 0.751953125 0.2998046875 0.033203125 0.033203125
0 0.7509765625 0.3203125 0.033203125 0.033203125
0 0.7958984375 0.3310546875 0.033203125 0.033203125
0 0.671875 0.34375 0.033203125 0.033203125
0 0.6005859375 0.3642578125 0.033203125 0.033203125
0 0.134765625 0.3671875 0.033203125 0.033203125
0 0.5458984375 0.3818359375 0.033203125 0.033203125
0 0.607421875 0.3857421875 0.033203125 0.033203125
0 0.4541015625 0.392578125 0.033203125 0.033203125
0 0.4931640625 0.3984375 0.033203125 0.033203125
0 0.4052734375 0.4052734375 0.033203125 0.033203125
0 0.537109375 0.408203125 0.033203125 0.033203125
0 0.3544921875 0.419921875 0.033203125 0.033203125
0 0.4267578125 0.419921875 0.033203125 0.033203125
0 0.4736328125 0.4248046875 0.033203125 0.033203125
0 0.3779296875 0.4326171875 0.033203125 0.033203125
0 0.419921875 0.447265625 0.033203125 0.033203125
0 0.3798828125 0.4541015625 0.033203125 0.033203125
0 0.6572265625 0.529296875 0.033203125 0.033203125
0 0.1728515625 0.5439453125 0.033203125 0.033203125
0 0.6787109375 0.60546875 0.033203125 0.033203125
0 0.0166015625 0.7255859375 0.033203125 0.033203125
0 0.0263671875 0.7509765625 0.033203125 0.033203125
0 0.34375 0.767578125 0.033203125 0.033203125
0 0.0341796875 0.7724609375 0.033203125 0.033203125
0 0.734375 0.7802734375 0.033203125 0.033203125
0 0.0400390625 0.7919921875 0.033203125 0.033203125
0 0.05078125 0.8291015625 0.033203125 0.033203125
0 0.05859375 0.8486328125 0.033203125 0.033203125
0 0.013671875 0.873046875 0.02734375 0.033203125
0 0.0703125 0.8837890625 0.033203125 0.033203125
0 0.775390625 0.9140625 0.033203125 0.033203125
0 0.98486328125 0.9482421875 0.0302734375 0.033203125
0 0.953125 0.958984375 0.033203125 0.033203125
0 0.0966796875 0.9765625 0.033203125 0.033203125