0 0.255859375 0.0888671875 0.033203125 0.033203125
0 0.2265625 0.095703125 0.033203125 0.033203125
0 0.1689453125 0.11328125 0.033203125 0.033203125
0 0.8837890625 0.1181640625 0.033203125 0.033203125
0 0.1396484375 0.1259765625 0.033203125 0.033203125
0 0.439453125 0.1318359375 0.033203125 0.033203125
0 0.4189453125 0.1357421875 0.033203125 0.033203125
0 0.0732421875 0.140625 0.033203125 0.033203125
0 0.208984375 0.1669921875 0.033203125 0.033203125
0 0.3623046875 0.1689453125 0.033203125 0.033203125
0 0.0224609375 0.2666015625 0.033203125 0.033203125
0 0.81640625 0.3251953125 0.033203125 0.033203125
0 0.890625 0.330078125 0.033203125 0.033203125
0 0.947265625 0.345703125 0.033203125 0.033203125
0 0.61328125 0.3896484375 0.033203125 0.033203125
0 0.96875 0.40625 0.033203125 0.033203125
0 0.9697265625 0.4072265625 0.033203125 0.033203125
0 0.529296875 0.4150390625 0.033203125 0.033203125
0 0.5810546875 0.4267578125 0.033203125 0.033203125
0 0.771484375 0.4384765625 0.033203125 0.033203125
0 0.4404296875 0.443359375 0.033203125 0.033203125
0 0.61328125 0.4521484375 0.033203125 0.033203125
0 0.4013671875 0.4560546875 0.033203125 0.033203125
0 0.79296875 0.4609375 0.033203125 0.033203125
0 0.3603515625 0.4677734375 0.033203125 0.033203125
0 0.4443359375 0.5029296875 0.033203125 0.033203125
0 0.65234375 0.5087890625 0.033203125 0.033203125
0 0.1767578125 0.5263671875 0.033203125 0.033203125
0 0.3017578125 0.5478515625 0.033203125 0.033203125
0 0.0615234375 0.5654296875 0.033203125 0.033203125
0 0.01318359375 0.578125 0.0263671875 0.033203125
0 0.4609375 0.578125 0.033203125 0.033203125
0 0.4501953125 0.6123046875 0.033203125 0.033203125
0 0.4501953125 0.61328125 0.033203125 0.033203125
0 0.4716796875 0.615234375 0.033203125 0.033203125
0 0.1142578125 0.6337890625 0.033203125 0.033203125
0 0.556640625 0.638671875 0.033203125 0.033203125
0 0.076171875 0.6416015625 0.033203125 0.033203125
0 0.0341796875 0.65625 0.033203125 0.033203125
0 0.322265625 0.7333984375 0.033203125 0.033203125
0 0.98876953125 0.740234375 0.0224609375 0.033203125
0 0.931640625 0.759765625 0.033203125 0.033203125
0 0.869140625 0.779296875 0.033203125 0.033203125
0 0.33984375 0.7919921875 0.033203125 0.033203125
0 0.3525390625 0.828125 0.033203125 0.033203125
0 0.365234375 0.8662109375 0.033203125 0.033203125