0 0.1962890625 0.0224609375 0.033203125 0.033203125
0 0.2861328125 0.0244140625 0.033203125 0.033203125
0 0.6103515625 0.02734375 0.033203125 0.033203125
0 0.591796875 0.0322265625 0.033203125 0.033203125
0 0.5703125 0.0380859375 0.033203125 0.033203125
0 0.220703125 0.0390625 0.033203125 0.033203125
0 0.5556640625 0.041015625 0.033203125 0.033203125
0 0.2919921875 0.0458984375 0.033203125 0.033203125
0 0.537109375 0.0498046875 0.033203125 0.033203125
0 0.51953125 0.0556640625 0.033203125 0.033203125
0 0.1689453125 0.0595703125 0.033203125 0.033203125
0 0.5009765625 0.060546875 0.033203125 0.033203125
0 0.4658203125 0.06640625 0.033203125 0.033203125
0 0.44921875 0.0732421875 0.033203125 0.033203125
0 0.3056640625 0.0791015625 0.033203125 0.033203125
0 0.43359375 0.0859375 0.033203125 0.033203125
0 0.4169921875 0.0888671875 0.033203125 0.033203125
0 0.369140625 0.1083984375 0.033203125 0.033203125
0 0.03125 0.1318359375 0.033203125 0.033203125
0 0.9599609375 0.154296875 0.033203125 0.033203125
0 0.1982421875 0.1572265625 0.033203125 0.033203125
0 0.861328125 0.20703125 0.033203125 0.033203125
0 0.7646484375 0.310546875 0.033203125 0.033203125
0 0.15234375 0.326171875 0.033203125 0.033203125
0 0.6748046875 0.341796875 0.033203125 0.033203125
0 0.5556640625 0.3798828125 0.033203125 0.033203125
0 0.01171875 0.404296875 0.0234375 0.033203125
0 0.458984375 0.408203125 0.033203125 0.033203125
0 0.427734375 0.421875 0.033203125 0.033203125
0 0.3828125 0.435546875 0.033203125 0.033203125
0 0.01513671875 0.4443359375 0.0302734375 0.033203125
0 0.02734375 0.4970703125 0.033203125 0.033203125
0 0.044921875 0.51171875 0.033203125 0.033203125
0 0.5771484375 0.5146484375 0.033203125 0.033203125
0 0.48828125 0.52734375 0.033203125 0.033203125
0 0.5732421875 0.5400390625 0.033203125 0.033203125
0 0.599609375 0.599609375 0.033203125 0.033203125
0 0.265625 0.6806640625 0.033203125 0.033203125
0 0.279296875 0.716796875 0.033203125 0.033203125
0 0.29296875 0.755859375 0.033203125 0.033203125
0 0.298828125 0.791015625 0.033203125 0.033203125
0 0.5185546875 0.837890625 0.033203125 0.033203125
0 0.2373046875 0.853515625 0.033203125 0.033203125
0 0.330078125 0.873046875 0.033203125 0.033203125
0 0.296875 0.8779296875 0.033203125 0.033203125
0 0.5439453125 0.9091796875 0.033203125 0.033203125
0 0.3388671875 0.9169921875 0.033203125 0.033203125
0 0.28125 0.9873046875 0.033203125 0.025390625