0 0.947265625 0.01220703125 0.033203125 0.0244140625
0 0.8974609375 0.052734375 0.033203125 0.033203125
0 0.8798828125 0.056640625 0.033203125 0.033203125
0 0.4912109375 0.0673828125 0.033203125 0.033203125
0 0.455078125 0.080078125 0.033203125 0.033203125
0 0.4072265625 0.09375 0.033203125 0.033203125
0 0.3642578125 0.1083984375 0.033203125 0.033203125
0 0.5322265625 0.1201171875 0.033203125 0.033203125
0 0.4912109375 0.130859375 0.033203125 0.033203125
0 0.2861328125 0.1337890625 0.033203125 0.033203125
0 0.2109375 0.158203125 0.033203125 0.033203125
0 0.3994140625 0.16015625 0.033203125 0.033203125
0 0.2822265625 0.1982421875 0.033203125 0.033203125
0 0.0625 0.20703125 0.033203125 0.033203125
0 0.0205078125 0.220703125 0.033203125 0.033203125
0 0.7685546875 0.26171875 0.033203125 0.033203125
0 0.783203125 0.345703125 0.033203125 0.033203125
0 0.80859375 0.3505859375 0.033203125 0.033203125
0 0.3427734375 0.400390625 0.033203125 0.033203125
0 0.2490234375 0.4130859375 0.033203125 0.033203125
0 0.8056640625 0.4287109375 0.033203125 0.033203125
0 0.212890625 0.431640625 0.033203125 0.033203125
0 0.1962890625 0.4345703125 0.033203125 0.033203125
0 0.4072265625 0.47265625 0.033203125 0.033203125
0 0.3857421875 0.4775390625 0.033203125 0.033203125
0 0.369140625 0.4833984375 0.033203125 0.033203125
0 0.044921875 0.58203125 0.033203125 0.033203125
0 0.8583984375 0.5830078125 0.033203125 0.033203125
0 0.896484375 0.701171875 0.033203125 0.033203125
0 0.8974609375 0.7021484375 0.033203125 0.033203125
0 0.78125 0.73828125 0.033203125 0.033203125
0 0.5263671875 0.74609375 0.033203125 0.033203125
0 0.7939453125 0.755859375 0.033203125 0.033203125
0 0.4853515625 0.759765625 0.033203125 0.033203125
0 0.7060546875 0.7607421875 0.033203125 0.033203125
0 0.4462890625 0.771484375 0.033203125 0.033203125
0 0.63671875 0.7841796875 0.033203125 0.033203125
0 0.9013671875 0.8037109375 0.033203125 0.033203125
0 0.9326171875 0.8134765625 0.033203125 0.033203125
0 0.9619140625 0.90625 0.033203125 0.033203125
0 0.392578125 0.931640625 0.033203125 0.033203125
0 0.3115234375 0.966796875 0.033203125 0.033203125