0 0.650390625 0.05859375 0.033203125 0.033203125
0 0.734375 0.091796875 0.033203125 0.033203125
0 0.0302734375 0.1103515625 0.033203125 0.033203125
0 0.041015625 0.1513671875 0.033203125 0.033203125
0 0.6845703125 0.166015625 0.033203125 0.033203125
0 0.0556640625 0.1904296875 0.033203125 0.033203125
0 0.064453125 0.2236328125 0.033203125 0.033203125
0 0.80078125 0.232421875 0.033203125 0.033203125
0 0.7119140625 0.2490234375 0.033203125 0.033203125
0 0.806640625 0.25390625 0.033203125 0.033203125
0 0.0771484375 0.2578125 0.033203125 0.033203125
0 0.7373046875 0.32421875 0.033203125 0.033203125
0 0.099609375 0.3330078125 0.033203125 0.033203125
0 0.8427734375 0.3818359375 0.033203125 0.033203125
0 0.1328125 0.4404296875 0.033203125 0.033203125
0 0.78515625 0.478515625 0.033203125 0.033203125
0 0.7958984375 0.51171875 0.033203125 0.033203125
0 0.7119140625 0.517578125 0.033203125 0.033203125
0 0.1591796875 0.5205078125 0.033203125 0.033203125
0 0.8896484375 0.5478515625 0.033203125 0.033203125
0 0.169921875 0.5546875 0.033203125 0.033203125
0 0.365234375 0.5712890625 0.033203125 0.033203125
0 0.73828125 0.5859375 0.033203125 0.033203125
0 0.1806640625 0.59375 0.033203125 0.033203125
0 0.818359375 0.59375 0.033203125 0.033203125
0 0.1806640625 0.5947265625 0.033203125 0.033203125
0 0.66796875 0.625 0.033203125 0.033203125
0 0.92578125 0.6357421875 0.033203125 0.033203125
0 0.2158203125 0.697265625 0.033203125 0.033203125
0 0.2294921875 0.7412109375 0.033203125 0.033203125
0 0.8857421875 0.80859375 0.033203125 0.033203125
0 0.9013671875 0.849609375 0.033203125 0.033203125
0 0.9228515625 0.9228515625 0.033203125 0.033203125
0 0.9326171875 0.9658203125 0.033203125 0.033203125