0 0.7392578125 0.01953125 0.033203125 0.033203125
0 0.501953125 0.06640625 0.033203125 0.033203125
0 0.8037109375 0.0712890625 0.033203125 0.033203125
0 0.763671875 0.0791015625 0.033203125 0.033203125
0 0.783203125 0.0791015625 0.033203125 0.033203125
0 0.748046875 0.0849609375 0.033203125 0.033203125
0 0.5849609375 0.0869140625 0.033203125 0.033203125
0 0.7138671875 0.099609375 0.033203125 0.033203125
0 0.693359375 0.1015625 0.033203125 0.033203125
0 0.6796875 0.10546875 0.033203125 0.033203125
0 0.658203125 0.11328125 0.033203125 0.033203125
0 0.6416015625 0.1181640625 0.033203125 0.033203125
0 0.62109375 0.125 0.033203125 0.033203125
0 0.60546875 0.130859375 0.033203125 0.033203125
0 0.587890625 0.1376953125 0.033203125 0.033203125
0 0.572265625 0.140625 0.033203125 0.033203125
0 0.5400390625 0.150390625 0.033203125 0.033203125
0 0.828125 0.15234375 0.033203125 0.033203125
0 0.521484375 0.15625 0.033203125 0.033203125
0 0.7900390625 0.1640625 0.033203125 0.033203125
0 0.7724609375 0.1669921875 0.033203125 0.033203125
0 0.0458984375 0.1728515625 0.033203125 0.033203125
0 0.7451171875 0.1748046875 0.033203125 0.033203125
0 0.4638671875 0.1787109375 0.033203125 0.033203125
0 0.732421875 0.181640625 0.033203125 0.033203125
0 0.4482421875 0.1845703125 0.033203125 0.033203125
0 0.7138671875 0.189453125 0.033203125 0.033203125
0 0.2568359375 0.1904296875 0.033203125 0.033203125
0 0.42578125 0.1923828125 0.033203125 0.033203125
0 0.697265625 0.1943359375 0.033203125 0.033203125
0 0.408203125 0.1982421875 0.033203125 0.033203125
0 0.4091796875 0.1982421875 0.033203125 0.033203125
0 0.677734375 0.2001953125 0.033203125 0.033203125
0 0.9560546875 0.201171875 0.033203125 0.033203125
0 0.3896484375 0.203125 0.033203125 0.033203125
0 0.3701171875 0.208984375 0.033203125 0.033203125
0 0.3486328125 0.2109375 0.033203125 0.033203125
0 0.64453125 0.2138671875 0.033203125 0.033203125
0 0.33203125 0.21484375 0.033203125 0.033203125
0 0.609375 0.22265625 0.033203125 0.033203125
0 0.2626953125 0.228515625 0.033203125 0.033203125
0 0.591796875 0.2314453125 0.033203125 0.033203125
0 0.5751953125 0.2333984375 0.033203125 0.033203125
0 0.55859375 0.2373046875 0.033203125 0.033203125
0 0.541015625 0.2412109375 0.033203125 0.033203125
0 0.505859375 0.2490234375 0.033203125 0.033203125
0 0.51953125 0.2490234375 0.033203125 0.033203125
0 0.48828125 0.2529296875 0.033203125 0.033203125
0 0.4697265625 0.2548828125 0.033203125 0.033203125
0 0.455078125 0.267578125 0.033203125 0.033203125
0 0.3916015625 0.2783203125 0.033203125 0.033203125
0 0.4130859375 0.2783203125 0.033203125 0.033203125
0 0.431640625 0.2783203125 0.033203125 0.033203125
0 0.376953125 0.2861328125 0.033203125 0.033203125
0 0.359375 0.298828125 0.033203125 0.033203125
0 0.28515625 0.3271484375 0.033203125 0.033203125
0 0.3095703125 0.40234375 0.033203125 0.033203125
0 0.666015625 0.4970703125 0.033203125 0.033203125
0 0.6455078125 0.5048828125 0.033203125 0.033203125
0 0.5595703125 0.6103515625 0.033203125 0.033203125
0 0.466796875 0.6220703125 0.033203125 0.033203125
0 0.568359375 0.64453125 0.033203125 0.033203125
0 0.8701171875 0.671875 0.033203125 0.033203125
0 0.490234375 0.7041015625 0.033203125 0.033203125
0 0.705078125 0.7119140625 0.033203125 0.033203125
0 0.5908203125 0.7177734375 0.033203125 0.033203125
0 0.49609375 0.72265625 0.033203125 0.033203125