0 0.443359375 0.01416015625 0.033203125 0.0283203125
0 0.2822265625 0.0615234375 0.033203125 0.033203125
0 0.1962890625 0.0908203125 0.033203125 0.033203125
0 0.1201171875 0.1123046875 0.033203125 0.033203125
0 0.08203125 0.125 0.033203125 0.033203125
0 0.041015625 0.1376953125 0.033203125 0.033203125
0 0.435546875 0.1630859375 0.033203125 0.033203125
0 0.8896484375 0.1826171875 0.033203125 0.033203125
0 0.931640625 0.3525390625 0.033203125 0.033203125
0 0.9423828125 0.3642578125 0.033203125 0.033203125
0 0.7705078125 0.7705078125 0.033203125 0.033203125
0 0.8544921875 0.779296875 0.033203125 0.033203125
0 0.810546875 0.7890625 0.033203125 0.033203125
0 0.7763671875 0.8017578125 0.033203125 0.033203125
0 0.7392578125 0.814453125 0.033203125 0.033203125
0 0.513671875 0.8818359375 0.033203125 0.033203125