0 0.5322265625 0.01220703125 0.033203125 0.0244140625
0 0.6181640625 0.0166015625 0.033203125 0.033203125
0 0.4248046875 0.0263671875 0.033203125 0.033203125
0 0.5380859375 0.0263671875 0.033203125 0.033203125
0 0.5068359375 0.03515625 0.033203125 0.033203125
0 0.62109375 0.037109375 0.033203125 0.033203125
0 0.38671875 0.0390625 0.033203125 0.033203125
0 0.43359375 0.0400390625 0.033203125 0.033203125
0 0.546875 0.041015625 0.033203125 0.033203125
0 0.39453125 0.0546875 0.033203125 0.033203125
0 0.5107421875 0.0546875 0.033203125 0.033203125
0 0.626953125 0.0546875 0.033203125 0.033203125
0 0.435546875 0.0595703125 0.033203125 0.033203125
0 0.068359375 0.064453125 0.033203125 0.033203125
0 0.4013671875 0.0693359375 0.033203125 0.033203125
0 0.5234375 0.0712890625 0.033203125 0.033203125
0 0.5576171875 0.0771484375 0.033203125 0.033203125
0 0.0263671875 0.078125 0.033203125 0.033203125
0 0.322265625 0.078125 0.033203125 0.033203125
0 0.630859375 0.078125 0.033203125 0.033203125
0 0.4404296875 0.0791015625 0.033203125 0.033203125
0 0.4072265625 0.0908203125 0.033203125 0.033203125
0 0.52734375 0.091796875 0.033203125 0.033203125
0 0.634765625 0.0947265625 0.033203125 0.033203125
0 0.4482421875 0.0966796875 0.033203125 0.033203125
0 0.5615234375 0.0986328125 0.033203125 0.033203125
0 0.4150390625 0.107421875 0.033203125 0.033203125
0 0.529296875 0.109375 0.033203125 0.033203125
0 0.6435546875 0.109375 0.033203125 0.033203125
0 0.41796875 0.1298828125 0.033203125 0.033203125
0 0.4638671875 0.1298828125 0.033203125 0.033203125
0 0.650390625 0.1298828125 0.033203125 0.033203125
0 0.5341796875 0.1318359375 0.033203125 0.033203125
0 0.42578125 0.146484375 0.033203125 0.033203125
0 0.544921875 0.146484375 0.033203125 0.033203125
0 0.46484375 0.150390625 0.033203125 0.033203125
0 0.431640625 0.1640625 0.033203125 0.033203125
0 0.4052734375 0.3134765625 0.033203125 0.033203125
0 0.4111328125 0.3359375 0.033203125 0.033203125
0 0.6220703125 0.4169921875 0.033203125 0.033203125
0 0.62890625 0.4560546875 0.033203125 0.033203125
0 0.466796875 0.5087890625 0.033203125 0.033203125
0 0.283203125 0.5556640625 0.033203125 0.033203125