0 0.9677734375 0.01171875 0.033203125 0.0234375
0 0.9326171875 0.017578125 0.033203125 0.033203125
0 0.8603515625 0.0400390625 0.033203125 0.033203125
0 0.802734375 0.056640625 0.033203125 0.033203125
0 0.759765625 0.0703125 0.033203125 0.033203125
0 0.9892578125 0.072265625 0.021484375 0.033203125
0 0.71484375 0.083984375 0.033203125 0.033203125
0 0.935546875 0.091796875 0.033203125 0.033203125
0 0.6689453125 0.1005859375 0.033203125 0.033203125
0 0.8037109375 0.1298828125 0.033203125 0.033203125
0 0.767578125 0.142578125 0.033203125 0.033203125
0 0.7314453125 0.158203125 0.033203125 0.033203125
0 0.697265625 0.166015625 0.033203125 0.033203125
0 0.666015625 0.1767578125 0.033203125 0.033203125
0 0.62109375 0.1865234375 0.033203125 0.033203125
0 0.3662109375 0.193359375 0.033203125 0.033203125
0 0.443359375 0.1982421875 0.033203125 0.033203125
0 0.580078125 0.2021484375 0.033203125 0.033203125
0 0.3798828125 0.2392578125 0.033203125 0.033203125
0 0.39453125 0.2900390625 0.033203125 0.033203125
0 0.41015625 0.34375 0.033203125 0.033203125
0 0.5263671875 0.71875 0.033203125 0.033203125
0 0.5673828125 0.7705078125 0.033203125 0.033203125
0 0.5966796875 0.7900390625 0.033203125 0.033203125
0 0.552734375 0.798828125 0.033203125 0.033203125
0 0.529296875 0.8466796875 0.033203125 0.033203125
0 0.5986328125 0.94140625 0.033203125 0.033203125
0 0.5771484375 0.9443359375 0.033203125 0.033203125