0 0.728515625 0.0458984375 0.033203125 0.033203125
0 0.544921875 0.07421875 0.033203125 0.033203125
0 0.765625 0.080078125 0.033203125 0.033203125
0 0.4306640625 0.109375 0.033203125 0.033203125
0 0.3720703125 0.1298828125 0.033203125 0.033203125
0 0.4931640625 0.1435546875 0.033203125 0.033203125
0 0.296875 0.1552734375 0.033203125 0.033203125
0 0.4208984375 0.3994140625 0.033203125 0.033203125
0 0.845703125 0.8046875 0.033203125 0.033203125
0 0.8125 0.8173828125 0.033203125 0.033203125
0 0.767578125 0.833984375 0.033203125 0.033203125
0 0.904296875 0.8525390625 0.033203125 0.033203125
0 0.1328125 0.8642578125 0.033203125 0.033203125
0 0.6591796875 0.8701171875 0.033203125 0.033203125
0 0.8193359375 0.875 0.033203125 0.033203125
0 0.2666015625 0.888671875 0.033203125 0.033203125
0 0.6884765625 0.9189453125 0.033203125 0.033203125
0 0.4755859375 0.927734375 0.033203125 0.033203125
0 0.6328125 0.9365234375 0.033203125 0.033203125
0 0.470703125 0.986328125 0.033203125 0.02734375