0 0.3876953125 0.0185546875 0.033203125 0.033203125
0 0.326171875 0.0361328125 0.033203125 0.033203125
0 0.56640625 0.0458984375 0.033203125 0.033203125
0 0.2919921875 0.0478515625 0.033203125 0.033203125
0 0.2578125 0.0595703125 0.033203125 0.033203125
0 0.990234375 0.10546875 0.01953125 0.033203125
0 0.109375 0.107421875 0.033203125 0.033203125
0 0.0703125 0.119140625 0.033203125 0.033203125
0 0.0380859375 0.1298828125 0.033203125 0.033203125
0 0.9091796875 0.2568359375 0.033203125 0.033203125
0 0.4833984375 0.3173828125 0.033203125 0.033203125
0 0.4072265625 0.318359375 0.033203125 0.033203125
0 0.296875 0.3642578125 0.033203125 0.033203125
0 0.9736328125 0.4345703125 0.033203125 0.033203125
0 0.8955078125 0.4599609375 0.033203125 0.033203125
0 0.861328125 0.46875 0.033203125 0.033203125
0 0.12109375 0.478515625 0.033203125 0.033203125
0 0.814453125 0.484375 0.033203125 0.033203125
0 0.78515625 0.4921875 0.033203125 0.033203125
0 0.7119140625 0.5166015625 0.033203125 0.033203125
0 0.6669921875 0.5283203125 0.033203125 0.033203125
0 0.634765625 0.5400390625 0.033203125 0.033203125
0 0.603515625 0.552734375 0.033203125 0.033203125
0 0.19140625 0.58203125 0.033203125 0.033203125
0 0.4638671875 0.5927734375 0.033203125 0.033203125
0 0.3955078125 0.615234375 0.033203125 0.033203125
0 0.35546875 0.62890625 0.033203125 0.033203125
0 0.3251953125 0.640625 0.033203125 0.033203125
0 0.28515625 0.65234375 0.033203125 0.033203125
0 0.2509765625 0.6640625 0.033203125 0.033203125
0 0.16015625 0.6904296875 0.033203125 0.033203125
0 0.0263671875 0.732421875 0.033203125 0.033203125
0 0.8369140625 0.8095703125 0.033203125 0.033203125
0 0.0517578125 0.921875 0.033203125 0.033203125
0 0.3857421875 0.955078125 0.033203125 0.033203125