0 0.4736328125 0.060546875 0.033203125 0.033203125
0 0.4560546875 0.0693359375 0.033203125 0.033203125
0 0.857421875 0.078125 0.033203125 0.033203125
0 0.8349609375 0.083984375 0.033203125 0.033203125
0 0.9853515625 0.083984375 0.029296875 0.033203125
0 0.6220703125 0.1025390625 0.033203125 0.033203125
0 0.5126953125 0.123046875 0.033203125 0.033203125
0 0.802734375 0.1328125 0.033203125 0.033203125
0 0.103515625 0.1650390625 0.033203125 0.033203125
0 0.1123046875 0.1806640625 0.033203125 0.033203125
0 0.0361328125 0.23828125 0.033203125 0.033203125
0 0.13671875 0.2470703125 0.033203125 0.033203125
0 0.1513671875 0.2763671875 0.033203125 0.033203125
0 0.134765625 0.279296875 0.033203125 0.033203125
0 0.4140625 0.28515625 0.033203125 0.033203125
0 0.1171875 0.287109375 0.033203125 0.033203125
0 0.076171875 0.29296875 0.033203125 0.033203125
0 0.060546875 0.302734375 0.033203125 0.033203125
0 0.04296875 0.3046875 0.033203125 0.033203125
0 0.029296875 0.314453125 0.033203125 0.033203125
0 0.423828125 0.314453125 0.033203125 0.033203125
0 0.013671875 0.3173828125 0.02734375 0.033203125
0 0.390625 0.3193359375 0.033203125 0.033203125
0 0.4091796875 0.3193359375 0.033203125 0.033203125
0 0.728515625 0.4365234375 0.033203125 0.033203125
0 0.779296875 0.5107421875 0.033203125 0.033203125
0 0.673828125 0.564453125 0.033203125 0.033203125
0 0.6767578125 0.578125 0.033203125 0.033203125
0 0.6806640625 0.5966796875 0.033203125 0.033203125
0 0.6533203125 0.6005859375 0.033203125 0.033203125
0 0.640625 0.6103515625 0.033203125 0.033203125
0 0.6416015625 0.6103515625 0.033203125 0.033203125
0 0.623046875 0.6142578125 0.033203125 0.033203125
0 0.6103515625 0.6240234375 0.033203125 0.033203125
0 0.4638671875 0.6259765625 0.033203125 0.033203125
0 0.59375 0.62890625 0.033203125 0.033203125
0 0.66796875 0.630859375 0.033203125 0.033203125
0 0.654296875 0.6455078125 0.033203125 0.033203125
0 0.5478515625 0.6484375 0.033203125 0.033203125
0 0.513671875 0.6513671875 0.033203125 0.033203125
0 0.6240234375 0.6552734375 0.033203125 0.033203125
0 0.498046875 0.65625 0.033203125 0.033203125
0 0.6064453125 0.66015625 0.033203125 0.033203125
0 0.5263671875 0.6845703125 0.033203125 0.033203125
0 0.4931640625 0.6943359375 0.033203125 0.033203125
0 0.48046875 0.705078125 0.033203125 0.033203125
0 0.4287109375 0.7158203125 0.033203125 0.033203125
0 0.3955078125 0.7265625 0.033203125 0.033203125
0 0.7119140625 0.7421875 0.033203125 0.033203125
0 0.3330078125 0.7529296875 0.033203125 0.033203125
0 0.298828125 0.7626953125 0.033203125 0.033203125
0 0.2822265625 0.7705078125 0.033203125 0.033203125
0 0.2373046875 0.7822265625 0.033203125 0.033203125
0 0.21875 0.7900390625 0.033203125 0.033203125
0 0.5205078125 0.794921875 0.033203125 0.033203125
0 0.2041015625 0.796875 0.033203125 0.033203125
0 0.1865234375 0.8037109375 0.033203125 0.033203125
0 0.048828125 0.845703125 0.033203125 0.033203125
0 0.8046875 0.8564453125 0.033203125 0.033203125
0 0.0185546875 0.8828125 0.033203125 0.033203125
0 0.8359375 0.953125 0.033203125 0.033203125