0 0.349609375 0.00927734375 0.033203125 0.0185546875
0 0.98828125 0.060546875 0.0234375 0.033203125
0 0.6318359375 0.1435546875 0.033203125 0.033203125
0 0.5234375 0.1748046875 0.033203125 0.033203125
0 0.619140625 0.1748046875 0.033203125 0.033203125
0 0.705078125 0.17578125 0.033203125 0.033203125
0 0.482421875 0.185546875 0.033203125 0.033203125
0 0.4443359375 0.201171875 0.033203125 0.033203125
0 0.61328125 0.20703125 0.033203125 0.033203125
0 0.3974609375 0.2109375 0.033203125 0.033203125
0 0.3603515625 0.2255859375 0.033203125 0.033203125
0 0.2685546875 0.25390625 0.033203125 0.033203125
0 0.1787109375 0.2802734375 0.033203125 0.033203125
0 0.3671875 0.3125 0.033203125 0.033203125
0 0.0634765625 0.314453125 0.033203125 0.033203125
0 0.154296875 0.349609375 0.033203125 0.033203125
0 0.9130859375 0.3603515625 0.033203125 0.033203125
0 0.89453125 0.3623046875 0.033203125 0.033203125
0 0.0537109375 0.375 0.033203125 0.033203125
0 0.552734375 0.4404296875 0.033203125 0.033203125
0 0.587890625 0.4560546875 0.033203125 0.033203125
0 0.5810546875 0.486328125 0.033203125 0.033203125
0 0.8876953125 0.5126953125 0.033203125 0.033203125
0 0.8974609375 0.529296875 0.033203125 0.033203125
0 0.2099609375 0.5302734375 0.033203125 0.033203125
0 0.689453125 0.5419921875 0.033203125 0.033203125
0 0.6962890625 0.55859375 0.033203125 0.033203125
0 0.2216796875 0.5654296875 0.033203125 0.033203125
0 0.5595703125 0.5771484375 0.033203125 0.033203125
0 0.7021484375 0.5771484375 0.033203125 0.033203125
0 0.6005859375 0.583984375 0.033203125 0.033203125
0 0.8447265625 0.587890625 0.033203125 0.033203125
0 0.7080078125 0.59375 0.033203125 0.033203125
0 0.9169921875 0.5947265625 0.033203125 0.033203125
0 0.51171875 0.5966796875 0.033203125 0.033203125
0 0.564453125 0.59765625 0.033203125 0.033203125
0 0.6044921875 0.6025390625 0.033203125 0.033203125
0 0.7880859375 0.6044921875 0.033203125 0.033203125
0 0.7880859375 0.60546875 0.033203125 0.033203125
0 0.9248046875 0.607421875 0.033203125 0.033203125
0 0.572265625 0.6181640625 0.033203125 0.033203125
0 0.6142578125 0.62109375 0.033203125 0.033203125
0 0.9345703125 0.6240234375 0.033203125 0.033203125
0 0.837890625 0.626953125 0.033203125 0.033203125
0 0.0107421875 0.62890625 0.021484375 0.033203125
0 0.6240234375 0.63671875 0.033203125 0.033203125
0 0.9345703125 0.6455078125 0.033203125 0.033203125
0 0.248046875 0.6494140625 0.033203125 0.033203125
0 0.2490234375 0.650390625 0.033203125 0.033203125
0 0.5869140625 0.6572265625 0.033203125 0.033203125
0 0.587890625 0.6572265625 0.033203125 0.033203125
0 0.7275390625 0.6630859375 0.033203125 0.033203125
0 0.9404296875 0.6650390625 0.033203125 0.033203125
0 0.59375 0.6962890625 0.033203125 0.033203125
0 0.7373046875 0.6982421875 0.033203125 0.033203125
0 0.9541015625 0.7060546875 0.033203125 0.033203125
0 0.271484375 0.724609375 0.033203125 0.033203125
0 0.8271484375 0.7275390625 0.033203125 0.033203125
0 0.9658203125 0.7412109375 0.033203125 0.033203125
0 0.8974609375 0.7421875 0.033203125 0.033203125
0 0.646484375 0.7470703125 0.033203125 0.033203125
0 0.8759765625 0.748046875 0.033203125 0.033203125
0 0.599609375 0.755859375 0.033203125 0.033203125
0 0.970703125 0.7568359375 0.033203125 0.033203125
0 0.8369140625 0.7587890625 0.033203125 0.033203125
0 0.578125 0.767578125 0.033203125 0.033203125
0 0.3271484375 0.900390625 0.033203125 0.033203125
0 0.1064453125 0.94140625 0.033203125 0.033203125
0 0.2880859375 0.96484375 0.033203125 0.033203125
0 0.04296875 0.9658203125 0.033203125 0.033203125