0 0.37890625 0.068359375 0.033203125 0.033203125
0 0.3857421875 0.1015625 0.033203125 0.033203125
0 0.39453125 0.123046875 0.033203125 0.033203125
0 0.404296875 0.1572265625 0.033203125 0.033203125
0 0.4111328125 0.1767578125 0.033203125 0.033203125
0 0.46484375 0.2578125 0.033203125 0.033203125
0 0.6962890625 0.26953125 0.033203125 0.033203125
0 0.654296875 0.28515625 0.033203125 0.033203125
0 0.6171875 0.2978515625 0.033203125 0.033203125
0 0.0478515625 0.7451171875 0.033203125 0.033203125
0 0.05859375 0.7841796875 0.033203125 0.033203125
0 0.9853515625 0.9560546875 0.029296875 0.033203125
0 0.876953125 0.990234375 0.033203125 0.01953125