0 0.3173828125 0.009765625 0.033203125 0.01953125
0 0.3408203125 0.01025390625 0.033203125 0.0205078125
0 0.8486328125 0.1484375 0.033203125 0.033203125
0 0.86328125 0.2021484375 0.033203125 0.033203125
0 0.99072265625 0.2158203125 0.0185546875 0.033203125
0 0.9501953125 0.2421875 0.033203125 0.033203125
0 0.8798828125 0.24609375 0.033203125 0.033203125
0 0.962890625 0.2802734375 0.033203125 0.033203125
0 0.8896484375 0.2861328125 0.033203125 0.033203125
0 0.3662109375 0.3408203125 0.033203125 0.033203125
0 0.4609375 0.37890625 0.033203125 0.033203125
0 0.3779296875 0.380859375 0.033203125 0.033203125
0 0.9306640625 0.404296875 0.033203125 0.033203125
0 0.4814453125 0.4267578125 0.033203125 0.033203125
0 0.9443359375 0.44921875 0.033203125 0.033203125
0 0.95703125 0.4931640625 0.033203125 0.033203125
0 0.3193359375 0.5361328125 0.033203125 0.033203125
0 0.3525390625 0.5478515625 0.033203125 0.033203125
0 0.2392578125 0.5615234375 0.033203125 0.033203125
0 0.9833984375 0.5712890625 0.033203125 0.033203125
0 0.1962890625 0.576171875 0.033203125 0.033203125
0 0.15234375 0.587890625 0.033203125 0.033203125
0 0.3310546875 0.59765625 0.033203125 0.033203125
0 0.109375 0.6064453125 0.033203125 0.033203125
0 0.29296875 0.609375 0.033203125 0.033203125
0 0.072265625 0.6162109375 0.033203125 0.033203125
0 0.2548828125 0.623046875 0.033203125 0.033203125
0 0.2255859375 0.626953125 0.033203125 0.033203125
0 0.197265625 0.6416015625 0.033203125 0.033203125
0 0.490234375 0.7216796875 0.033203125 0.033203125
0 0.5087890625 0.7783203125 0.033203125 0.033203125
0 0.5224609375 0.8212890625 0.033203125 0.033203125