0 0.45703125 0.0078125 0.033203125 0.015625
0 0.5703125 0.00927734375 0.033203125 0.0185546875
0 0.048828125 0.01025390625 0.033203125 0.0205078125
0 0.4384765625 0.01171875 0.033203125 0.0234375
0 0.14453125 0.013671875 0.033203125 0.02734375
0 0.4248046875 0.0146484375 0.033203125 0.029296875
0 0.01416015625 0.01611328125 0.0283203125 0.0322265625
0 0.3876953125 0.0224609375 0.033203125 0.033203125
0 0.4091796875 0.0224609375 0.033203125 0.033203125
0 0.0927734375 0.0283203125 0.033203125 0.033203125
0 0.3720703125 0.03125 0.033203125 0.033203125
0 0.35546875 0.0322265625 0.033203125 0.033203125
0 0.078125 0.033203125 0.033203125 0.033203125
0 0.748046875 0.033203125 0.033203125 0.033203125
0 0.6630859375 0.0341796875 0.033203125 0.033203125
0 0.4521484375 0.03515625 0.033203125 0.033203125
0 0.470703125 0.0361328125 0.033203125 0.033203125
0 0.724609375 0.0361328125 0.033203125 0.033203125
0 0.330078125 0.0380859375 0.033203125 0.033203125
0 0.3134765625 0.0458984375 0.033203125 0.033203125
0 0.02734375 0.0498046875 0.033203125 0.033203125
0 0.2958984375 0.05078125 0.033203125 0.033203125
0 0.013671875 0.052734375 0.02734375 0.033203125
0 0.2783203125 0.0556640625 0.033203125 0.033203125
0 0.3974609375 0.0556640625 0.033203125 0.033203125
0 0.259765625 0.056640625 0.033203125 0.033203125
0 0.380859375 0.060546875 0.033203125 0.033203125
0 0.6103515625 0.060546875 0.033203125 0.033203125
0 0.2431640625 0.0625 0.033203125 0.033203125
0 0.58984375 0.0673828125 0.033203125 0.033203125
0 0.2294921875 0.0693359375 0.033203125 0.033203125
0 0.673828125 0.0703125 0.033203125 0.033203125
0 0.33984375 0.072265625 0.033203125 0.033203125
0 0.5595703125 0.0751953125 0.033203125 0.033203125
0 0.2099609375 0.076171875 0.033203125 0.033203125
0 0.1904296875 0.0771484375 0.033203125 0.033203125
0 0.5380859375 0.080078125 0.033203125 0.033203125
0 0.1787109375 0.08984375 0.033203125 0.033203125
0 0.5048828125 0.0927734375 0.033203125 0.033203125
0 0.1416015625 0.099609375 0.033203125 0.033203125
0 0.4716796875 0.10546875 0.033203125 0.033203125
0 0.603515625 0.10546875 0.033203125 0.033203125
0 0.6875 0.11328125 0.033203125 0.033203125
0 0.7763671875 0.1201171875 0.033203125 0.033203125
0 0.4384765625 0.12109375 0.033203125 0.033203125
0 0.4169921875 0.126953125 0.033203125 0.033203125
0 0.1689453125 0.1279296875 0.033203125 0.033203125
0 0.3828125 0.13671875 0.033203125 0.033203125
0 0.599609375 0.173828125 0.033203125 0.033203125
0 0.568359375 0.1904296875 0.033203125 0.033203125
0 0.9287109375 0.1953125 0.033203125 0.033203125
0 0.1552734375 0.2041015625 0.033203125 0.033203125
0 0.0537109375 0.24609375 0.033203125 0.033203125
0 0.591796875 0.2470703125 0.033203125 0.033203125
0 0.5966796875 0.3037109375 0.033203125 0.033203125
0 0.4931640625 0.3359375 0.033203125 0.033203125
0 0.8193359375 0.3525390625 0.033203125 0.033203125
0 0.443359375 0.353515625 0.033203125 0.033203125
0 0.0556640625 0.357421875 0.033203125 0.033203125
0 0.390625 0.369140625 0.033203125 0.033203125
0 0.3583984375 0.3798828125 0.033203125 0.033203125
0 0.5927734375 0.3916015625 0.033203125 0.033203125
0 0.7890625 0.3916015625 0.033203125 0.033203125
0 0.2607421875 0.4111328125 0.033203125 0.033203125
0 0.8759765625 0.4296875 0.033203125 0.033203125
0 0.177734375 0.439453125 0.033203125 0.033203125
0 0.4462890625 0.4404296875 0.033203125 0.033203125
0 0.55859375 0.443359375 0.033203125 0.033203125
0 0.412109375 0.451171875 0.033203125 0.033203125
0 0.0859375 0.46875 0.033203125 0.033203125
0 0.5693359375 0.4736328125 0.033203125 0.033203125
0 0.888671875 0.4736328125 0.033203125 0.033203125
0 0.3349609375 0.4765625 0.033203125 0.033203125
0 0.55078125 0.4794921875 0.033203125 0.033203125
0 0.8095703125 0.5009765625 0.033203125 0.033203125
0 0.58984375 0.5107421875 0.033203125 0.033203125
0 0.2216796875 0.51171875 0.033203125 0.033203125
0 0.9013671875 0.51171875 0.033203125 0.033203125
0 0.8212890625 0.53515625 0.033203125 0.033203125
0 0.0517578125 0.56640625 0.033203125 0.033203125
0 0.5859375 0.599609375 0.033203125 0.033203125
0 0.9111328125 0.6279296875 0.033203125 0.033203125
0 0.48828125 0.6455078125 0.033203125 0.033203125
0 0.4697265625 0.6484375 0.033203125 0.033203125
0 0.412109375 0.6884765625 0.033203125 0.033203125
0 0.8935546875 0.6884765625 0.033203125 0.033203125
0 0.908203125 0.75390625 0.033203125 0.033203125
0 0.9287109375 0.80859375 0.033203125 0.033203125
0 0.1533203125 0.892578125 0.033203125 0.033203125
0 0.1748046875 0.90234375 0.033203125 0.033203125
0 0.01611328125 0.927734375 0.0322265625 0.033203125
0 0.0166015625 0.9521484375 0.033203125 0.033203125
0 0.8505859375 0.9716796875 0.033203125 0.033203125
0 0.212890625 0.9736328125 0.033203125 0.033203125
0 0.0302734375 0.9794921875 0.033203125 0.033203125
0 0.18359375 0.98388671875 0.033203125 0.0322265625
0 0.7109375 0.990234375 0.033203125 0.01953125