0 0.287109375 0.03515625 0.033203125 0.033203125
0 0.298828125 0.07421875 0.033203125 0.033203125
0 0.2431640625 0.087890625 0.033203125 0.033203125
0 0.310546875 0.1123046875 0.033203125 0.033203125
0 0.32421875 0.150390625 0.033203125 0.033203125
0 0.2666015625 0.1591796875 0.033203125 0.033203125
0 0.3330078125 0.1865234375 0.033203125 0.033203125
0 0.349609375 0.23046875 0.033203125 0.033203125
0 0.953125 0.244140625 0.033203125 0.033203125
0 0.9775390625 0.25390625 0.033203125 0.033203125
0 0.896484375 0.2607421875 0.033203125 0.033203125
0 0.359375 0.265625 0.033203125 0.033203125
0 0.857421875 0.2763671875 0.033203125 0.033203125
0 0.7978515625 0.2919921875 0.033203125 0.033203125
0 0.3720703125 0.302734375 0.033203125 0.033203125
0 0.736328125 0.314453125 0.033203125 0.033203125
0 0.68359375 0.330078125 0.033203125 0.033203125
0 0.380859375 0.3330078125 0.033203125 0.033203125
0 0.625 0.3525390625 0.033203125 0.033203125
0 0.552734375 0.3740234375 0.033203125 0.033203125
0 0.646484375 0.3740234375 0.033203125 0.033203125
0 0.62890625 0.4150390625 0.033203125 0.033203125
0 0.5947265625 0.423828125 0.033203125 0.033203125
0 0.982421875 0.478515625 0.033203125 0.033203125
0 0.408203125 0.482421875 0.033203125 0.033203125
0 0.3583984375 0.4990234375 0.033203125 0.033203125
0 0.466796875 0.5576171875 0.033203125 0.033203125
0 0.8779296875 0.947265625 0.033203125 0.033203125
0 0.6708984375 0.94921875 0.033203125 0.033203125
0 0.62890625 0.962890625 0.033203125 0.033203125
0 0.7109375 0.99072265625 0.033203125 0.0185546875