0 0.6982421875 0.01171875 0.033203125 0.0234375
0 0.6611328125 0.083984375 0.033203125 0.033203125
0 0.9833984375 0.1513671875 0.033203125 0.033203125
0 0.71875 0.1806640625 0.033203125 0.033203125
0 0.8984375 0.2412109375 0.033203125 0.033203125
0 0.103515625 0.2431640625 0.033203125 0.033203125
0 0.8681640625 0.25390625 0.033203125 0.033203125
0 0.9033203125 0.2568359375 0.033203125 0.033203125
0 0.71875 0.263671875 0.033203125 0.033203125
0 0.830078125 0.265625 0.033203125 0.033203125
0 0.8701171875 0.26953125 0.033203125 0.033203125
0 0.91015625 0.2705078125 0.033203125 0.033203125
0 0.1640625 0.271484375 0.033203125 0.033203125
0 0.9375 0.2734375 0.033203125 0.033203125
0 0.8359375 0.28125 0.033203125 0.033203125
0 0.8779296875 0.2841796875 0.033203125 0.033203125
0 0.9130859375 0.2890625 0.033203125 0.033203125
0 0.84375 0.2978515625 0.033203125 0.033203125
0 0.880859375 0.30078125 0.033203125 0.033203125
0 0.9228515625 0.3046875 0.033203125 0.033203125
0 0.84765625 0.3125 0.033203125 0.033203125
0 0.8876953125 0.3173828125 0.033203125 0.033203125
0 0.9228515625 0.3193359375 0.033203125 0.033203125
0 0.98779296875 0.322265625 0.0244140625 0.033203125
0 0.853515625 0.328125 0.033203125 0.033203125
0 0.892578125 0.3310546875 0.033203125 0.033203125
0 0.9775390625 0.3310546875 0.033203125 0.033203125
0 0.9599609375 0.3330078125 0.033203125 0.033203125
0 0.9345703125 0.3359375 0.033203125 0.033203125
0 0.859375 0.345703125 0.033203125 0.033203125
0 0.8984375 0.3486328125 0.033203125 0.033203125
0 0.939453125 0.353515625 0.033203125 0.033203125
0 0.86328125 0.3603515625 0.033203125 0.033203125
0 0.908203125 0.36328125 0.033203125 0.033203125
0 0.0986328125 0.3642578125 0.033203125 0.033203125
0 0.876953125 0.375 0.033203125 0.033203125
0 0.763671875 0.3896484375 0.033203125 0.033203125
0 0.0302734375 0.3916015625 0.033203125 0.033203125
0 0.7978515625 0.41015625 0.033203125 0.033203125
0 0.806640625 0.525390625 0.033203125 0.033203125
0 0.8388671875 0.5859375 0.033203125 0.033203125
0 0.34375 0.7783203125 0.033203125 0.033203125
0 0.9130859375 0.849609375 0.033203125 0.033203125
0 0.9462890625 0.859375 0.033203125 0.033203125
0 0.3828125 0.8662109375 0.033203125 0.033203125
0 0.3154296875 0.955078125 0.033203125 0.033203125
0 0.41796875 0.98046875 0.033203125 0.033203125
0 0.5791015625 0.98779296875 0.033203125 0.0244140625