0 0.375 0.0341796875 0.033203125 0.033203125
0 0.357421875 0.0478515625 0.033203125 0.033203125
0 0.935546875 0.0634765625 0.033203125 0.033203125
0 0.3896484375 0.08203125 0.033203125 0.033203125
0 0.890625 0.083984375 0.033203125 0.033203125
0 0.87109375 0.08984375 0.033203125 0.033203125
0 0.837890625 0.0947265625 0.033203125 0.033203125
0 0.85546875 0.0947265625 0.033203125 0.033203125
0 0.9423828125 0.0947265625 0.033203125 0.033203125
0 0.3603515625 0.138671875 0.033203125 0.033203125
0 0.3037109375 0.140625 0.033203125 0.033203125
0 0.9853515625 0.140625 0.029296875 0.033203125
0 0.40625 0.1416015625 0.033203125 0.033203125
0 0.8759765625 0.1650390625 0.033203125 0.033203125
0 0.8583984375 0.169921875 0.033203125 0.033203125
0 0.8447265625 0.1748046875 0.033203125 0.033203125
0 0.3115234375 0.177734375 0.033203125 0.033203125
0 0.3955078125 0.177734375 0.033203125 0.033203125
0 0.41796875 0.177734375 0.033203125 0.033203125
0 0.8125 0.1923828125 0.033203125 0.033203125
0 0.900390625 0.1923828125 0.033203125 0.033203125
0 0.7958984375 0.193359375 0.033203125 0.033203125
0 0.970703125 0.1962890625 0.033203125 0.033203125
0 0.88671875 0.1982421875 0.033203125 0.033203125
0 0.87109375 0.2001953125 0.033203125 0.033203125
0 0.779296875 0.2021484375 0.033203125 0.033203125
0 0.8525390625 0.2099609375 0.033203125 0.033203125
0 0.73046875 0.2158203125 0.033203125 0.033203125
0 0.4306640625 0.21875 0.033203125 0.033203125
0 0.822265625 0.2265625 0.033203125 0.033203125
0 0.982421875 0.2294921875 0.033203125 0.033203125
0 0.7890625 0.2333984375 0.033203125 0.033203125
0 0.7734375 0.23828125 0.033203125 0.033203125
0 0.421875 0.25390625 0.033203125 0.033203125
0 0.4404296875 0.25390625 0.033203125 0.033203125
0 0.373046875 0.2705078125 0.033203125 0.033203125
0 0.91015625 0.2783203125 0.033203125 0.033203125
0 0.8798828125 0.2861328125 0.033203125 0.033203125
0 0.8603515625 0.2890625 0.033203125 0.033203125
0 0.8427734375 0.294921875 0.033203125 0.033203125
0 0.98583984375 0.294921875 0.0283203125 0.033203125
0 0.8271484375 0.3046875 0.033203125 0.033203125
0 0.4580078125 0.3095703125 0.033203125 0.033203125
0 0.810546875 0.3095703125 0.033203125 0.033203125
0 0.7958984375 0.3134765625 0.033203125 0.033203125
0 0.779296875 0.3173828125 0.033203125 0.033203125
0 0.4482421875 0.3486328125 0.033203125 0.033203125
0 0.47265625 0.3603515625 0.033203125 0.033203125
0 0.4580078125 0.4228515625 0.033203125 0.033203125
0 0.5107421875 0.4873046875 0.033203125 0.033203125
0 0.52734375 0.533203125 0.033203125 0.033203125
0 0.5380859375 0.572265625 0.033203125 0.033203125
0 0.919921875 0.6591796875 0.033203125 0.033203125
0 0.9169921875 0.6826171875 0.033203125 0.033203125
0 0.794921875 0.6962890625 0.033203125 0.033203125
0 0.8564453125 0.701171875 0.033203125 0.033203125
0 0.9287109375 0.7109375 0.033203125 0.033203125
0 0.810546875 0.712890625 0.033203125 0.033203125
0 0.734375 0.7158203125 0.033203125 0.033203125
0 0.7470703125 0.7333984375 0.033203125 0.033203125
0 0.666015625 0.736328125 0.033203125 0.033203125
0 0.6796875 0.751953125 0.033203125 0.033203125
0 0.390625 0.8642578125 0.033203125 0.033203125
0 0.4072265625 0.884765625 0.033203125 0.033203125
0 0.3037109375 0.8974609375 0.033203125 0.033203125