0 0.0078125 0.0302734375 0.015625 0.033203125
0 0.01123046875 0.064453125 0.0224609375 0.033203125
0 0.0498046875 0.2060546875 0.033203125 0.033203125
0 0.28515625 0.25390625 0.033203125 0.033203125
0 0.224609375 0.263671875 0.033203125 0.033203125
0 0.203125 0.2734375 0.033203125 0.033203125
0 0.2041015625 0.2734375 0.033203125 0.033203125
0 0.08203125 0.318359375 0.033203125 0.033203125
0 0.083984375 0.3212890625 0.033203125 0.033203125
0 0.017578125 0.34765625 0.033203125 0.033203125
0 0.0927734375 0.3515625 0.033203125 0.033203125
0 0.92578125 0.3583984375 0.033203125 0.033203125
0 0.095703125 0.3623046875 0.033203125 0.033203125
0 0.02734375 0.388671875 0.033203125 0.033203125
0 0.1025390625 0.392578125 0.033203125 0.033203125
0 0.103515625 0.3955078125 0.033203125 0.033203125
0 0.0380859375 0.4208984375 0.033203125 0.033203125
0 0.0498046875 0.4638671875 0.033203125 0.033203125
0 0.017578125 0.6279296875 0.033203125 0.033203125
0 0.828125 0.6982421875 0.033203125 0.033203125
0 0.087890625 0.705078125 0.033203125 0.033203125
0 0.9853515625 0.7080078125 0.029296875 0.033203125
0 0.138671875 0.7666015625 0.033203125 0.033203125
0 0.869140625 0.826171875 0.033203125 0.033203125
0 0.9521484375 0.884765625 0.033203125 0.033203125
0 0.19140625 0.935546875 0.033203125 0.033203125
0 0.189453125 0.9375 0.033203125 0.033203125