0 0.0869140625 0.0546875 0.033203125 0.033203125
0 0.1005859375 0.1025390625 0.033203125 0.033203125
0 0.078125 0.150390625 0.033203125 0.033203125
0 0.0400390625 0.2138671875 0.033203125 0.033203125
0 0.708984375 0.255859375 0.033203125 0.033203125
0 0.630859375 0.2724609375 0.033203125 0.033203125
0 0.458984375 0.3271484375 0.033203125 0.033203125
0 0.3525390625 0.3916015625 0.033203125 0.033203125
0 0.8232421875 0.5244140625 0.033203125 0.033203125
0 0.1396484375 0.5400390625 0.033203125 0.033203125
0 0.8310546875 0.552734375 0.033203125 0.033203125
0 0.7333984375 0.5576171875 0.033203125 0.033203125
0 0.2861328125 0.564453125 0.033203125 0.033203125
0 0.171875 0.56640625 0.033203125 0.033203125
0 0.8427734375 0.568359375 0.033203125 0.033203125
0 0.69140625 0.5703125 0.033203125 0.033203125
0 0.8125 0.5791015625 0.033203125 0.033203125
0 0.6962890625 0.583984375 0.033203125 0.033203125
0 0.1572265625 0.58984375 0.033203125 0.033203125
0 0.224609375 0.59375 0.033203125 0.033203125
0 0.8349609375 0.59375 0.033203125 0.033203125
0 0.734375 0.5947265625 0.033203125 0.033203125
0 0.7021484375 0.6025390625 0.033203125 0.033203125
0 0.7421875 0.611328125 0.033203125 0.033203125
0 0.7158203125 0.619140625 0.033203125 0.033203125
0 0.7294921875 0.6318359375 0.033203125 0.033203125
0 0.2001953125 0.6337890625 0.033203125 0.033203125
0 0.7490234375 0.6435546875 0.033203125 0.033203125
0 0.8662109375 0.6494140625 0.033203125 0.033203125
0 0.71875 0.6513671875 0.033203125 0.033203125
0 0.8310546875 0.6572265625 0.033203125 0.033203125
0 0.87109375 0.66796875 0.033203125 0.033203125
0 0.7255859375 0.6689453125 0.033203125 0.033203125
0 0.7412109375 0.677734375 0.033203125 0.033203125
0 0.8388671875 0.677734375 0.033203125 0.033203125
0 0.880859375 0.68359375 0.033203125 0.033203125
0 0.775390625 0.6865234375 0.033203125 0.033203125
0 0.8408203125 0.693359375 0.033203125 0.033203125
0 0.73828125 0.6962890625 0.033203125 0.033203125
0 0.880859375 0.6982421875 0.033203125 0.033203125
0 0.880859375 0.69921875 0.033203125 0.033203125
0 0.7373046875 0.7177734375 0.033203125 0.033203125
0 0.78515625 0.7216796875 0.033203125 0.033203125
0 0.7451171875 0.73046875 0.033203125 0.033203125
0 0.0771484375 0.7958984375 0.033203125 0.033203125
0 0.2421875 0.890625 0.033203125 0.033203125