0 0.1767578125 0.0078125 0.033203125 0.015625
0 0.16015625 0.01220703125 0.033203125 0.0244140625
0 0.1376953125 0.0146484375 0.033203125 0.029296875
0 0.0078125 0.0537109375 0.015625 0.033203125
0 0.955078125 0.15234375 0.033203125 0.033203125
0 0.98486328125 0.166015625 0.0302734375 0.033203125
0 0.453125 0.287109375 0.033203125 0.033203125
0 0.212890625 0.3681640625 0.033203125 0.033203125
0 0.1240234375 0.396484375 0.033203125 0.033203125
0 0.123046875 0.3974609375 0.033203125 0.033203125
0 0.029296875 0.427734375 0.033203125 0.033203125
0 0.8310546875 0.5068359375 0.033203125 0.033203125
0 0.8125 0.5185546875 0.033203125 0.033203125
0 0.7470703125 0.5283203125 0.033203125 0.033203125
0 0.7314453125 0.5380859375 0.033203125 0.033203125
0 0.5703125 0.560546875 0.033203125 0.033203125
0 0.6259765625 0.5654296875 0.033203125 0.033203125
0 0.5791015625 0.5966796875 0.033203125 0.033203125
0 0.6611328125 0.65234375 0.033203125 0.033203125
0 0.5517578125 0.6865234375 0.033203125 0.033203125
0 0.013671875 0.7724609375 0.02734375 0.033203125
0 0.0576171875 0.8583984375 0.033203125 0.033203125
0 0.0185546875 0.8681640625 0.033203125 0.033203125
0 0.00927734375 0.8701171875 0.0185546875 0.033203125
0 0.107421875 0.919921875 0.033203125 0.033203125
0 0.9560546875 0.951171875 0.033203125 0.033203125
0 0.8251953125 0.9892578125 0.033203125 0.021484375