0 0.9873046875 0.013671875 0.025390625 0.02734375
0 0.7646484375 0.01513671875 0.033203125 0.0302734375
0 0.728515625 0.0244140625 0.033203125 0.033203125
0 0.8134765625 0.0419921875 0.033203125 0.033203125
0 0.603515625 0.0654296875 0.033203125 0.033203125
0 0.666015625 0.1337890625 0.033203125 0.033203125
0 0.51953125 0.140625 0.033203125 0.033203125
0 0.51953125 0.1416015625 0.033203125 0.033203125
0 0.4560546875 0.203125 0.033203125 0.033203125
0 0.376953125 0.208984375 0.033203125 0.033203125
0 0.26953125 0.21875 0.033203125 0.033203125
0 0.326171875 0.2265625 0.033203125 0.033203125
0 0.359375 0.2373046875 0.033203125 0.033203125
0 0.265625 0.2470703125 0.033203125 0.033203125
0 0.044921875 0.2490234375 0.033203125 0.033203125
0 0.1064453125 0.2529296875 0.033203125 0.033203125
0 0.01220703125 0.26171875 0.0244140625 0.033203125
0 0.2041015625 0.2666015625 0.033203125 0.033203125
0 0.4677734375 0.2724609375 0.033203125 0.033203125
0 0.224609375 0.283203125 0.033203125 0.033203125
0 0.4970703125 0.2880859375 0.033203125 0.033203125
0 0.015625 0.3076171875 0.03125 0.033203125
0 0.5166015625 0.33984375 0.033203125 0.033203125
0 0.4921875 0.3447265625 0.033203125 0.033203125
0 0.509765625 0.3984375 0.033203125 0.033203125
0 0.4580078125 0.4306640625 0.033203125 0.033203125
0 0.537109375 0.4755859375 0.033203125 0.033203125
0 0.587890625 0.5517578125 0.033203125 0.033203125
0 0.5078125 0.5810546875 0.033203125 0.033203125
0 0.6025390625 0.5966796875 0.033203125 0.033203125
0 0.3564453125 0.59765625 0.033203125 0.033203125
0 0.5146484375 0.6142578125 0.033203125 0.033203125
0 0.29296875 0.6162109375 0.033203125 0.033203125
0 0.6162109375 0.6318359375 0.033203125 0.033203125
0 0.583984375 0.6357421875 0.033203125 0.033203125
0 0.5283203125 0.65625 0.033203125 0.033203125
0 0.904296875 0.6669921875 0.033203125 0.033203125
0 0.6259765625 0.673828125 0.033203125 0.033203125
0 0.8291015625 0.6904296875 0.033203125 0.033203125
0 0.5419921875 0.6962890625 0.033203125 0.033203125
0 0.5546875 0.7275390625 0.033203125 0.033203125
0 0.9560546875 0.751953125 0.033203125 0.033203125
0 0.931640625 0.7646484375 0.033203125 0.033203125
0 0.568359375 0.7724609375 0.033203125 0.033203125
0 0.9072265625 0.7724609375 0.033203125 0.033203125
0 0.578125 0.810546875 0.033203125 0.033203125
0 0.650390625 0.8427734375 0.033203125 0.033203125
0 0.705078125 0.921875 0.033203125 0.033203125
0 0.869140625 0.9384765625 0.033203125 0.033203125
0 0.62109375 0.9443359375 0.033203125 0.033203125
0 0.634765625 0.984375 0.033203125 0.03125