0 0.8359375 0.00927734375 0.033203125 0.0185546875
0 0.953125 0.009765625 0.033203125 0.01953125
0 0.734375 0.01171875 0.033203125 0.0234375
0 0.98974609375 0.0126953125 0.0205078125 0.025390625
0 0.8681640625 0.013671875 0.033203125 0.02734375
0 0.8701171875 0.01513671875 0.033203125 0.0302734375
0 0.646484375 0.0244140625 0.033203125 0.033203125
0 0.99072265625 0.0244140625 0.0185546875 0.033203125
0 0.740234375 0.0263671875 0.033203125 0.033203125
0 0.8818359375 0.0263671875 0.033203125 0.033203125
0 0.9609375 0.0380859375 0.033203125 0.033203125
0 0.888671875 0.0654296875 0.033203125 0.033203125
0 0.6572265625 0.0712890625 0.033203125 0.033203125
0 0.9775390625 0.0712890625 0.033203125 0.033203125
0 0.765625 0.0791015625 0.033203125 0.033203125
0 0.9775390625 0.0908203125 0.033203125 0.033203125
0 0.986328125 0.1064453125 0.02734375 0.033203125
0 0.865234375 0.1103515625 0.033203125 0.033203125
0 0.9013671875 0.115234375 0.033203125 0.033203125
0 0.7802734375 0.1162109375 0.033203125 0.033203125
0 0.6787109375 0.125 0.033203125 0.033203125
0 0.7822265625 0.13671875 0.033203125 0.033203125
0 0.873046875 0.14453125 0.033203125 0.033203125
0 0.7919921875 0.1552734375 0.033203125 0.033203125
0 0.6904296875 0.1767578125 0.033203125 0.033203125
0 0.796875 0.1865234375 0.033203125 0.033203125
0 0.8955078125 0.193359375 0.033203125 0.033203125
0 0.7158203125 0.2412109375 0.033203125 0.033203125
0 0.7490234375 0.265625 0.033203125 0.033203125
0 0.29296875 0.275390625 0.033203125 0.033203125
0 0.373046875 0.2822265625 0.033203125 0.033203125
0 0.224609375 0.28515625 0.033203125 0.033203125
0 0.732421875 0.28515625 0.033203125 0.033203125
0 0.384765625 0.32421875 0.033203125 0.033203125
0 0.3955078125 0.3544921875 0.033203125 0.033203125
0 0.80859375 0.474609375 0.033203125 0.033203125
0 0.8310546875 0.5419921875 0.033203125 0.033203125
0 0.0439453125 0.5888671875 0.033203125 0.033203125
0 0.8505859375 0.599609375 0.033203125 0.033203125
0 0.865234375 0.654296875 0.033203125 0.033203125
0 0.9462890625 0.8408203125 0.033203125 0.033203125
0 0.17578125 0.888671875 0.033203125 0.033203125
0 0.9619140625 0.8916015625 0.033203125 0.033203125
0 0.9736328125 0.9306640625 0.033203125 0.033203125
0 0.9736328125 0.931640625 0.033203125 0.033203125
0 0.19140625 0.9365234375 0.033203125 0.033203125