0 0.0849609375 0.03125 0.033203125 0.033203125
0 0.1796875 0.041015625 0.033203125 0.033203125
0 0.1611328125 0.05859375 0.033203125 0.033203125
0 0.09765625 0.0693359375 0.033203125 0.033203125
0 0.2626953125 0.1083984375 0.033203125 0.033203125
0 0.1630859375 0.125 0.033203125 0.033203125
0 0.123046875 0.1396484375 0.033203125 0.033203125
0 0.177734375 0.1845703125 0.033203125 0.033203125
0 0.20703125 0.1923828125 0.033203125 0.033203125
0 0.669921875 0.1923828125 0.033203125 0.033203125
0 0.53515625 0.2060546875 0.033203125 0.033203125
0 0.201171875 0.244140625 0.033203125 0.033203125
0 0.3916015625 0.25 0.033203125 0.033203125
0 0.2314453125 0.26171875 0.033203125 0.033203125
0 0.3408203125 0.2685546875 0.033203125 0.033203125
0 0.29296875 0.2724609375 0.033203125 0.033203125
0 0.2177734375 0.2900390625 0.033203125 0.033203125
0 0.337890625 0.294921875 0.033203125 0.033203125
0 0.2607421875 0.3486328125 0.033203125 0.033203125
0 0.1298828125 0.359375 0.033203125 0.033203125
0 0.9541015625 0.3916015625 0.033203125 0.033203125
0 0.2900390625 0.435546875 0.033203125 0.033203125
0 0.9736328125 0.4521484375 0.033203125 0.033203125
0 0.171875 0.453125 0.033203125 0.033203125
0 0.134765625 0.458984375 0.033203125 0.033203125
0 0.111328125 0.462890625 0.033203125 0.033203125
0 0.0947265625 0.46875 0.033203125 0.033203125
0 0.0791015625 0.47265625 0.033203125 0.033203125
0 0.1826171875 0.4736328125 0.033203125 0.033203125
0 0.06640625 0.484375 0.033203125 0.033203125
0 0.9814453125 0.484375 0.033203125 0.033203125
0 0.05078125 0.4912109375 0.033203125 0.033203125
0 0.1865234375 0.4912109375 0.033203125 0.033203125
0 0.0341796875 0.4951171875 0.033203125 0.033203125
0 0.01953125 0.501953125 0.033203125 0.033203125
0 0.0107421875 0.509765625 0.021484375 0.033203125
0 0.19140625 0.5107421875 0.033203125 0.033203125
0 0.990234375 0.52734375 0.01953125 0.033203125
0 0.16015625 0.5498046875 0.033203125 0.033203125
0 0.1435546875 0.5576171875 0.033203125 0.033203125
0 0.1103515625 0.5625 0.033203125 0.033203125
0 0.126953125 0.5634765625 0.033203125 0.033203125
0 0.09765625 0.572265625 0.033203125 0.033203125
0 0.0810546875 0.576171875 0.033203125 0.033203125
0 0.064453125 0.58203125 0.033203125 0.033203125
0 0.0439453125 0.583984375 0.033203125 0.033203125
0 0.0244140625 0.58984375 0.033203125 0.033203125
0 0.818359375 0.845703125 0.033203125 0.033203125
0 0.390625 0.875 0.033203125 0.033203125
0 0.4619140625 0.9677734375 0.033203125 0.033203125