0 0.732421875 0.009765625 0.033203125 0.01953125
0 0.1953125 0.0107421875 0.033203125 0.021484375
0 0.8046875 0.01416015625 0.033203125 0.0283203125
0 0.53125 0.091796875 0.033203125 0.033203125
0 0.623046875 0.09375 0.033203125 0.033203125
0 0.5302734375 0.1259765625 0.033203125 0.033203125
0 0.7578125 0.1513671875 0.033203125 0.033203125
0 0.732421875 0.1572265625 0.033203125 0.033203125
0 0.333984375 0.1904296875 0.033203125 0.033203125
0 0.7802734375 0.216796875 0.033203125 0.033203125
0 0.4326171875 0.23828125 0.033203125 0.033203125
0 0.412109375 0.240234375 0.033203125 0.033203125
0 0.7607421875 0.2431640625 0.033203125 0.033203125
0 0.3544921875 0.2685546875 0.033203125 0.033203125
0 0.3359375 0.2734375 0.033203125 0.033203125
0 0.4521484375 0.3046875 0.033203125 0.033203125
0 0.2744140625 0.30859375 0.033203125 0.033203125
0 0.4375 0.314453125 0.033203125 0.033203125
0 0.837890625 0.3193359375 0.033203125 0.033203125
0 0.4228515625 0.3212890625 0.033203125 0.033203125
0 0.408203125 0.328125 0.033203125 0.033203125
0 0.7666015625 0.34375 0.033203125 0.033203125
0 0.3408203125 0.3447265625 0.033203125 0.033203125
0 0.419921875 0.357421875 0.033203125 0.033203125
0 0.849609375 0.3583984375 0.033203125 0.033203125
0 0.8515625 0.3583984375 0.033203125 0.033203125
0 0.4013671875 0.3681640625 0.033203125 0.033203125
0 0.8037109375 0.3681640625 0.033203125 0.033203125
0 0.3701171875 0.375 0.033203125 0.033203125
0 0.353515625 0.3798828125 0.033203125 0.033203125
0 0.796875 0.4375 0.033203125 0.033203125
0 0.8525390625 0.4501953125 0.033203125 0.033203125
0 0.8154296875 0.4931640625 0.033203125 0.033203125
0 0.322265625 0.62109375 0.033203125 0.033203125
0 0.3330078125 0.6611328125 0.033203125 0.033203125
0 0.90234375 0.744140625 0.033203125 0.033203125
0 0.3720703125 0.77734375 0.033203125 0.033203125
0 0.5390625 0.8046875 0.033203125 0.033203125
0 0.787109375 0.8046875 0.033203125 0.033203125
0 0.5234375 0.830078125 0.033203125 0.033203125