0 0.328125 0.025390625 0.033203125 0.033203125
0 0.8798828125 0.03515625 0.033203125 0.033203125
0 0.38671875 0.0966796875 0.033203125 0.033203125
0 0.98876953125 0.1298828125 0.0224609375 0.033203125
0 0.396484375 0.1337890625 0.033203125 0.033203125
0 0.8896484375 0.1630859375 0.033203125 0.033203125
0 0.3857421875 0.197265625 0.033203125 0.033203125
0 0.1044921875 0.1982421875 0.033203125 0.033203125
0 0.421875 0.2021484375 0.033203125 0.033203125
0 0.1044921875 0.2177734375 0.033203125 0.033203125
0 0.337890625 0.23046875 0.033203125 0.033203125
0 0.9228515625 0.232421875 0.033203125 0.033203125
0 0.4345703125 0.2392578125 0.033203125 0.033203125
0 0.0322265625 0.2802734375 0.033203125 0.033203125
0 0.8916015625 0.28515625 0.033203125 0.033203125
0 0.044921875 0.294921875 0.033203125 0.033203125
0 0.3896484375 0.296875 0.033203125 0.033203125
0 0.892578125 0.3291015625 0.033203125 0.033203125
0 0.0517578125 0.3310546875 0.033203125 0.033203125
0 0.01171875 0.3466796875 0.0234375 0.033203125
0 0.05859375 0.353515625 0.033203125 0.033203125
0 0.4404296875 0.3583984375 0.033203125 0.033203125
0 0.4775390625 0.3642578125 0.033203125 0.033203125
0 0.4248046875 0.3896484375 0.033203125 0.033203125
0 0.4873046875 0.490234375 0.033203125 0.033203125
0 0.76171875 0.5078125 0.033203125 0.033203125
0 0.84765625 0.552734375 0.033203125 0.033203125
0 0.984375 0.5751953125 0.03125 0.033203125
0 0.9619140625 0.580078125 0.033203125 0.033203125
0 0.9443359375 0.5830078125 0.033203125 0.033203125
0 0.431640625 0.5927734375 0.033203125 0.033203125
0 0.802734375 0.6142578125 0.033203125 0.033203125
0 0.40625 0.6181640625 0.033203125 0.033203125
0 0.470703125 0.62109375 0.033203125 0.033203125
0 0.416015625 0.6337890625 0.033203125 0.033203125
0 0.5078125 0.6337890625 0.033203125 0.033203125
0 0.7998046875 0.638671875 0.033203125 0.033203125
0 0.3701171875 0.650390625 0.033203125 0.033203125
0 0.32421875 0.666015625 0.033203125 0.033203125
0 0.814453125 0.681640625 0.033203125 0.033203125
0 0.2626953125 0.68359375 0.033203125 0.033203125
0 0.5380859375 0.7021484375 0.033203125 0.033203125
0 0.5146484375 0.7509765625 0.033203125 0.033203125
0 0.814453125 0.755859375 0.033203125 0.033203125
0 0.5380859375 0.80859375 0.033203125 0.033203125
0 0.8544921875 0.810546875 0.033203125 0.033203125
0 0.8076171875 0.830078125 0.033203125 0.033203125
0 0.5771484375 0.837890625 0.033203125 0.033203125
0 0.6171875 0.9521484375 0.033203125 0.033203125
0 0.65234375 0.978515625 0.033203125 0.033203125