0 0.0927734375 0.00830078125 0.033203125 0.0166015625
0 0.7998046875 0.0107421875 0.033203125 0.021484375
0 0.0341796875 0.01318359375 0.033203125 0.0263671875
0 0.015625 0.01513671875 0.03125 0.0302734375
0 0.099609375 0.0166015625 0.033203125 0.033203125
0 0.111328125 0.0341796875 0.033203125 0.033203125
0 0.115234375 0.0517578125 0.033203125 0.033203125
0 0.119140625 0.0693359375 0.033203125 0.033203125
0 0.359375 0.072265625 0.033203125 0.033203125
0 0.138671875 0.0986328125 0.033203125 0.033203125
0 0.45703125 0.1025390625 0.033203125 0.033203125
0 0.37109375 0.109375 0.033203125 0.033203125
0 0.0615234375 0.1103515625 0.033203125 0.033203125
0 0.04296875 0.1181640625 0.033203125 0.033203125
0 0.025390625 0.123046875 0.033203125 0.033203125
0 0.0126953125 0.126953125 0.025390625 0.033203125
0 0.189453125 0.1416015625 0.033203125 0.033203125
0 0.384765625 0.146484375 0.033203125 0.033203125
0 0.0830078125 0.1533203125 0.033203125 0.033203125
0 0.470703125 0.1533203125 0.033203125 0.033203125
0 0.2001953125 0.1591796875 0.033203125 0.033203125
0 0.2265625 0.1669921875 0.033203125 0.033203125
0 0.0849609375 0.16796875 0.033203125 0.033203125
0 0.0908203125 0.1865234375 0.033203125 0.033203125
0 0.2099609375 0.1923828125 0.033203125 0.033203125
0 0.2353515625 0.201171875 0.033203125 0.033203125
0 0.0986328125 0.2041015625 0.033203125 0.033203125
0 0.10546875 0.2216796875 0.033203125 0.033203125
0 0.2294921875 0.224609375 0.033203125 0.033203125
0 0.111328125 0.2392578125 0.033203125 0.033203125
0 0.2373046875 0.2392578125 0.033203125 0.033203125
0 0.1142578125 0.2568359375 0.033203125 0.033203125
0 0.9423828125 0.283203125 0.033203125 0.033203125
0 0.8974609375 0.296875 0.033203125 0.033203125
0 0.9658203125 0.3017578125 0.033203125 0.033203125
0 0.8603515625 0.30859375 0.033203125 0.033203125
0 0.2451171875 0.3115234375 0.033203125 0.033203125
0 0.224609375 0.31640625 0.033203125 0.033203125
0 0.921875 0.31640625 0.033203125 0.033203125
0 0.8203125 0.3212890625 0.033203125 0.033203125
0 0.2099609375 0.3271484375 0.033203125 0.033203125
0 0.1708984375 0.3349609375 0.033203125 0.033203125
0 0.7763671875 0.3359375 0.033203125 0.033203125
0 0.9658203125 0.3623046875 0.033203125 0.033203125
0 0.7548828125 0.37109375 0.033203125 0.033203125
0 0.2265625 0.3740234375 0.033203125 0.033203125
0 0.9208984375 0.3759765625 0.033203125 0.033203125
0 0.8896484375 0.38671875 0.033203125 0.033203125
0 0.7099609375 0.390625 0.033203125 0.033203125
0 0.8408203125 0.4033203125 0.033203125 0.033203125
0 0.12109375 0.40625 0.033203125 0.033203125
0 0.654296875 0.408203125 0.033203125 0.033203125
0 0.5927734375 0.4091796875 0.033203125 0.033203125
0 0.798828125 0.416015625 0.033203125 0.033203125
0 0.27734375 0.4462890625 0.033203125 0.033203125
0 0.2587890625 0.4521484375 0.033203125 0.033203125
0 0.2412109375 0.4609375 0.033203125 0.033203125
0 0.220703125 0.4658203125 0.033203125 0.033203125
0 0.796875 0.46875 0.033203125 0.033203125
0 0.4541015625 0.470703125 0.033203125 0.033203125
0 0.783203125 0.470703125 0.033203125 0.033203125
0 0.2001953125 0.47265625 0.033203125 0.033203125
0 0.7509765625 0.4775390625 0.033203125 0.033203125
0 0.73828125 0.4873046875 0.033203125 0.033203125
0 0.4658203125 0.4892578125 0.033203125 0.033203125
0 0.7216796875 0.4951171875 0.033203125 0.033203125
0 0.263671875 0.5029296875 0.033203125 0.033203125
0 0.4267578125 0.509765625 0.033203125 0.033203125
0 0.6611328125 0.509765625 0.033203125 0.033203125
0 0.232421875 0.51171875 0.033203125 0.033203125
0 0.646484375 0.5185546875 0.033203125 0.033203125
0 0.8564453125 0.5205078125 0.033203125 0.033203125
0 0.8427734375 0.52734375 0.033203125 0.033203125
0 0.8251953125 0.53125 0.033203125 0.033203125
0 0.32421875 0.5361328125 0.033203125 0.033203125
0 0.80859375 0.5380859375 0.033203125 0.033203125
0 0.791015625 0.5400390625 0.033203125 0.033203125
0 0.3759765625 0.5419921875 0.033203125 0.033203125
0 0.779296875 0.544921875 0.033203125 0.033203125
0 0.76171875 0.55078125 0.033203125 0.033203125
0 0.7431640625 0.556640625 0.033203125 0.033203125
0 0.31640625 0.560546875 0.033203125 0.033203125
0 0.728515625 0.5615234375 0.033203125 0.033203125
0 0.8349609375 0.564453125 0.033203125 0.033203125
0 0.716796875 0.568359375 0.033203125 0.033203125
0 0.80859375 0.5791015625 0.033203125 0.033203125
0 0.7919921875 0.58203125 0.033203125 0.033203125
0 0.7734375 0.5859375 0.033203125 0.033203125
0 0.7392578125 0.5927734375 0.033203125 0.033203125
0 0.7578125 0.5927734375 0.033203125 0.033203125
0 0.7255859375 0.6015625 0.033203125 0.033203125
0 0.8935546875 0.6484375 0.033203125 0.033203125
0 0.8798828125 0.6533203125 0.033203125 0.033203125
0 0.74609375 0.6630859375 0.033203125 0.033203125
0 0.85546875 0.6640625 0.033203125 0.033203125
0 0.7333984375 0.6689453125 0.033203125 0.033203125
0 0.841796875 0.6689453125 0.033203125 0.033203125
0 0.017578125 0.6708984375 0.033203125 0.033203125
0 0.716796875 0.6728515625 0.033203125 0.033203125
0 0.8251953125 0.673828125 0.033203125 0.033203125
0 0.8076171875 0.6787109375 0.033203125 0.033203125
0 0.6982421875 0.6796875 0.033203125 0.033203125
0 0.7900390625 0.68359375 0.033203125 0.033203125
0 0.7724609375 0.6884765625 0.033203125 0.033203125
0 0.755859375 0.6982421875 0.033203125 0.033203125
0 0.73828125 0.7001953125 0.033203125 0.033203125
0 0.7236328125 0.708984375 0.033203125 0.033203125
0 0.708984375 0.71484375 0.033203125 0.033203125
0 0.86328125 0.7412109375 0.033203125 0.033203125
0 0.830078125 0.75 0.033203125 0.033203125
0 0.4775390625 0.861328125 0.033203125 0.033203125
0 0.5556640625 0.875 0.033203125 0.033203125
0 0.41796875 0.880859375 0.033203125 0.033203125
0 0.541015625 0.8837890625 0.033203125 0.033203125
0 0.5234375 0.88671875 0.033203125 0.033203125
0 0.4951171875 0.890625 0.033203125 0.033203125
0 0.8896484375 0.890625 0.033203125 0.033203125
0 0.3740234375 0.896484375 0.033203125 0.033203125
0 0.478515625 0.9052734375 0.033203125 0.033203125
0 0.33203125 0.908203125 0.033203125 0.033203125
0 0.4580078125 0.9091796875 0.033203125 0.033203125
0 0.4404296875 0.912109375 0.033203125 0.033203125
0 0.2509765625 0.9140625 0.033203125 0.033203125
0 0.427734375 0.916015625 0.033203125 0.033203125
0 0.7119140625 0.916015625 0.033203125 0.033203125
0 0.654296875 0.919921875 0.033203125 0.033203125
0 0.3935546875 0.921875 0.033203125 0.033203125
0 0.2939453125 0.9228515625 0.033203125 0.033203125
0 0.2490234375 0.93359375 0.033203125 0.033203125
0 0.3798828125 0.9345703125 0.033203125 0.033203125
0 0.361328125 0.9384765625 0.033203125 0.033203125
0 0.724609375 0.943359375 0.033203125 0.033203125
0 0.345703125 0.94921875 0.033203125 0.033203125
0 0.3271484375 0.9541015625 0.033203125 0.033203125
0 0.296875 0.9609375 0.033203125 0.033203125
0 0.1669921875 0.9619140625 0.033203125 0.033203125
0 0.5869140625 0.96484375 0.033203125 0.033203125
0 0.5625 0.9677734375 0.033203125 0.033203125
0 0.2783203125 0.96875 0.033203125 0.033203125
0 0.1318359375 0.9736328125 0.033203125 0.033203125
0 0.5263671875 0.9736328125 0.033203125 0.033203125
0 0.5458984375 0.9736328125 0.033203125 0.033203125
0 0.2470703125 0.978515625 0.033203125 0.033203125
0 0.6455078125 0.98046875 0.033203125 0.033203125
0 0.23046875 0.984375 0.033203125 0.03125
0 0.509765625 0.984375 0.033203125 0.03125
0 0.0849609375 0.98583984375 0.033203125 0.0283203125
0 0.4921875 0.986328125 0.033203125 0.02734375
0 0.21484375 0.9873046875 0.033203125 0.025390625
0 0.4765625 0.9892578125 0.033203125 0.021484375
0 0.7373046875 0.98974609375 0.033203125 0.0205078125