0 0.5263671875 0.259765625 0.033203125 0.033203125
0 0.01220703125 0.287109375 0.0244140625 0.033203125
0 0.5908203125 0.2958984375 0.033203125 0.033203125
0 0.330078125 0.55859375 0.033203125 0.033203125
0 0.5517578125 0.646484375 0.033203125 0.033203125
0 0.6396484375 0.720703125 0.033203125 0.033203125
0 0.654296875 0.765625 0.033203125 0.033203125
0 0.0546875 0.76953125 0.033203125 0.033203125
0 0.5595703125 0.796875 0.033203125 0.033203125
0 0.6650390625 0.8056640625 0.033203125 0.033203125
0 0.595703125 0.8154296875 0.033203125 0.033203125
0 0.0693359375 0.8232421875 0.033203125 0.033203125
0 0.572265625 0.8349609375 0.033203125 0.033203125
0 0.5810546875 0.8759765625 0.033203125 0.033203125
0 0.2041015625 0.87890625 0.033203125 0.033203125
0 0.0966796875 0.904296875 0.033203125 0.033203125
0 0.6982421875 0.908203125 0.033203125 0.033203125
0 0.5927734375 0.9091796875 0.033203125 0.033203125
0 0.671875 0.9189453125 0.033203125 0.033203125
0 0.7080078125 0.9541015625 0.033203125 0.033203125
0 0.1220703125 0.98388671875 0.033203125 0.0322265625