0 0.2890625 0.3193359375 0.033203125 0.033203125
0 0.3056640625 0.3779296875 0.033203125 0.033203125
0 0.2724609375 0.4560546875 0.033203125 0.033203125
0 0.3369140625 0.474609375 0.033203125 0.033203125
0 0.349609375 0.5185546875 0.033203125 0.033203125
0 0.36328125 0.5595703125 0.033203125 0.033203125
0 0.3720703125 0.5986328125 0.033203125 0.033203125
0 0.3896484375 0.65234375 0.033203125 0.033203125
0 0.40234375 0.685546875 0.033203125 0.033203125
0 0.4267578125 0.76171875 0.033203125 0.033203125
0 0.4384765625 0.8056640625 0.033203125 0.033203125
0 0.453125 0.8427734375 0.033203125 0.033203125
0 0.4697265625 0.8994140625 0.033203125 0.033203125