0 0.615234375 0.041015625 0.033203125 0.033203125
0 0.6279296875 0.06640625 0.033203125 0.033203125
0 0.6328125 0.0966796875 0.033203125 0.033203125
0 0.6416015625 0.1171875 0.033203125 0.033203125
0 0.6474609375 0.138671875 0.033203125 0.033203125
0 0.654296875 0.1640625 0.033203125 0.033203125
0 0.6611328125 0.1845703125 0.033203125 0.033203125
0 0.7294921875 0.2275390625 0.033203125 0.033203125
0 0.56640625 0.2802734375 0.033203125 0.033203125
0 0.53515625 0.2880859375 0.033203125 0.033203125
0 0.7138671875 0.2978515625 0.033203125 0.033203125
0 0.49609375 0.3017578125 0.033203125 0.033203125
0 0.6826171875 0.30859375 0.033203125 0.033203125
0 0.607421875 0.310546875 0.033203125 0.033203125
0 0.4580078125 0.314453125 0.033203125 0.033203125
0 0.478515625 0.3505859375 0.033203125 0.033203125
0 0.275390625 0.3759765625 0.033203125 0.033203125
0 0.2314453125 0.38671875 0.033203125 0.033203125
0 0.1962890625 0.400390625 0.033203125 0.033203125
0 0.15234375 0.4130859375 0.033203125 0.033203125
0 0.115234375 0.423828125 0.033203125 0.033203125
0 0.0693359375 0.439453125 0.033203125 0.033203125
0 0.02734375 0.4541015625 0.033203125 0.033203125
0 0.775390625 0.8212890625 0.033203125 0.033203125
0 0.4833984375 0.98974609375 0.033203125 0.0205078125