0 0.5224609375 0.048828125 0.033203125 0.033203125
0 0.072265625 0.0732421875 0.033203125 0.033203125
0 0.68359375 0.158203125 0.033203125 0.033203125
0 0.62890625 0.1630859375 0.033203125 0.033203125
0 0.6904296875 0.1748046875 0.033203125 0.033203125
0 0.8017578125 0.1982421875 0.033203125 0.033203125
0 0.666015625 0.2177734375 0.033203125 0.033203125
0 0.6513671875 0.224609375 0.033203125 0.033203125
0 0.5322265625 0.4873046875 0.033203125 0.033203125
0 0.5595703125 0.57421875 0.033203125 0.033203125
0 0.560546875 0.57421875 0.033203125 0.033203125
0 0.0498046875 0.580078125 0.033203125 0.033203125
0 0.056640625 0.6015625 0.033203125 0.033203125
0 0.8291015625 0.6494140625 0.033203125 0.033203125
0 0.7861328125 0.662109375 0.033203125 0.033203125
0 0.7373046875 0.6748046875 0.033203125 0.033203125
0 0.65625 0.7060546875 0.033203125 0.033203125
0 0.609375 0.7197265625 0.033203125 0.033203125
0 0.5244140625 0.748046875 0.033203125 0.033203125
0 0.3837890625 0.759765625 0.033203125 0.033203125
0 0.484375 0.759765625 0.033203125 0.033203125
0 0.2529296875 0.775390625 0.033203125 0.033203125
0 0.251953125 0.7763671875 0.033203125 0.033203125
0 0.3818359375 0.7958984375 0.033203125 0.033203125
0 0.6064453125 0.828125 0.033203125 0.033203125
0 0.2626953125 0.8310546875 0.033203125 0.033203125
0 0.2216796875 0.8466796875 0.033203125 0.033203125
0 0.1513671875 0.8662109375 0.033203125 0.033203125
0 0.107421875 0.8818359375 0.033203125 0.033203125