0 0.6181640625 0.0078125 0.033203125 0.015625
0 0.7392578125 0.0107421875 0.033203125 0.021484375
0 0.6240234375 0.015625 0.033203125 0.03125
0 0.685546875 0.0205078125 0.033203125 0.033203125
0 0.703125 0.0205078125 0.033203125 0.033203125
0 0.6279296875 0.029296875 0.033203125 0.033203125
0 0.666015625 0.03125 0.033203125 0.033203125
0 0.9169921875 0.04296875 0.033203125 0.033203125
0 0.9326171875 0.0947265625 0.033203125 0.033203125
0 0.947265625 0.1337890625 0.033203125 0.033203125
0 0.01025390625 0.2666015625 0.0205078125 0.033203125
0 0.015625 0.302734375 0.03125 0.033203125
0 0.03125 0.353515625 0.033203125 0.033203125
0 0.0498046875 0.4052734375 0.033203125 0.033203125
0 0.0625 0.44140625 0.033203125 0.033203125
0 0.0703125 0.4833984375 0.033203125 0.033203125
0 0.025390625 0.48828125 0.033203125 0.033203125
0 0.0810546875 0.5185546875 0.033203125 0.033203125
0 0.0146484375 0.54296875 0.029296875 0.033203125
0 0.0966796875 0.5576171875 0.033203125 0.033203125
0 0.029296875 0.583984375 0.033203125 0.033203125
0 0.115234375 0.6181640625 0.033203125 0.033203125
0 0.041015625 0.623046875 0.033203125 0.033203125
0 0.126953125 0.658203125 0.033203125 0.033203125
0 0.05078125 0.6630859375 0.033203125 0.033203125
0 0.1455078125 0.70703125 0.033203125 0.033203125
0 0.0732421875 0.7333984375 0.033203125 0.033203125
0 0.158203125 0.7451171875 0.033203125 0.033203125
0 0.08984375 0.7763671875 0.033203125 0.033203125
0 0.1005859375 0.8134765625 0.033203125 0.033203125
0 0.9423828125 0.8603515625 0.033203125 0.033203125
0 0.8857421875 0.880859375 0.033203125 0.033203125
0 0.4892578125 0.88671875 0.033203125 0.033203125
0 0.734375 0.9296875 0.033203125 0.033203125
0 0.392578125 0.98974609375 0.033203125 0.0205078125