0 0.9814453125 0.1953125 0.033203125 0.033203125
0 0.5927734375 0.25 0.033203125 0.033203125
0 0.5341796875 0.2607421875 0.033203125 0.033203125
0 0.49609375 0.2744140625 0.033203125 0.033203125
0 0.4521484375 0.2861328125 0.033203125 0.033203125
0 0.4609375 0.380859375 0.033203125 0.033203125
0 0.9609375 0.396484375 0.033203125 0.033203125
0 0.4765625 0.4609375 0.033203125 0.033203125
0 0.41796875 0.4775390625 0.033203125 0.033203125
0 0.84765625 0.7119140625 0.033203125 0.033203125
0 0.8564453125 0.7392578125 0.033203125 0.033203125
0 0.8203125 0.751953125 0.033203125 0.033203125
0 0.7890625 0.759765625 0.033203125 0.033203125
0 0.7587890625 0.7705078125 0.033203125 0.033203125
0 0.72265625 0.7841796875 0.033203125 0.033203125
0 0.68359375 0.796875 0.033203125 0.033203125
0 0.6357421875 0.810546875 0.033203125 0.033203125
0 0.6015625 0.822265625 0.033203125 0.033203125
0 0.5625 0.8369140625 0.033203125 0.033203125
0 0.5166015625 0.8505859375 0.033203125 0.033203125
0 0.4716796875 0.8671875 0.033203125 0.033203125
0 0.4404296875 0.87890625 0.033203125 0.033203125
0 0.4033203125 0.890625 0.033203125 0.033203125
0 0.0712890625 0.9775390625 0.033203125 0.033203125