0 0.4541015625 0.0263671875 0.033203125 0.033203125
0 0.0078125 0.046875 0.015625 0.033203125
0 0.5390625 0.0908203125 0.033203125 0.033203125
0 0.48046875 0.1142578125 0.033203125 0.033203125
0 0.4814453125 0.1142578125 0.033203125 0.033203125
0 0.5517578125 0.130859375 0.033203125 0.033203125
0 0.068359375 0.2666015625 0.033203125 0.033203125
0 0.0087890625 0.2958984375 0.017578125 0.033203125
0 0.58203125 0.427734375 0.033203125 0.033203125
0 0.8173828125 0.533203125 0.033203125 0.033203125
0 0.73046875 0.5810546875 0.033203125 0.033203125
0 0.6376953125 0.5908203125 0.033203125 0.033203125
0 0.6240234375 0.615234375 0.033203125 0.033203125
0 0.7119140625 0.615234375 0.033203125 0.033203125
0 0.5283203125 0.6259765625 0.033203125 0.033203125
0 0.9501953125 0.638671875 0.033203125 0.033203125
0 0.9267578125 0.6435546875 0.033203125 0.033203125
0 0.896484375 0.646484375 0.033203125 0.033203125
0 0.869140625 0.6513671875 0.033203125 0.033203125
0 0.369140625 0.6748046875 0.033203125 0.033203125
0 0.072265625 0.67578125 0.033203125 0.033203125
0 0.14453125 0.6787109375 0.033203125 0.033203125
0 0.1015625 0.6806640625 0.033203125 0.033203125
0 0.3544921875 0.705078125 0.033203125 0.033203125
0 0.0458984375 0.70703125 0.033203125 0.033203125
0 0.916015625 0.70703125 0.033203125 0.033203125
0 0.06640625 0.716796875 0.033203125 0.033203125
0 0.88671875 0.720703125 0.033203125 0.033203125
0 0.28125 0.7265625 0.033203125 0.033203125
0 0.193359375 0.732421875 0.033203125 0.033203125
0 0.9189453125 0.7490234375 0.033203125 0.033203125
0 0.1904296875 0.7578125 0.033203125 0.033203125
0 0.89453125 0.7666015625 0.033203125 0.033203125
0 0.9267578125 0.806640625 0.033203125 0.033203125
0 0.904296875 0.8212890625 0.033203125 0.033203125
0 0.8427734375 0.8701171875 0.033203125 0.033203125
0 0.9111328125 0.8701171875 0.033203125 0.033203125
0 0.849609375 0.890625 0.033203125 0.033203125