0 0.58203125 0.09375 0.033203125 0.033203125
0 0.482421875 0.123046875 0.033203125 0.033203125
0 0.447265625 0.1337890625 0.033203125 0.033203125
0 0.4111328125 0.14453125 0.033203125 0.033203125
0 0.244140625 0.1611328125 0.033203125 0.033203125
0 0.2783203125 0.1865234375 0.033203125 0.033203125
0 0.2802734375 0.1865234375 0.033203125 0.033203125
0 0.63671875 0.2021484375 0.033203125 0.033203125
0 0.234375 0.203125 0.033203125 0.033203125
0 0.1904296875 0.2158203125 0.033203125 0.033203125
0 0.017578125 0.2275390625 0.033203125 0.033203125
0 0.1455078125 0.2294921875 0.033203125 0.033203125
0 0.6484375 0.2421875 0.033203125 0.033203125
0 0.6494140625 0.2421875 0.033203125 0.033203125
0 0.0302734375 0.2666015625 0.033203125 0.033203125
0 0.666015625 0.283203125 0.033203125 0.033203125
0 0.673828125 0.3271484375 0.033203125 0.033203125
0 0.6865234375 0.3671875 0.033203125 0.033203125
0 0.9736328125 0.3857421875 0.033203125 0.033203125
0 0.958984375 0.388671875 0.033203125 0.033203125
0 0.98828125 0.390625 0.0234375 0.033203125
0 0.9443359375 0.3974609375 0.033203125 0.033203125
0 0.69921875 0.400390625 0.033203125 0.033203125
0 0.98486328125 0.4208984375 0.0302734375 0.033203125
0 0.9697265625 0.4248046875 0.033203125 0.033203125
0 0.9541015625 0.4287109375 0.033203125 0.033203125
0 0.9375 0.4296875 0.033203125 0.033203125
0 0.9228515625 0.443359375 0.033203125 0.033203125
0 0.7119140625 0.4462890625 0.033203125 0.033203125
0 0.90625 0.455078125 0.033203125 0.033203125
0 0.9169921875 0.490234375 0.033203125 0.033203125
0 0.728515625 0.4912109375 0.033203125 0.033203125
0 0.98583984375 0.50390625 0.0283203125 0.033203125
0 0.9658203125 0.513671875 0.033203125 0.033203125
0 0.7353515625 0.525390625 0.033203125 0.033203125
0 0.908203125 0.533203125 0.033203125 0.033203125
0 0.6748046875 0.5400390625 0.033203125 0.033203125
0 0.75 0.5712890625 0.033203125 0.033203125
0 0.93359375 0.619140625 0.033203125 0.033203125
0 0.935546875 0.63671875 0.033203125 0.033203125
0 0.9765625 0.64453125 0.033203125 0.033203125
0 0.7744140625 0.646484375 0.033203125 0.033203125
0 0.9384765625 0.6552734375 0.033203125 0.033203125
0 0.982421875 0.66015625 0.033203125 0.033203125
0 0.98486328125 0.677734375 0.0302734375 0.033203125
0 0.7861328125 0.6806640625 0.033203125 0.033203125
0 0.9521484375 0.6884765625 0.033203125 0.033203125
0 0.98828125 0.6923828125 0.0234375 0.033203125
0 0.796875 0.7177734375 0.033203125 0.033203125
0 0.8388671875 0.7265625 0.033203125 0.033203125
0 0.779296875 0.748046875 0.033203125 0.033203125
0 0.8056640625 0.75 0.033203125 0.033203125
0 0.97265625 0.7548828125 0.033203125 0.033203125
0 0.857421875 0.771484375 0.033203125 0.033203125
0 0.814453125 0.7802734375 0.033203125 0.033203125
0 0.6884765625 0.892578125 0.033203125 0.033203125
0 0.6474609375 0.90625 0.033203125 0.033203125
0 0.6025390625 0.919921875 0.033203125 0.033203125
0 0.5615234375 0.931640625 0.033203125 0.033203125
0 0.51953125 0.9462890625 0.033203125 0.033203125
0 0.4033203125 0.9814453125 0.033203125 0.033203125
0 0.369140625 0.98876953125 0.033203125 0.0224609375