0 0.966796875 0.0146484375 0.033203125 0.029296875
0 0.1689453125 0.0244140625 0.033203125 0.033203125
0 0.5068359375 0.0322265625 0.033203125 0.033203125
0 0.546875 0.0341796875 0.033203125 0.033203125
0 0.453125 0.0517578125 0.033203125 0.033203125
0 0.693359375 0.0703125 0.033203125 0.033203125
0 0.671875 0.0732421875 0.033203125 0.033203125
0 0.658203125 0.0771484375 0.033203125 0.033203125
0 0.80859375 0.0771484375 0.033203125 0.033203125
0 0.55859375 0.080078125 0.033203125 0.033203125
0 0.1923828125 0.0810546875 0.033203125 0.033203125
0 0.7373046875 0.0986328125 0.033203125 0.033203125
0 0.671875 0.123046875 0.033203125 0.033203125
0 0.9501953125 0.125 0.033203125 0.033203125
0 0.4912109375 0.146484375 0.033203125 0.033203125
0 0.98388671875 0.15234375 0.0322265625 0.033203125
0 0.927734375 0.1669921875 0.033203125 0.033203125
0 0.505859375 0.1787109375 0.033203125 0.033203125
0 0.896484375 0.1865234375 0.033203125 0.033203125
0 0.5205078125 0.193359375 0.033203125 0.033203125
0 0.6953125 0.2021484375 0.033203125 0.033203125
0 0.7138671875 0.203125 0.033203125 0.033203125
0 0.8125 0.20703125 0.033203125 0.033203125
0 0.6416015625 0.212890625 0.033203125 0.033203125
0 0.6650390625 0.2138671875 0.033203125 0.033203125
0 0.4755859375 0.21875 0.033203125 0.033203125
0 0.9853515625 0.23828125 0.029296875 0.033203125
0 0.4951171875 0.244140625 0.033203125 0.033203125
0 0.97265625 0.244140625 0.033203125 0.033203125
0 0.953125 0.248046875 0.033203125 0.033203125
0 0.9365234375 0.2529296875 0.033203125 0.033203125
0 0.9208984375 0.2626953125 0.033203125 0.033203125
0 0.904296875 0.265625 0.033203125 0.033203125
0 0.8896484375 0.26953125 0.033203125 0.033203125
0 0.51953125 0.279296875 0.033203125 0.033203125
0 0.8525390625 0.279296875 0.033203125 0.033203125
0 0.9814453125 0.28125 0.033203125 0.033203125
0 0.6611328125 0.283203125 0.033203125 0.033203125
0 0.94921875 0.2880859375 0.033203125 0.033203125
0 0.837890625 0.2919921875 0.033203125 0.033203125
0 0.9296875 0.296875 0.033203125 0.033203125
0 0.916015625 0.3046875 0.033203125 0.033203125
0 0.90234375 0.30859375 0.033203125 0.033203125
0 0.5458984375 0.310546875 0.033203125 0.033203125
0 0.884765625 0.314453125 0.033203125 0.033203125
0 0.8662109375 0.3193359375 0.033203125 0.033203125
0 0.634765625 0.330078125 0.033203125 0.033203125
0 0.837890625 0.3330078125 0.033203125 0.033203125
0 0.8154296875 0.3408203125 0.033203125 0.033203125
0 0.57421875 0.34765625 0.033203125 0.033203125
0 0.2822265625 0.37890625 0.033203125 0.033203125
0 0.59765625 0.37890625 0.033203125 0.033203125
0 0.9697265625 0.3828125 0.033203125 0.033203125
0 0.955078125 0.3876953125 0.033203125 0.033203125
0 0.9375 0.392578125 0.033203125 0.033203125
0 0.91796875 0.396484375 0.033203125 0.033203125
0 0.90234375 0.4013671875 0.033203125 0.033203125
0 0.8857421875 0.4091796875 0.033203125 0.033203125
0 0.7001953125 0.4150390625 0.033203125 0.033203125
0 0.849609375 0.416015625 0.033203125 0.033203125
0 0.30078125 0.4267578125 0.033203125 0.033203125
0 0.9580078125 0.4443359375 0.033203125 0.033203125
0 0.7431640625 0.4482421875 0.033203125 0.033203125
0 0.921875 0.455078125 0.033203125 0.033203125
0 0.3310546875 0.46484375 0.033203125 0.033203125
0 0.88671875 0.46484375 0.033203125 0.033203125
0 0.369140625 0.490234375 0.033203125 0.033203125
0 0.466796875 0.4921875 0.033203125 0.033203125
0 0.791015625 0.568359375 0.033203125 0.033203125
0 0.4052734375 0.6806640625 0.033203125 0.033203125