0 0.935546875 0.0390625 0.033203125 0.033203125
0 0.8935546875 0.0556640625 0.033203125 0.033203125
0 0.98876953125 0.064453125 0.0224609375 0.033203125
0 0.974609375 0.072265625 0.033203125 0.033203125
0 0.9580078125 0.0751953125 0.033203125 0.033203125
0 0.9384765625 0.0849609375 0.033203125 0.033203125
0 0.9052734375 0.0908203125 0.033203125 0.033203125
0 0.8701171875 0.1015625 0.033203125 0.033203125
0 0.8525390625 0.1064453125 0.033203125 0.033203125
0 0.8369140625 0.111328125 0.033203125 0.033203125
0 0.8212890625 0.1171875 0.033203125 0.033203125
0 0.6982421875 0.119140625 0.033203125 0.033203125
0 0.8046875 0.1240234375 0.033203125 0.033203125
0 0.7880859375 0.1279296875 0.033203125 0.033203125
0 0.662109375 0.1318359375 0.033203125 0.033203125
0 0.775390625 0.140625 0.033203125 0.033203125
0 0.7548828125 0.1435546875 0.033203125 0.033203125
0 0.306640625 0.14453125 0.033203125 0.033203125
0 0.615234375 0.146484375 0.033203125 0.033203125
0 0.7353515625 0.1474609375 0.033203125 0.033203125
0 0.720703125 0.1533203125 0.033203125 0.033203125
0 0.7021484375 0.1611328125 0.033203125 0.033203125
0 0.9375 0.1640625 0.033203125 0.033203125
0 0.6865234375 0.166015625 0.033203125 0.033203125
0 0.669921875 0.1689453125 0.033203125 0.033203125
0 0.919921875 0.171875 0.033203125 0.033203125
0 0.6513671875 0.17578125 0.033203125 0.033203125
0 0.6298828125 0.1787109375 0.033203125 0.033203125
0 0.61328125 0.1826171875 0.033203125 0.033203125
0 0.9033203125 0.1845703125 0.033203125 0.033203125
0 0.9794921875 0.185546875 0.033203125 0.033203125
0 0.5966796875 0.19140625 0.033203125 0.033203125
0 0.3203125 0.1923828125 0.033203125 0.033203125
0 0.890625 0.193359375 0.033203125 0.033203125
0 0.869140625 0.1962890625 0.033203125 0.033203125
0 0.5634765625 0.19921875 0.033203125 0.033203125
0 0.583984375 0.2001953125 0.033203125 0.033203125
0 0.8544921875 0.2021484375 0.033203125 0.033203125
0 0.5478515625 0.2060546875 0.033203125 0.033203125
0 0.8369140625 0.20703125 0.033203125 0.033203125
0 0.53125 0.2138671875 0.033203125 0.033203125
0 0.814453125 0.2158203125 0.033203125 0.033203125
0 0.796875 0.220703125 0.033203125 0.033203125
0 0.5146484375 0.22265625 0.033203125 0.033203125
0 0.7783203125 0.2236328125 0.033203125 0.033203125
0 0.7607421875 0.2275390625 0.033203125 0.033203125
0 0.4990234375 0.2294921875 0.033203125 0.033203125
0 0.4814453125 0.2314453125 0.033203125 0.033203125
0 0.744140625 0.2314453125 0.033203125 0.033203125
0 0.7275390625 0.23828125 0.033203125 0.033203125
0 0.7138671875 0.2431640625 0.033203125 0.033203125
0 0.3408203125 0.2451171875 0.033203125 0.033203125
0 0.6923828125 0.24609375 0.033203125 0.033203125
0 0.6748046875 0.2548828125 0.033203125 0.033203125
0 0.66015625 0.2587890625 0.033203125 0.033203125
0 0.7900390625 0.2607421875 0.033203125 0.033203125
0 0.6416015625 0.263671875 0.033203125 0.033203125
0 0.7724609375 0.263671875 0.033203125 0.033203125
0 0.75390625 0.2666015625 0.033203125 0.033203125
0 0.37109375 0.2685546875 0.033203125 0.033203125
0 0.625 0.271484375 0.033203125 0.033203125
0 0.7392578125 0.2734375 0.033203125 0.033203125
0 0.6103515625 0.279296875 0.033203125 0.033203125
0 0.5927734375 0.28125 0.033203125 0.033203125
0 0.703125 0.283203125 0.033203125 0.033203125
0 0.3515625 0.28515625 0.033203125 0.033203125
0 0.5751953125 0.2890625 0.033203125 0.033203125
0 0.6865234375 0.2890625 0.033203125 0.033203125
0 0.5576171875 0.2958984375 0.033203125 0.033203125
0 0.5439453125 0.30078125 0.033203125 0.033203125
0 0.6357421875 0.3046875 0.033203125 0.033203125
0 0.525390625 0.30859375 0.033203125 0.033203125
0 0.4892578125 0.3125 0.033203125 0.033203125
0 0.505859375 0.3125 0.033203125 0.033203125
0 0.603515625 0.3173828125 0.033203125 0.033203125
0 0.3642578125 0.3212890625 0.033203125 0.033203125
0 0.5888671875 0.3232421875 0.033203125 0.033203125
0 0.5693359375 0.33203125 0.033203125 0.033203125
0 0.552734375 0.3388671875 0.033203125 0.033203125
0 0.517578125 0.3447265625 0.033203125 0.033203125
0 0.5361328125 0.345703125 0.033203125 0.033203125
0 0.70703125 0.3603515625 0.033203125 0.033203125
0 0.3798828125 0.36328125 0.033203125 0.033203125
0 0.0771484375 0.365234375 0.033203125 0.033203125
0 0.6904296875 0.3662109375 0.033203125 0.033203125
0 0.658203125 0.3759765625 0.033203125 0.033203125
0 0.0771484375 0.3837890625 0.033203125 0.033203125
0 0.642578125 0.384765625 0.033203125 0.033203125
0 0.6259765625 0.3896484375 0.033203125 0.033203125
0 0.6064453125 0.390625 0.033203125 0.033203125
0 0.591796875 0.400390625 0.033203125 0.033203125
0 0.5732421875 0.4033203125 0.033203125 0.033203125
0 0.3916015625 0.4052734375 0.033203125 0.033203125
0 0.470703125 0.4091796875 0.033203125 0.033203125
0 0.5576171875 0.4091796875 0.033203125 0.033203125
0 0.53515625 0.4130859375 0.033203125 0.033203125
0 0.634765625 0.41796875 0.033203125 0.033203125
0 0.400390625 0.435546875 0.033203125 0.033203125
0 0.4833984375 0.4501953125 0.033203125 0.033203125
0 0.431640625 0.451171875 0.033203125 0.033203125
0 0.4951171875 0.4873046875 0.033203125 0.033203125
0 0.7177734375 0.5087890625 0.033203125 0.033203125
0 0.943359375 0.517578125 0.033203125 0.033203125
0 0.6845703125 0.51953125 0.033203125 0.033203125
0 0.9013671875 0.5302734375 0.033203125 0.033203125
0 0.51171875 0.5419921875 0.033203125 0.033203125
0 0.8623046875 0.5458984375 0.033203125 0.033203125
0 0.4677734375 0.568359375 0.033203125 0.033203125
0 0.775390625 0.5712890625 0.033203125 0.033203125
0 0.728515625 0.5888671875 0.033203125 0.033203125
0 0.4697265625 0.650390625 0.033203125 0.033203125
0 0.58203125 0.6806640625 0.033203125 0.033203125
0 0.4833984375 0.6884765625 0.033203125 0.033203125
0 0.5 0.74609375 0.033203125 0.033203125
0 0.5185546875 0.7958984375 0.033203125 0.033203125
0 0.9443359375 0.90625 0.033203125 0.033203125
0 0.943359375 0.9248046875 0.033203125 0.033203125
0 0.962890625 0.9384765625 0.033203125 0.033203125
0 0.962890625 0.9580078125 0.033203125 0.033203125
0 0.98828125 0.970703125 0.0234375 0.033203125
0 0.974609375 0.98828125 0.033203125 0.0234375