0 0.2734375 0.00927734375 0.033203125 0.0185546875
0 0.2548828125 0.01416015625 0.033203125 0.0283203125
0 0.5029296875 0.025390625 0.033203125 0.033203125
0 0.3876953125 0.0576171875 0.033203125 0.033203125
0 0.37109375 0.0673828125 0.033203125 0.033203125
0 0.37109375 0.068359375 0.033203125 0.033203125
0 0.35546875 0.0732421875 0.033203125 0.033203125
0 0.333984375 0.080078125 0.033203125 0.033203125
0 0.318359375 0.0859375 0.033203125 0.033203125
0 0.298828125 0.087890625 0.033203125 0.033203125
0 0.298828125 0.0888671875 0.033203125 0.033203125
0 0.423828125 0.0908203125 0.033203125 0.033203125
0 0.2822265625 0.091796875 0.033203125 0.033203125
0 0.408203125 0.0966796875 0.033203125 0.033203125
0 0.2607421875 0.0986328125 0.033203125 0.033203125
0 0.3662109375 0.1064453125 0.033203125 0.033203125
0 0.384765625 0.1064453125 0.033203125 0.033203125
0 0.330078125 0.123046875 0.033203125 0.033203125
0 0.1640625 0.1279296875 0.033203125 0.033203125
0 0.16796875 0.130859375 0.033203125 0.033203125
0 0.181640625 0.1806640625 0.033203125 0.033203125
0 0.181640625 0.181640625 0.033203125 0.033203125
0 0.1826171875 0.181640625 0.033203125 0.033203125
0 0.181640625 0.1826171875 0.033203125 0.033203125
0 0.2099609375 0.26953125 0.033203125 0.033203125
0 0.2119140625 0.26953125 0.033203125 0.033203125
0 0.224609375 0.3115234375 0.033203125 0.033203125
0 0.248046875 0.388671875 0.033203125 0.033203125
0 0.26171875 0.43359375 0.033203125 0.033203125
0 0.275390625 0.4765625 0.033203125 0.033203125
0 0.2861328125 0.515625 0.033203125 0.033203125
0 0.3505859375 0.533203125 0.033203125 0.033203125
0 0.931640625 0.748046875 0.033203125 0.033203125
0 0.7685546875 0.7763671875 0.033203125 0.033203125
0 0.7822265625 0.798828125 0.033203125 0.033203125
0 0.9580078125 0.7998046875 0.033203125 0.033203125
0 0.59765625 0.85546875 0.033203125 0.033203125
0 0.4990234375 0.890625 0.033203125 0.033203125