0 0.453125 0.0625 0.033203125 0.033203125
0 0.5009765625 0.0751953125 0.033203125 0.033203125
0 0.06640625 0.1591796875 0.033203125 0.033203125
0 0.1669921875 0.3369140625 0.033203125 0.033203125
0 0.421875 0.3544921875 0.033203125 0.033203125
0 0.17578125 0.35546875 0.033203125 0.033203125
0 0.322265625 0.3916015625 0.033203125 0.033203125
0 0.3046875 0.400390625 0.033203125 0.033203125
0 0.607421875 0.4072265625 0.033203125 0.033203125
0 0.5087890625 0.4208984375 0.033203125 0.033203125
0 0.4736328125 0.4326171875 0.033203125 0.033203125
0 0.494140625 0.4345703125 0.033203125 0.033203125
0 0.4375 0.4462890625 0.033203125 0.033203125
0 0.419921875 0.4482421875 0.033203125 0.033203125
0 0.40234375 0.458984375 0.033203125 0.033203125
0 0.3173828125 0.486328125 0.033203125 0.033203125
0 0.59765625 0.5625 0.033203125 0.033203125
0 0.609375 0.6015625 0.033203125 0.033203125
0 0.68359375 0.728515625 0.033203125 0.033203125
0 0.6787109375 0.798828125 0.033203125 0.033203125
0 0.7392578125 0.8818359375 0.033203125 0.033203125