0 0.9814453125 0.1181640625 0.033203125 0.033203125
0 0.6640625 0.2138671875 0.033203125 0.033203125
0 0.580078125 0.265625 0.033203125 0.033203125
0 0.560546875 0.267578125 0.033203125 0.033203125
0 0.513671875 0.2783203125 0.033203125 0.033203125
0 0.4814453125 0.28515625 0.033203125 0.033203125
0 0.48828125 0.30078125 0.033203125 0.033203125
0 0.4892578125 0.30078125 0.033203125 0.033203125
0 0.5361328125 0.306640625 0.033203125 0.033203125
0 0.4970703125 0.322265625 0.033203125 0.033203125
0 0.34765625 0.3408203125 0.033203125 0.033203125
0 0.326171875 0.361328125 0.033203125 0.033203125
0 0.3046875 0.369140625 0.033203125 0.033203125
0 0.98388671875 0.466796875 0.0322265625 0.033203125
0 0.125 0.48828125 0.033203125 0.033203125
0 0.138671875 0.505859375 0.033203125 0.033203125
0 0.8408203125 0.51171875 0.033203125 0.033203125
0 0.0419921875 0.517578125 0.033203125 0.033203125
0 0.0419921875 0.5185546875 0.033203125 0.033203125
0 0.806640625 0.5205078125 0.033203125 0.033203125
0 0.1416015625 0.5263671875 0.033203125 0.033203125
0 0.1416015625 0.5458984375 0.033203125 0.033203125
0 0.7333984375 0.5458984375 0.033203125 0.033203125
0 0.14453125 0.564453125 0.033203125 0.033203125
0 0.0595703125 0.5751953125 0.033203125 0.033203125
0 0.0732421875 0.5908203125 0.033203125 0.033203125
0 0.15625 0.6015625 0.033203125 0.033203125
0 0.521484375 0.61328125 0.033203125 0.033203125
0 0.076171875 0.626953125 0.033203125 0.033203125
0 0.4443359375 0.642578125 0.033203125 0.033203125
0 0.41015625 0.6552734375 0.033203125 0.033203125
0 0.3642578125 0.66796875 0.033203125 0.033203125
0 0.115234375 0.7431640625 0.033203125 0.033203125
0 0.9365234375 0.767578125 0.033203125 0.033203125
0 0.037109375 0.76953125 0.033203125 0.033203125
0 0.9189453125 0.771484375 0.033203125 0.033203125
0 0.8564453125 0.7939453125 0.033203125 0.033203125
0 0.69921875 0.833984375 0.033203125 0.033203125
0 0.650390625 0.8603515625 0.033203125 0.033203125
0 0.439453125 0.880859375 0.033203125 0.033203125
0 0.5107421875 0.9716796875 0.033203125 0.033203125
0 0.2548828125 0.9794921875 0.033203125 0.033203125