0 0.67578125 0.01220703125 0.033203125 0.0244140625
0 0.6396484375 0.021484375 0.033203125 0.033203125
0 0.1669921875 0.1064453125 0.033203125 0.033203125
0 0.091796875 0.1318359375 0.033203125 0.033203125
0 0.68359375 0.166015625 0.033203125 0.033203125
0 0.7783203125 0.4931640625 0.033203125 0.033203125
0 0.7861328125 0.51171875 0.033203125 0.033203125
0 0.658203125 0.515625 0.033203125 0.033203125
0 0.7900390625 0.5302734375 0.033203125 0.033203125
0 0.9658203125 0.560546875 0.033203125 0.033203125
0 0.5283203125 0.69140625 0.033203125 0.033203125
0 0.8896484375 0.99072265625 0.033203125 0.0185546875