0 0.2861328125 0.0146484375 0.033203125 0.029296875
0 0.935546875 0.052734375 0.033203125 0.033203125
0 0.4443359375 0.0576171875 0.033203125 0.033203125
0 0.4443359375 0.05859375 0.033203125 0.033203125
0 0.8564453125 0.0615234375 0.033203125 0.033203125
0 0.9892578125 0.1005859375 0.021484375 0.033203125
0 0.1416015625 0.1416015625 0.033203125 0.033203125
0 0.9716796875 0.1611328125 0.033203125 0.033203125
0 0.6728515625 0.1640625 0.033203125 0.033203125
0 0.0615234375 0.1650390625 0.033203125 0.033203125
0 0.6953125 0.205078125 0.033203125 0.033203125
0 0.62109375 0.2294921875 0.033203125 0.033203125
0 0.50390625 0.265625 0.033203125 0.033203125
0 0.4716796875 0.275390625 0.033203125 0.033203125
0 0.388671875 0.2998046875 0.033203125 0.033203125
0 0.3212890625 0.3203125 0.033203125 0.033203125
0 0.27734375 0.3349609375 0.033203125 0.033203125
0 0.162109375 0.373046875 0.033203125 0.033203125
0 0.0791015625 0.3984375 0.033203125 0.033203125
0 0.0400390625 0.412109375 0.033203125 0.033203125
0 0.6953125 0.548828125 0.033203125 0.033203125
0 0.1513671875 0.5966796875 0.033203125 0.033203125
0 0.16015625 0.6162109375 0.033203125 0.033203125
0 0.693359375 0.62890625 0.033203125 0.033203125
0 0.3671875 0.646484375 0.033203125 0.033203125
0 0.326171875 0.6669921875 0.033203125 0.033203125
0 0.4169921875 0.71484375 0.033203125 0.033203125
0 0.314453125 0.7490234375 0.033203125 0.033203125
0 0.3154296875 0.7490234375 0.033203125 0.033203125
0 0.291015625 0.7587890625 0.033203125 0.033203125
0 0.2412109375 0.7685546875 0.033203125 0.033203125
0 0.99072265625 0.83984375 0.0185546875 0.033203125
0 0.9580078125 0.8515625 0.033203125 0.033203125
0 0.873046875 0.8798828125 0.033203125 0.033203125
0 0.7890625 0.90625 0.033203125 0.033203125
0 0.7548828125 0.9130859375 0.033203125 0.033203125
0 0.71875 0.923828125 0.033203125 0.033203125
0 0.6826171875 0.935546875 0.033203125 0.033203125
0 0.5654296875 0.974609375 0.033203125 0.033203125
0 0.486328125 0.99072265625 0.033203125 0.0185546875