0 0.9248046875 0.00927734375 0.033203125 0.0185546875
0 0.220703125 0.03125 0.033203125 0.033203125
0 0.7802734375 0.060546875 0.033203125 0.033203125
0 0.748046875 0.0654296875 0.033203125 0.033203125
0 0.234375 0.072265625 0.033203125 0.033203125
0 0.845703125 0.080078125 0.033203125 0.033203125
0 0.689453125 0.0986328125 0.033203125 0.033203125
0 0.24609375 0.1044921875 0.033203125 0.033203125
0 0.81640625 0.10546875 0.033203125 0.033203125
0 0.943359375 0.15234375 0.033203125 0.033203125
0 0.2646484375 0.15625 0.033203125 0.033203125
0 0.71484375 0.2080078125 0.033203125 0.033203125
0 0.2802734375 0.212890625 0.033203125 0.033203125
0 0.3115234375 0.212890625 0.033203125 0.033203125
0 0.7177734375 0.224609375 0.033203125 0.033203125
0 0.294921875 0.2548828125 0.033203125 0.033203125
0 0.7333984375 0.2744140625 0.033203125 0.033203125
0 0.8359375 0.279296875 0.033203125 0.033203125
0 0.306640625 0.2958984375 0.033203125 0.033203125
0 0.83984375 0.2978515625 0.033203125 0.033203125
0 0.8447265625 0.3154296875 0.033203125 0.033203125
0 0.3193359375 0.3369140625 0.033203125 0.033203125
0 0.5048828125 0.34375 0.033203125 0.033203125
0 0.8037109375 0.35546875 0.033203125 0.033203125
0 0.7685546875 0.36328125 0.033203125 0.033203125
0 0.6259765625 0.408203125 0.033203125 0.033203125
0 0.5205078125 0.4384765625 0.033203125 0.033203125
0 0.5205078125 0.439453125 0.033203125 0.033203125
0 0.521484375 0.53515625 0.033203125 0.033203125
0 0.462890625 0.603515625 0.033203125 0.033203125
0 0.5283203125 0.607421875 0.033203125 0.033203125
0 0.734375 0.646484375 0.033203125 0.033203125
0 0.7421875 0.6650390625 0.033203125 0.033203125
0 0.44921875 0.6728515625 0.033203125 0.033203125
0 0.048828125 0.673828125 0.033203125 0.033203125
0 0.01513671875 0.703125 0.0302734375 0.033203125
0 0.025390625 0.7587890625 0.033203125 0.033203125
0 0.0341796875 0.77734375 0.033203125 0.033203125
0 0.0478515625 0.7900390625 0.033203125 0.033203125
0 0.6552734375 0.798828125 0.033203125 0.033203125
0 0.62890625 0.80078125 0.033203125 0.033203125
0 0.4775390625 0.826171875 0.033203125 0.033203125
0 0.53515625 0.8291015625 0.033203125 0.033203125
0 0.0439453125 0.8310546875 0.033203125 0.033203125
0 0.619140625 0.8525390625 0.033203125 0.033203125
0 0.4931640625 0.873046875 0.033203125 0.033203125
0 0.5166015625 0.8759765625 0.033203125 0.033203125
0 0.0712890625 0.9052734375 0.033203125 0.033203125
0 0.08203125 0.9267578125 0.033203125 0.033203125
0 0.5927734375 0.931640625 0.033203125 0.033203125
0 0.01171875 0.9521484375 0.0234375 0.033203125
0 0.6025390625 0.9697265625 0.033203125 0.033203125
0 0.099609375 0.974609375 0.033203125 0.033203125
0 0.107421875 0.98828125 0.033203125 0.0234375