0 0.380859375 0.02734375 0.033203125 0.033203125
0 0.77734375 0.08984375 0.033203125 0.033203125
0 0.7900390625 0.138671875 0.033203125 0.033203125
0 0.0791015625 0.201171875 0.033203125 0.033203125
0 0.0087890625 0.2294921875 0.017578125 0.033203125
0 0.0888671875 0.2333984375 0.033203125 0.033203125
0 0.8291015625 0.259765625 0.033203125 0.033203125
0 0.8447265625 0.3046875 0.033203125 0.033203125
0 0.8525390625 0.3369140625 0.033203125 0.033203125
0 0.869140625 0.3896484375 0.033203125 0.033203125
0 0.1904296875 0.5556640625 0.033203125 0.033203125
0 0.109375 0.57421875 0.033203125 0.033203125
0 0.205078125 0.595703125 0.033203125 0.033203125
0 0.1220703125 0.6201171875 0.033203125 0.033203125
0 0.9423828125 0.625 0.033203125 0.033203125
0 0.2158203125 0.6396484375 0.033203125 0.033203125
0 0.134765625 0.66015625 0.033203125 0.033203125
0 0.95703125 0.671875 0.033203125 0.033203125
0 0.2314453125 0.6904296875 0.033203125 0.033203125
0 0.146484375 0.69921875 0.033203125 0.033203125
0 0.9697265625 0.7158203125 0.033203125 0.033203125
0 0.2431640625 0.724609375 0.033203125 0.033203125
0 0.98046875 0.75390625 0.033203125 0.033203125
0 0.98779296875 0.7900390625 0.0244140625 0.033203125
0 0.1826171875 0.8125 0.033203125 0.033203125
0 0.2744140625 0.8212890625 0.033203125 0.033203125
0 0.1962890625 0.849609375 0.033203125 0.033203125
0 0.2822265625 0.8525390625 0.033203125 0.033203125
0 0.3603515625 0.9111328125 0.033203125 0.033203125
0 0.302734375 0.9208984375 0.033203125 0.033203125
0 0.478515625 0.9755859375 0.033203125 0.033203125
0 0.4462890625 0.9833984375 0.033203125 0.033203125
0 0.4296875 0.9873046875 0.033203125 0.025390625