0 0.080078125 0.0234375 0.033203125 0.033203125
0 0.376953125 0.1318359375 0.033203125 0.033203125
0 0.1025390625 0.1435546875 0.033203125 0.033203125
0 0.39453125 0.1474609375 0.033203125 0.033203125
0 0.2861328125 0.158203125 0.033203125 0.033203125
0 0.2333984375 0.1650390625 0.033203125 0.033203125
0 0.33984375 0.1650390625 0.033203125 0.033203125
0 0.2919921875 0.173828125 0.033203125 0.033203125
0 0.193359375 0.185546875 0.033203125 0.033203125
0 0.2392578125 0.197265625 0.033203125 0.033203125
0 0.1982421875 0.208984375 0.033203125 0.033203125
0 0.068359375 0.2177734375 0.033203125 0.033203125
0 0.1015625 0.2294921875 0.033203125 0.033203125
0 0.7666015625 0.4189453125 0.033203125 0.033203125
0 0.7392578125 0.4296875 0.033203125 0.033203125
0 0.765625 0.515625 0.033203125 0.033203125
0 0.1220703125 0.5517578125 0.033203125 0.033203125
0 0.1796875 0.5517578125 0.033203125 0.033203125
0 0.791015625 0.591796875 0.033203125 0.033203125
0 0.8759765625 0.6337890625 0.033203125 0.033203125
0 0.88671875 0.671875 0.033203125 0.033203125
0 0.896484375 0.70703125 0.033203125 0.033203125
0 0.9072265625 0.748046875 0.033203125 0.033203125
0 0.919921875 0.783203125 0.033203125 0.033203125
0 0.349609375 0.9541015625 0.033203125 0.033203125
0 0.361328125 0.98681640625 0.033203125 0.0263671875