0 0.2041015625 0.01513671875 0.033203125 0.0302734375
0 0.4228515625 0.0341796875 0.033203125 0.033203125
0 0.81640625 0.08984375 0.033203125 0.033203125
0 0.189453125 0.1162109375 0.033203125 0.033203125
0 0.20703125 0.1669921875 0.033203125 0.033203125
0 0.423828125 0.216796875 0.033203125 0.033203125
0 0.912109375 0.4052734375 0.033203125 0.033203125
0 0.8955078125 0.416015625 0.033203125 0.033203125
0 0.861328125 0.4287109375 0.033203125 0.033203125
0 0.841796875 0.4365234375 0.033203125 0.033203125
0 0.9443359375 0.4794921875 0.033203125 0.033203125
0 0.3359375 0.90625 0.033203125 0.033203125
0 0.98974609375 0.9150390625 0.0205078125 0.033203125
0 0.322265625 0.98779296875 0.033203125 0.0244140625