0 0.95703125 0.1669921875 0.033203125 0.033203125
0 0.1162109375 0.1728515625 0.033203125 0.033203125
0 0.91796875 0.17578125 0.033203125 0.033203125
0 0.8828125 0.1875 0.033203125 0.033203125
0 0.8486328125 0.1982421875 0.033203125 0.033203125
0 0.7958984375 0.2138671875 0.033203125 0.033203125
0 0.1865234375 0.220703125 0.033203125 0.033203125
0 0.7568359375 0.2275390625 0.033203125 0.033203125
0 0.62109375 0.271484375 0.033203125 0.033203125
0 0.5537109375 0.2919921875 0.033203125 0.033203125
0 0.521484375 0.3017578125 0.033203125 0.033203125
0 0.4736328125 0.318359375 0.033203125 0.033203125
0 0.43359375 0.33203125 0.033203125 0.033203125
0 0.2626953125 0.3798828125 0.033203125 0.033203125
0 0.2314453125 0.3916015625 0.033203125 0.033203125
0 0.2890625 0.5791015625 0.033203125 0.033203125
0 0.0419921875 0.6357421875 0.033203125 0.033203125
0 0.0556640625 0.6787109375 0.033203125 0.033203125
0 0.3466796875 0.7177734375 0.033203125 0.033203125
0 0.419921875 0.7431640625 0.033203125 0.033203125
0 0.078125 0.751953125 0.033203125 0.033203125
0 0.08984375 0.7861328125 0.033203125 0.033203125
0 0.111328125 0.8330078125 0.033203125 0.033203125
0 0.43359375 0.875 0.033203125 0.033203125
0 0.50390625 0.8876953125 0.033203125 0.033203125