0 0.7265625 0.00830078125 0.033203125 0.0166015625
0 0.609375 0.0166015625 0.033203125 0.033203125
0 0.2109375 0.0322265625 0.033203125 0.033203125
0 0.615234375 0.0380859375 0.033203125 0.033203125
0 0.615234375 0.0390625 0.033203125 0.033203125
0 0.6171875 0.05859375 0.033203125 0.033203125
0 0.626953125 0.078125 0.033203125 0.033203125
0 0.2666015625 0.2158203125 0.033203125 0.033203125
0 0.8203125 0.3291015625 0.033203125 0.033203125
0 0.775390625 0.3447265625 0.033203125 0.033203125
0 0.828125 0.3486328125 0.033203125 0.033203125
0 0.9365234375 0.455078125 0.033203125 0.033203125
0 0.73046875 0.4755859375 0.033203125 0.033203125
0 0.943359375 0.478515625 0.033203125 0.033203125
0 0.71484375 0.48046875 0.033203125 0.033203125
0 0.697265625 0.486328125 0.033203125 0.033203125
0 0.6826171875 0.4921875 0.033203125 0.033203125
0 0.6669921875 0.498046875 0.033203125 0.033203125
0 0.9482421875 0.4990234375 0.033203125 0.033203125
0 0.6162109375 0.5126953125 0.033203125 0.033203125
0 0.6005859375 0.5224609375 0.033203125 0.033203125
0 0.95703125 0.5234375 0.033203125 0.033203125
0 0.5849609375 0.5263671875 0.033203125 0.033203125
0 0.5693359375 0.5302734375 0.033203125 0.033203125
0 0.5537109375 0.53515625 0.033203125 0.033203125
0 0.5380859375 0.5390625 0.033203125 0.033203125
0 0.5224609375 0.5419921875 0.033203125 0.033203125
0 0.9638671875 0.5439453125 0.033203125 0.033203125
0 0.50390625 0.546875 0.033203125 0.033203125
0 0.6240234375 0.55078125 0.033203125 0.033203125
0 0.48828125 0.5517578125 0.033203125 0.033203125
0 0.6103515625 0.5556640625 0.033203125 0.033203125
0 0.470703125 0.5576171875 0.033203125 0.033203125
0 0.59375 0.560546875 0.033203125 0.033203125
0 0.455078125 0.5625 0.033203125 0.033203125
0 0.5791015625 0.564453125 0.033203125 0.033203125
0 0.4384765625 0.56640625 0.033203125 0.033203125
0 0.5625 0.56640625 0.033203125 0.033203125
0 0.4228515625 0.5703125 0.033203125 0.033203125
0 0.544921875 0.5703125 0.033203125 0.033203125
0 0.404296875 0.5732421875 0.033203125 0.033203125
0 0.390625 0.5751953125 0.033203125 0.033203125
0 0.3720703125 0.5791015625 0.033203125 0.033203125
0 0.5302734375 0.5791015625 0.033203125 0.033203125
0 0.7470703125 0.5791015625 0.033203125 0.033203125
0 0.513671875 0.5830078125 0.033203125 0.033203125
0 0.4970703125 0.587890625 0.033203125 0.033203125
0 0.482421875 0.59375 0.033203125 0.033203125
0 0.4443359375 0.59765625 0.033203125 0.033203125
0 0.462890625 0.59765625 0.033203125 0.033203125
0 0.4169921875 0.6064453125 0.033203125 0.033203125
0 0.7705078125 0.638671875 0.033203125 0.033203125
0 0.513671875 0.65625 0.033203125 0.033203125
0 0.01025390625 0.6591796875 0.0205078125 0.033203125
0 0.607421875 0.662109375 0.033203125 0.033203125
0 0.99072265625 0.6650390625 0.0185546875 0.033203125
0 0.447265625 0.671875 0.033203125 0.033203125
0 0.4833984375 0.671875 0.033203125 0.033203125
0 0.50390625 0.671875 0.033203125 0.033203125
0 0.556640625 0.67578125 0.033203125 0.033203125
0 0.5390625 0.6806640625 0.033203125 0.033203125
0 0.5224609375 0.6884765625 0.033203125 0.033203125
0 0.4443359375 0.70703125 0.033203125 0.033203125
0 0.58984375 0.7080078125 0.033203125 0.033203125
0 0.7314453125 0.8291015625 0.033203125 0.033203125
0 0.755859375 0.849609375 0.033203125 0.033203125
0 0.966796875 0.8583984375 0.033203125 0.033203125
0 0.7412109375 0.861328125 0.033203125 0.033203125
0 0.94140625 0.8740234375 0.033203125 0.033203125
0 0.7666015625 0.8857421875 0.033203125 0.033203125
0 0.8466796875 0.89453125 0.033203125 0.033203125