0 0.6103515625 0.0576171875 0.033203125 0.033203125
0 0.572265625 0.1044921875 0.033203125 0.033203125
0 0.05859375 0.2021484375 0.033203125 0.033203125
0 0.6591796875 0.23046875 0.033203125 0.033203125
0 0.857421875 0.2412109375 0.033203125 0.033203125
0 0.806640625 0.25390625 0.033203125 0.033203125
0 0.7734375 0.265625 0.033203125 0.033203125
0 0.0908203125 0.2880859375 0.033203125 0.033203125
0 0.08984375 0.30859375 0.033203125 0.033203125
0 0.88671875 0.3212890625 0.033203125 0.033203125
0 0.0947265625 0.3251953125 0.033203125 0.033203125
0 0.1005859375 0.341796875 0.033203125 0.033203125
0 0.3798828125 0.4052734375 0.033203125 0.033203125
0 0.337890625 0.4169921875 0.033203125 0.033203125
0 0.1201171875 0.44140625 0.033203125 0.033203125
0 0.1044921875 0.4482421875 0.033203125 0.033203125
0 0.0693359375 0.4541015625 0.033203125 0.033203125
0 0.087890625 0.4541015625 0.033203125 0.033203125
0 0.052734375 0.4609375 0.033203125 0.033203125
0 0.0361328125 0.466796875 0.033203125 0.033203125
0 0.0673828125 0.5048828125 0.033203125 0.033203125
0 0.0341796875 0.513671875 0.033203125 0.033203125
0 0.728515625 0.51953125 0.033203125 0.033203125
0 0.00927734375 0.5234375 0.0185546875 0.033203125
0 0.0234375 0.6953125 0.033203125 0.033203125
0 0.302734375 0.7001953125 0.033203125 0.033203125
0 0.720703125 0.7236328125 0.033203125 0.033203125
0 0.69921875 0.724609375 0.033203125 0.033203125
0 0.6845703125 0.7294921875 0.033203125 0.033203125
0 0.033203125 0.7333984375 0.033203125 0.033203125
0 0.6640625 0.7353515625 0.033203125 0.033203125
0 0.044921875 0.7900390625 0.033203125 0.033203125
0 0.38671875 0.83203125 0.033203125 0.033203125
0 0.841796875 0.83203125 0.033203125 0.033203125
0 0.154296875 0.8876953125 0.033203125 0.033203125
0 0.45703125 0.8896484375 0.033203125 0.033203125
0 0.4384765625 0.8955078125 0.033203125 0.033203125
0 0.421875 0.900390625 0.033203125 0.033203125
0 0.404296875 0.912109375 0.033203125 0.033203125
0 0.50390625 0.9140625 0.033203125 0.033203125
0 0.484375 0.9150390625 0.033203125 0.033203125
0 0.4501953125 0.931640625 0.033203125 0.033203125
0 0.43359375 0.9365234375 0.033203125 0.033203125
0 0.4150390625 0.9443359375 0.033203125 0.033203125
0 0.7373046875 0.955078125 0.033203125 0.033203125