0 0.203125 0.01171875 0.033203125 0.0234375
0 0.7783203125 0.0205078125 0.033203125 0.033203125
0 0.76171875 0.029296875 0.033203125 0.033203125
0 0.130859375 0.0390625 0.033203125 0.033203125
0 0.5576171875 0.0888671875 0.033203125 0.033203125
0 0.2314453125 0.1064453125 0.033203125 0.033203125
0 0.5966796875 0.1376953125 0.033203125 0.033203125
0 0.7900390625 0.1484375 0.033203125 0.033203125
0 0.21875 0.162109375 0.033203125 0.033203125
0 0.798828125 0.166015625 0.033203125 0.033203125
0 0.98583984375 0.1669921875 0.0283203125 0.033203125
0 0.9697265625 0.1689453125 0.033203125 0.033203125
0 0.931640625 0.189453125 0.033203125 0.033203125
0 0.8828125 0.1982421875 0.033203125 0.033203125
0 0.8671875 0.2041015625 0.033203125 0.033203125
0 0.849609375 0.21484375 0.033203125 0.033203125
0 0.8349609375 0.2177734375 0.033203125 0.033203125
0 0.1865234375 0.2294921875 0.033203125 0.033203125
0 0.21875 0.24609375 0.033203125 0.033203125
0 0.2470703125 0.34765625 0.033203125 0.033203125
0 0.4677734375 0.4052734375 0.033203125 0.033203125
0 0.1767578125 0.48046875 0.033203125 0.033203125
0 0.3759765625 0.54296875 0.033203125 0.033203125
0 0.3359375 0.568359375 0.033203125 0.033203125
0 0.2099609375 0.5927734375 0.033203125 0.033203125
0 0.01220703125 0.634765625 0.0244140625 0.033203125
0 0.0556640625 0.6552734375 0.033203125 0.033203125
0 0.02734375 0.685546875 0.033203125 0.033203125
0 0.765625 0.7080078125 0.033203125 0.033203125
0 0.7451171875 0.712890625 0.033203125 0.033203125
0 0.7109375 0.7255859375 0.033203125 0.033203125
0 0.6904296875 0.7314453125 0.033203125 0.033203125
0 0.765625 0.791015625 0.033203125 0.033203125
0 0.716796875 0.806640625 0.033203125 0.033203125
0 0.7451171875 0.8388671875 0.033203125 0.033203125
0 0.724609375 0.83984375 0.033203125 0.033203125
0 0.8369140625 0.8896484375 0.033203125 0.033203125
0 0.4365234375 0.9052734375 0.033203125 0.033203125
0 0.2080078125 0.908203125 0.033203125 0.033203125
0 0.1923828125 0.9169921875 0.033203125 0.033203125
0 0.1064453125 0.947265625 0.033203125 0.033203125
0 0.08984375 0.9560546875 0.033203125 0.033203125