0 0.9130859375 0.240234375 0.033203125 0.033203125
0 0.8408203125 0.2421875 0.033203125 0.033203125
0 0.955078125 0.263671875 0.033203125 0.033203125
0 0.9404296875 0.2705078125 0.033203125 0.033203125
0 0.150390625 0.3388671875 0.033203125 0.033203125
0 0.1845703125 0.3427734375 0.033203125 0.033203125
0 0.205078125 0.3583984375 0.033203125 0.033203125
0 0.2177734375 0.37109375 0.033203125 0.033203125
0 0.1796875 0.3828125 0.033203125 0.033203125
0 0.1796875 0.3837890625 0.033203125 0.033203125
0 0.205078125 0.4873046875 0.033203125 0.033203125
0 0.2001953125 0.4912109375 0.033203125 0.033203125
0 0.244140625 0.4951171875 0.033203125 0.033203125
0 0.2197265625 0.5048828125 0.033203125 0.033203125
0 0.7021484375 0.55859375 0.033203125 0.033203125
0 0.978515625 0.568359375 0.033203125 0.033203125
0 0.9462890625 0.5849609375 0.033203125 0.033203125
0 0.8681640625 0.6025390625 0.033203125 0.033203125
0 0.5654296875 0.6240234375 0.033203125 0.033203125
0 0.5673828125 0.6796875 0.033203125 0.033203125
0 0.6025390625 0.685546875 0.033203125 0.033203125
0 0.5126953125 0.7138671875 0.033203125 0.033203125
0 0.4306640625 0.740234375 0.033203125 0.033203125
0 0.3056640625 0.751953125 0.033203125 0.033203125
0 0.3427734375 0.771484375 0.033203125 0.033203125
0 0.296875 0.7802734375 0.033203125 0.033203125
0 0.248046875 0.798828125 0.033203125 0.033203125
0 0.2041015625 0.810546875 0.033203125 0.033203125
0 0.1279296875 0.8369140625 0.033203125 0.033203125
0 0.083984375 0.8466796875 0.033203125 0.033203125
0 0.1396484375 0.86328125 0.033203125 0.033203125
0 0.0986328125 0.87890625 0.033203125 0.033203125
0 0.0078125 0.94921875 0.015625 0.033203125
0 0.48046875 0.96484375 0.033203125 0.033203125
0 0.01513671875 0.98486328125 0.0302734375 0.0302734375