0 0.3515625 0.0634765625 0.033203125 0.033203125
0 0.361328125 0.0986328125 0.033203125 0.033203125
0 0.9599609375 0.1015625 0.033203125 0.033203125
0 0.9599609375 0.103515625 0.033203125 0.033203125
0 0.6318359375 0.12109375 0.033203125 0.033203125
0 0.560546875 0.1484375 0.033203125 0.033203125
0 0.9755859375 0.15234375 0.033203125 0.033203125
0 0.685546875 0.23828125 0.033203125 0.033203125
0 0.328125 0.26953125 0.033203125 0.033203125
0 0.0078125 0.408203125 0.015625 0.033203125
0 0.875 0.421875 0.033203125 0.033203125
0 0.9150390625 0.478515625 0.033203125 0.033203125
0 0.8974609375 0.4892578125 0.033203125 0.033203125
0 0.9365234375 0.548828125 0.033203125 0.033203125
0 0.8046875 0.5869140625 0.033203125 0.033203125
0 0.0556640625 0.6025390625 0.033203125 0.033203125
0 0.7509765625 0.6220703125 0.033203125 0.033203125
0 0.0869140625 0.626953125 0.033203125 0.033203125
0 0.0966796875 0.6611328125 0.033203125 0.033203125
0 0.6083984375 0.6611328125 0.033203125 0.033203125
0 0.5908203125 0.6708984375 0.033203125 0.033203125
0 0.0244140625 0.6806640625 0.033203125 0.033203125
0 0.546875 0.68359375 0.033203125 0.033203125
0 0.517578125 0.6865234375 0.033203125 0.033203125
0 0.0849609375 0.69140625 0.033203125 0.033203125
0 0.109375 0.7041015625 0.033203125 0.033203125
0 0.4794921875 0.705078125 0.033203125 0.033203125
0 0.1181640625 0.732421875 0.033203125 0.033203125
0 0.0576171875 0.7919921875 0.033203125 0.033203125
0 0.115234375 0.7998046875 0.033203125 0.033203125
0 0.08984375 0.80078125 0.033203125 0.033203125
0 0.0712890625 0.8349609375 0.033203125 0.033203125
0 0.15234375 0.8408203125 0.033203125 0.033203125
0 0.79296875 0.873046875 0.033203125 0.033203125
0 0.1640625 0.8798828125 0.033203125 0.033203125
0 0.1123046875 0.8916015625 0.033203125 0.033203125
0 0.11328125 0.892578125 0.033203125 0.033203125
0 0.1533203125 0.9345703125 0.033203125 0.033203125
0 0.18359375 0.9453125 0.033203125 0.033203125
0 0.806640625 0.9541015625 0.033203125 0.033203125
0 0.7353515625 0.9755859375 0.033203125 0.033203125