0 0.603515625 0.04296875 0.033203125 0.033203125
0 0.5048828125 0.07421875 0.033203125 0.033203125
0 0.7412109375 0.1162109375 0.033203125 0.033203125
0 0.7578125 0.1494140625 0.033203125 0.033203125
0 0.673828125 0.1533203125 0.033203125 0.033203125
0 0.642578125 0.185546875 0.033203125 0.033203125
0 0.6875 0.205078125 0.033203125 0.033203125
0 0.4248046875 0.2080078125 0.033203125 0.033203125
0 0.650390625 0.2197265625 0.033203125 0.033203125
0 0.6904296875 0.220703125 0.033203125 0.033203125
0 0.697265625 0.2373046875 0.033203125 0.033203125
0 0.568359375 0.248046875 0.033203125 0.033203125
0 0.1181640625 0.2529296875 0.033203125 0.033203125
0 0.703125 0.25390625 0.033203125 0.033203125
0 0.6630859375 0.265625 0.033203125 0.033203125
0 0.6748046875 0.28125 0.033203125 0.033203125
0 0.7197265625 0.2841796875 0.033203125 0.033203125
0 0.322265625 0.291015625 0.033203125 0.033203125
0 0.3515625 0.337890625 0.033203125 0.033203125
0 0.4150390625 0.345703125 0.033203125 0.033203125
0 0.275390625 0.35546875 0.033203125 0.033203125
0 0.369140625 0.4052734375 0.033203125 0.033203125
0 0.1865234375 0.5546875 0.033203125 0.033203125
0 0.2021484375 0.6005859375 0.033203125 0.033203125
0 0.310546875 0.7099609375 0.033203125 0.033203125
0 0.234375 0.712890625 0.033203125 0.033203125
0 0.318359375 0.7392578125 0.033203125 0.033203125
0 0.2470703125 0.759765625 0.033203125 0.033203125
0 0.1689453125 0.7978515625 0.033203125 0.033203125
0 0.279296875 0.865234375 0.033203125 0.033203125
0 0.3642578125 0.89453125 0.033203125 0.033203125
0 0.2998046875 0.939453125 0.033203125 0.033203125
0 0.30859375 0.9765625 0.033203125 0.033203125
0 0.3916015625 0.98583984375 0.033203125 0.0283203125