0 0.7724609375 0.01025390625 0.033203125 0.0205078125
0 0.736328125 0.01611328125 0.033203125 0.0322265625
0 0.291015625 0.025390625 0.033203125 0.033203125
0 0.7001953125 0.025390625 0.033203125 0.033203125
0 0.9873046875 0.0322265625 0.025390625 0.033203125
0 0.3017578125 0.060546875 0.033203125 0.033203125
0 0.5263671875 0.08203125 0.033203125 0.033203125
0 0.6044921875 0.091796875 0.033203125 0.033203125
0 0.4892578125 0.09375 0.033203125 0.033203125
0 0.013671875 0.095703125 0.02734375 0.033203125
0 0.591796875 0.1005859375 0.033203125 0.033203125
0 0.591796875 0.1015625 0.033203125 0.033203125
0 0.265625 0.15234375 0.033203125 0.033203125
0 0.603515625 0.158203125 0.033203125 0.033203125
0 0.033203125 0.1591796875 0.033203125 0.033203125
0 0.0341796875 0.1591796875 0.033203125 0.033203125
0 0.673828125 0.18359375 0.033203125 0.033203125
0 0.2021484375 0.1845703125 0.033203125 0.033203125
0 0.1650390625 0.197265625 0.033203125 0.033203125
0 0.7333984375 0.2109375 0.033203125 0.033203125
0 0.650390625 0.21875 0.033203125 0.033203125
0 0.080078125 0.2265625 0.033203125 0.033203125
0 0.6591796875 0.232421875 0.033203125 0.033203125
0 0.0302734375 0.2353515625 0.033203125 0.033203125
0 0.396484375 0.236328125 0.033203125 0.033203125
0 0.7529296875 0.25390625 0.033203125 0.033203125
0 0.646484375 0.2578125 0.033203125 0.033203125
0 0.4052734375 0.2705078125 0.033203125 0.033203125
0 0.7568359375 0.275390625 0.033203125 0.033203125
0 0.693359375 0.2919921875 0.033203125 0.033203125
0 0.767578125 0.3056640625 0.033203125 0.033203125
0 0.4169921875 0.3125 0.033203125 0.033203125
0 0.4296875 0.3466796875 0.033203125 0.033203125
0 0.70703125 0.34765625 0.033203125 0.033203125
0 0.44140625 0.3876953125 0.033203125 0.033203125
0 0.4541015625 0.427734375 0.033203125 0.033203125
0 0.1298828125 0.4482421875 0.033203125 0.033203125
0 0.4609375 0.458984375 0.033203125 0.033203125
0 0.0869140625 0.4814453125 0.033203125 0.033203125
0 0.4736328125 0.5068359375 0.033203125 0.033203125
0 0.01123046875 0.546875 0.0224609375 0.033203125
0 0.01611328125 0.5625 0.0322265625 0.033203125
0 0.4970703125 0.5771484375 0.033203125 0.033203125
0 0.0205078125 0.5849609375 0.033203125 0.033203125
0 0.8662109375 0.5859375 0.033203125 0.033203125
0 0.8681640625 0.587890625 0.033203125 0.033203125
0 0.509765625 0.6064453125 0.033203125 0.033203125
0 0.0478515625 0.615234375 0.033203125 0.033203125
0 0.3447265625 0.6162109375 0.033203125 0.033203125
0 0.404296875 0.6240234375 0.033203125 0.033203125
0 0.384765625 0.6298828125 0.033203125 0.033203125
0 0.2900390625 0.6357421875 0.033203125 0.033203125
0 0.892578125 0.6357421875 0.033203125 0.033203125
0 0.220703125 0.6533203125 0.033203125 0.033203125
0 0.783203125 0.666015625 0.033203125 0.033203125
0 0.7451171875 0.6806640625 0.033203125 0.033203125
0 0.537109375 0.6962890625 0.033203125 0.033203125
0 0.0283203125 0.708984375 0.033203125 0.033203125
0 0.4697265625 0.724609375 0.033203125 0.033203125
0 0.3427734375 0.7314453125 0.033203125 0.033203125
0 0.322265625 0.7353515625 0.033203125 0.033203125
0 0.0390625 0.736328125 0.033203125 0.033203125
0 0.4365234375 0.7431640625 0.033203125 0.033203125
0 0.0859375 0.74609375 0.033203125 0.033203125
0 0.291015625 0.74609375 0.033203125 0.033203125
0 0.0732421875 0.748046875 0.033203125 0.033203125
0 0.416015625 0.748046875 0.033203125 0.033203125
0 0.01123046875 0.7509765625 0.0224609375 0.033203125
0 0.04296875 0.7578125 0.033203125 0.033203125
0 0.013671875 0.7666015625 0.02734375 0.033203125
0 0.3681640625 0.767578125 0.033203125 0.033203125
0 0.3515625 0.7734375 0.033203125 0.033203125
0 0.279296875 0.7841796875 0.033203125 0.033203125
0 0.56640625 0.7900390625 0.033203125 0.033203125
0 0.580078125 0.83984375 0.033203125 0.033203125