0 0.3681640625 0.146484375 0.033203125 0.033203125
0 0.62109375 0.1923828125 0.033203125 0.033203125
0 0.6318359375 0.2080078125 0.033203125 0.033203125
0 0.6328125 0.2080078125 0.033203125 0.033203125
0 0.64453125 0.2236328125 0.033203125 0.033203125
0 0.646484375 0.2431640625 0.033203125 0.033203125
0 0.646484375 0.2646484375 0.033203125 0.033203125
0 0.6318359375 0.291015625 0.033203125 0.033203125
0 0.6513671875 0.369140625 0.033203125 0.033203125
0 0.0166015625 0.44921875 0.033203125 0.033203125
0 0.0380859375 0.4921875 0.033203125 0.033203125
0 0.0126953125 0.498046875 0.025390625 0.033203125
0 0.087890625 0.650390625 0.033203125 0.033203125
0 0.6904296875 0.65625 0.033203125 0.033203125
0 0.6884765625 0.6748046875 0.033203125 0.033203125
0 0.69140625 0.6923828125 0.033203125 0.033203125
0 0.697265625 0.7060546875 0.033203125 0.033203125
0 0.705078125 0.7216796875 0.033203125 0.033203125
0 0.01220703125 0.7275390625 0.0244140625 0.033203125
0 0.7109375 0.73828125 0.033203125 0.033203125
0 0.7177734375 0.75390625 0.033203125 0.033203125
0 0.7255859375 0.7705078125 0.033203125 0.033203125
0 0.7431640625 0.8056640625 0.033203125 0.033203125
0 0.00830078125 0.849609375 0.0166015625 0.033203125
0 0.017578125 0.884765625 0.033203125 0.033203125
0 0.00927734375 0.8857421875 0.0185546875 0.033203125