0 0.4873046875 0.130859375 0.033203125 0.033203125
0 0.708984375 0.3828125 0.033203125 0.033203125
0 0.67578125 0.4091796875 0.033203125 0.033203125
0 0.6318359375 0.4248046875 0.033203125 0.033203125
0 0.5673828125 0.4462890625 0.033203125 0.033203125
0 0.4716796875 0.47265625 0.033203125 0.033203125
0 0.4287109375 0.4873046875 0.033203125 0.033203125
0 0.3818359375 0.501953125 0.033203125 0.033203125
0 0.2890625 0.5322265625 0.033203125 0.033203125
0 0.25390625 0.5439453125 0.033203125 0.033203125
0 0.4404296875 0.55078125 0.033203125 0.033203125
0 0.2109375 0.5576171875 0.033203125 0.033203125
0 0.17578125 0.568359375 0.033203125 0.033203125
0 0.28515625 0.568359375 0.033203125 0.033203125
0 0.4677734375 0.578125 0.033203125 0.033203125
0 0.1357421875 0.5830078125 0.033203125 0.033203125
0 0.3671875 0.5830078125 0.033203125 0.033203125
0 0.1044921875 0.5888671875 0.033203125 0.033203125
0 0.373046875 0.603515625 0.033203125 0.033203125
0 0.2861328125 0.60546875 0.033203125 0.033203125
0 0.2578125 0.6064453125 0.033203125 0.033203125
0 0.2333984375 0.6123046875 0.033203125 0.033203125
0 0.34375 0.6162109375 0.033203125 0.033203125
0 0.380859375 0.6181640625 0.033203125 0.033203125
0 0.2861328125 0.6259765625 0.033203125 0.033203125
0 0.287109375 0.6259765625 0.033203125 0.033203125
0 0.287109375 0.626953125 0.033203125 0.033203125
0 0.326171875 0.63671875 0.033203125 0.033203125
0 0.3837890625 0.6376953125 0.033203125 0.033203125
0 0.349609375 0.6474609375 0.033203125 0.033203125
0 0.291015625 0.65234375 0.033203125 0.033203125
0 0.3857421875 0.6572265625 0.033203125 0.033203125
0 0.38671875 0.6572265625 0.033203125 0.033203125
0 0.1103515625 0.662109375 0.033203125 0.033203125
0 0.357421875 0.6796875 0.033203125 0.033203125
0 0.3994140625 0.6796875 0.033203125 0.033203125
0 0.2919921875 0.6806640625 0.033203125 0.033203125
0 0.3671875 0.7021484375 0.033203125 0.033203125
0 0.2958984375 0.703125 0.033203125 0.033203125
0 0.30859375 0.7177734375 0.033203125 0.033203125
0 0.3212890625 0.72265625 0.033203125 0.033203125
0 0.375 0.734375 0.033203125 0.033203125
0 0.9150390625 0.9130859375 0.033203125 0.033203125
0 0.8037109375 0.98828125 0.033203125 0.0234375