0 0.65234375 0.1025390625 0.033203125 0.033203125
0 0.64453125 0.1337890625 0.033203125 0.033203125
0 0.6416015625 0.1728515625 0.033203125 0.033203125
0 0.6845703125 0.19140625 0.033203125 0.033203125
0 0.76953125 0.236328125 0.033203125 0.033203125
0 0.734375 0.2763671875 0.033203125 0.033203125
0 0.794921875 0.330078125 0.033203125 0.033203125
0 0.833984375 0.37109375 0.033203125 0.033203125
0 0.9228515625 0.3779296875 0.033203125 0.033203125
0 0.880859375 0.416015625 0.033203125 0.033203125
0 0.916015625 0.4501953125 0.033203125 0.033203125