0 0.95703125 0.00830078125 0.033203125 0.0166015625
0 0.8837890625 0.0244140625 0.033203125 0.033203125
0 0.01416015625 0.126953125 0.0283203125 0.033203125
0 0.0400390625 0.21484375 0.033203125 0.033203125
0 0.9111328125 0.357421875 0.033203125 0.033203125
0 0.689453125 0.369140625 0.033203125 0.033203125
0 0.8720703125 0.37109375 0.033203125 0.033203125
0 0.892578125 0.37109375 0.033203125 0.033203125
0 0.58984375 0.3984375 0.033203125 0.033203125
0 0.927734375 0.40625 0.033203125 0.033203125
0 0.2763671875 0.455078125 0.033203125 0.033203125
0 0.9296875 0.486328125 0.033203125 0.033203125
0 0.2119140625 0.4931640625 0.033203125 0.033203125
0 0.46875 0.5068359375 0.033203125 0.033203125
0 0.0576171875 0.5185546875 0.033203125 0.033203125
0 0.0830078125 0.53515625 0.033203125 0.033203125
0 0.0107421875 0.55859375 0.021484375 0.033203125
0 0.37890625 0.578125 0.033203125 0.033203125
0 0.4208984375 0.595703125 0.033203125 0.033203125
0 0.4365234375 0.658203125 0.033203125 0.033203125
0 0.5263671875 0.69140625 0.033203125 0.033203125
0 0.4580078125 0.7294921875 0.033203125 0.033203125
0 0.501953125 0.7373046875 0.033203125 0.033203125
0 0.466796875 0.7666015625 0.033203125 0.033203125
0 0.5478515625 0.787109375 0.033203125 0.033203125
0 0.6513671875 0.7939453125 0.033203125 0.033203125
0 0.6328125 0.87890625 0.033203125 0.033203125
0 0.4716796875 0.8935546875 0.033203125 0.033203125
0 0.5146484375 0.9248046875 0.033203125 0.033203125
0 0.6123046875 0.978515625 0.033203125 0.033203125
0 0.533203125 0.9873046875 0.033203125 0.025390625