0 0.95703125 0.015625 0.033203125 0.03125
0 0.421875 0.03515625 0.033203125 0.033203125
0 0.384765625 0.09765625 0.033203125 0.033203125
0 0.3662109375 0.103515625 0.033203125 0.033203125
0 0.3486328125 0.107421875 0.033203125 0.033203125
0 0.0830078125 0.1328125 0.033203125 0.033203125
0 0.9013671875 0.17578125 0.033203125 0.033203125
0 0.9736328125 0.3310546875 0.033203125 0.033203125
0 0.982421875 0.3662109375 0.033203125 0.033203125
0 0.009765625 0.5009765625 0.01953125 0.033203125
0 0.34375 0.5029296875 0.033203125 0.033203125
0 0.0322265625 0.603515625 0.033203125 0.033203125
0 0.4775390625 0.6328125 0.033203125 0.033203125
0 0.044921875 0.6552734375 0.033203125 0.033203125
0 0.060546875 0.7001953125 0.033203125 0.033203125
0 0.072265625 0.7490234375 0.033203125 0.033203125
0 0.8046875 0.791015625 0.033203125 0.033203125
0 0.095703125 0.818359375 0.033203125 0.033203125
0 0.4462890625 0.853515625 0.033203125 0.033203125
0 0.013671875 0.85546875 0.02734375 0.033203125
0 0.1162109375 0.888671875 0.033203125 0.033203125
0 0.0205078125 0.890625 0.033203125 0.033203125
0 0.0322265625 0.9296875 0.033203125 0.033203125
0 0.04296875 0.96875 0.033203125 0.033203125
0 0.4443359375 0.96875 0.033203125 0.033203125
0 0.1474609375 0.984375 0.033203125 0.03125