0 0.6630859375 0.0078125 0.033203125 0.015625
0 0.7158203125 0.00927734375 0.033203125 0.0185546875
0 0.66796875 0.015625 0.033203125 0.03125
0 0.9833984375 0.01611328125 0.033203125 0.0322265625
0 0.1083984375 0.0458984375 0.033203125 0.033203125
0 0.98828125 0.048828125 0.0234375 0.033203125
0 0.681640625 0.05078125 0.033203125 0.033203125
0 0.98046875 0.0576171875 0.033203125 0.033203125
0 0.9619140625 0.060546875 0.033203125 0.033203125
0 0.68359375 0.06640625 0.033203125 0.033203125
0 0.9443359375 0.0673828125 0.033203125 0.033203125
0 0.92578125 0.0712890625 0.033203125 0.033203125
0 0.908203125 0.0771484375 0.033203125 0.033203125
0 0.890625 0.0810546875 0.033203125 0.033203125
0 0.6865234375 0.083984375 0.033203125 0.033203125
0 0.876953125 0.087890625 0.033203125 0.033203125
0 0.7451171875 0.0888671875 0.033203125 0.033203125
0 0.85546875 0.0908203125 0.033203125 0.033203125
0 0.8408203125 0.095703125 0.033203125 0.033203125
0 0.8232421875 0.1025390625 0.033203125 0.033203125
0 0.6943359375 0.103515625 0.033203125 0.033203125
0 0.802734375 0.10546875 0.033203125 0.033203125
0 0.787109375 0.11328125 0.033203125 0.033203125
0 0.7724609375 0.119140625 0.033203125 0.033203125
0 0.7021484375 0.123046875 0.033203125 0.033203125
0 0.5576171875 0.1259765625 0.033203125 0.033203125
0 0.7578125 0.126953125 0.033203125 0.033203125
0 0.7060546875 0.14453125 0.033203125 0.033203125
0 0.568359375 0.220703125 0.033203125 0.033203125
0 0.1552734375 0.224609375 0.033203125 0.033203125
0 0.1533203125 0.267578125 0.033203125 0.033203125
0 0.291015625 0.6796875 0.033203125 0.033203125
0 0.0185546875 0.7373046875 0.033203125 0.033203125
0 0.2705078125 0.7412109375 0.033203125 0.033203125
0 0.9423828125 0.751953125 0.033203125 0.033203125
0 0.3095703125 0.8740234375 0.033203125 0.033203125
0 0.330078125 0.9365234375 0.033203125 0.033203125
0 0.3447265625 0.9814453125 0.033203125 0.033203125
0 0.6904296875 0.9892578125 0.033203125 0.021484375