0 0.0576171875 0.0263671875 0.033203125 0.033203125
0 0.087890625 0.1318359375 0.033203125 0.033203125
0 0.384765625 0.1318359375 0.033203125 0.033203125
0 0.099609375 0.173828125 0.033203125 0.033203125
0 0.1005859375 0.17578125 0.033203125 0.033203125
0 0.794921875 0.1865234375 0.033203125 0.033203125
0 0.1630859375 0.2978515625 0.033203125 0.033203125
0 0.1943359375 0.31640625 0.033203125 0.033203125
0 0.1474609375 0.341796875 0.033203125 0.033203125
0 0.982421875 0.53515625 0.033203125 0.033203125
0 0.8095703125 0.6083984375 0.033203125 0.033203125
0 0.8408203125 0.677734375 0.033203125 0.033203125
0 0.8515625 0.72265625 0.033203125 0.033203125
0 0.9287109375 0.8876953125 0.033203125 0.033203125
0 0.3447265625 0.888671875 0.033203125 0.033203125
0 0.9091796875 0.8955078125 0.033203125 0.033203125
0 0.310546875 0.90234375 0.033203125 0.033203125