0 0.2548828125 0.0146484375 0.033203125 0.029296875
0 0.162109375 0.0732421875 0.033203125 0.033203125
0 0.513671875 0.1123046875 0.033203125 0.033203125
0 0.49609375 0.12109375 0.033203125 0.033203125
0 0.4765625 0.126953125 0.033203125 0.033203125
0 0.451171875 0.1279296875 0.033203125 0.033203125
0 0.1904296875 0.1328125 0.033203125 0.033203125
0 0.4208984375 0.1435546875 0.033203125 0.033203125
0 0.189453125 0.1552734375 0.033203125 0.033203125
0 0.3427734375 0.1689453125 0.033203125 0.033203125
0 0.1923828125 0.177734375 0.033203125 0.033203125
0 0.1962890625 0.197265625 0.033203125 0.033203125
0 0.2177734375 0.2353515625 0.033203125 0.033203125
0 0.3134765625 0.2568359375 0.033203125 0.033203125
0 0.84375 0.2841796875 0.033203125 0.033203125
0 0.2705078125 0.3154296875 0.033203125 0.033203125
0 0.2705078125 0.31640625 0.033203125 0.033203125
0 0.7685546875 0.37890625 0.033203125 0.033203125
0 0.7236328125 0.3896484375 0.033203125 0.033203125
0 0.6904296875 0.3984375 0.033203125 0.033203125
0 0.638671875 0.4150390625 0.033203125 0.033203125
0 0.5986328125 0.4267578125 0.033203125 0.033203125
0 0.5556640625 0.435546875 0.033203125 0.033203125
0 0.7431640625 0.53515625 0.033203125 0.033203125
0 0.3525390625 0.5634765625 0.033203125 0.033203125
0 0.2958984375 0.583984375 0.033203125 0.033203125
0 0.5927734375 0.583984375 0.033203125 0.033203125
0 0.25 0.5927734375 0.033203125 0.033203125
0 0.2001953125 0.6103515625 0.033203125 0.033203125
0 0.4140625 0.640625 0.033203125 0.033203125
0 0.626953125 0.6943359375 0.033203125 0.033203125
0 0.166015625 0.71484375 0.033203125 0.033203125
0 0.6357421875 0.734375 0.033203125 0.033203125
0 0.0517578125 0.748046875 0.033203125 0.033203125
0 0.0673828125 0.7841796875 0.033203125 0.033203125
0 0.9619140625 0.78515625 0.033203125 0.033203125
0 0.01611328125 0.7880859375 0.0322265625 0.033203125
0 0.15625 0.8681640625 0.033203125 0.033203125
0 0.7998046875 0.884765625 0.033203125 0.033203125
0 0.7705078125 0.8955078125 0.033203125 0.033203125
0 0.1259765625 0.9150390625 0.033203125 0.033203125
0 0.1728515625 0.9169921875 0.033203125 0.033203125
0 0.97265625 0.9794921875 0.033203125 0.033203125