0 0.4326171875 0.2021484375 0.033203125 0.033203125
0 0.4423828125 0.2333984375 0.033203125 0.033203125
0 0.361328125 0.234375 0.033203125 0.033203125
0 0.3720703125 0.271484375 0.033203125 0.033203125
0 0.453125 0.2734375 0.033203125 0.033203125
0 0.376953125 0.2802734375 0.033203125 0.033203125
0 0.3857421875 0.310546875 0.033203125 0.033203125
0 0.466796875 0.3232421875 0.033203125 0.033203125
0 0.396484375 0.3525390625 0.033203125 0.033203125
0 0.4765625 0.3564453125 0.033203125 0.033203125
0 0.431640625 0.384765625 0.033203125 0.033203125
0 0.4873046875 0.3955078125 0.033203125 0.033203125
0 0.4130859375 0.4033203125 0.033203125 0.033203125
0 0.501953125 0.439453125 0.033203125 0.033203125
0 0.4267578125 0.4404296875 0.033203125 0.033203125
0 0.435546875 0.478515625 0.033203125 0.033203125
0 0.0615234375 0.509765625 0.033203125 0.033203125
0 0.0263671875 0.5146484375 0.033203125 0.033203125
0 0.50390625 0.525390625 0.033203125 0.033203125
0 0.3466796875 0.5263671875 0.033203125 0.033203125
0 0.53125 0.5263671875 0.033203125 0.033203125
0 0.310546875 0.5390625 0.033203125 0.033203125
0 0.2578125 0.5498046875 0.033203125 0.033203125
0 0.0703125 0.55078125 0.033203125 0.033203125
0 0.5390625 0.560546875 0.033203125 0.033203125
0 0.548828125 0.5947265625 0.033203125 0.033203125
0 0.345703125 0.611328125 0.033203125 0.033203125
0 0.3115234375 0.6201171875 0.033203125 0.033203125
0 0.5087890625 0.623046875 0.033203125 0.033203125
0 0.5634765625 0.6337890625 0.033203125 0.033203125
0 0.5712890625 0.6552734375 0.033203125 0.033203125
0 0.58984375 0.72265625 0.033203125 0.033203125
0 0.6044921875 0.7626953125 0.033203125 0.033203125
0 0.5810546875 0.7900390625 0.033203125 0.033203125
0 0.619140625 0.8095703125 0.033203125 0.033203125
0 0.6298828125 0.8486328125 0.033203125 0.033203125
0 0.552734375 0.8515625 0.033203125 0.033203125
0 0.5615234375 0.8857421875 0.033203125 0.033203125
0 0.6513671875 0.9091796875 0.033203125 0.033203125
0 0.5732421875 0.9189453125 0.033203125 0.033203125
0 0.66015625 0.9404296875 0.033203125 0.033203125
0 0.587890625 0.9609375 0.033203125 0.033203125
0 0.671875 0.98046875 0.033203125 0.033203125