0 0.6875 0.0224609375 0.033203125 0.033203125
0 0.6943359375 0.0634765625 0.033203125 0.033203125
0 0.708984375 0.09765625 0.033203125 0.033203125
0 0.685546875 0.1220703125 0.033203125 0.033203125
0 0.513671875 0.12890625 0.033203125 0.033203125
0 0.4716796875 0.14453125 0.033203125 0.033203125
0 0.2470703125 0.1572265625 0.033203125 0.033203125
0 0.4208984375 0.1591796875 0.033203125 0.033203125
0 0.658203125 0.1796875 0.033203125 0.033203125
0 0.6669921875 0.2138671875 0.033203125 0.033203125
0 0.74609375 0.216796875 0.033203125 0.033203125
0 0.7568359375 0.2548828125 0.033203125 0.033203125
0 0.6806640625 0.255859375 0.033203125 0.033203125
0 0.7666015625 0.2900390625 0.033203125 0.033203125
0 0.69140625 0.294921875 0.033203125 0.033203125
0 0.77734375 0.3251953125 0.033203125 0.033203125
0 0.7060546875 0.3359375 0.033203125 0.033203125
0 0.716796875 0.3720703125 0.033203125 0.033203125
0 0.8134765625 0.4384765625 0.033203125 0.033203125
0 0.7412109375 0.4541015625 0.033203125 0.033203125
0 0.8310546875 0.4873046875 0.033203125 0.033203125
0 0.83203125 0.4873046875 0.033203125 0.033203125
0 0.7568359375 0.51171875 0.033203125 0.033203125
0 0.8408203125 0.5263671875 0.033203125 0.033203125
0 0.76953125 0.5439453125 0.033203125 0.033203125
0 0.8662109375 0.603515625 0.033203125 0.033203125
0 0.8798828125 0.654296875 0.033203125 0.033203125
0 0.8916015625 0.685546875 0.033203125 0.033203125
0 0.140625 0.74609375 0.033203125 0.033203125
0 0.91015625 0.7548828125 0.033203125 0.033203125
0 0.1494140625 0.779296875 0.033203125 0.033203125
0 0.9326171875 0.8203125 0.033203125 0.033203125
0 0.1650390625 0.8232421875 0.033203125 0.033203125
0 0.1708984375 0.857421875 0.033203125 0.033203125
0 0.37890625 0.9111328125 0.033203125 0.033203125
0 0.9833984375 0.92578125 0.033203125 0.033203125
0 0.255859375 0.9365234375 0.033203125 0.033203125
0 0.240234375 0.943359375 0.033203125 0.033203125
0 0.189453125 0.95703125 0.033203125 0.033203125
0 0.095703125 0.98388671875 0.033203125 0.0322265625
0 0.0791015625 0.98583984375 0.033203125 0.0283203125