0 0.9892578125 0.009765625 0.021484375 0.01953125
0 0.974609375 0.01123046875 0.033203125 0.0224609375
0 0.91796875 0.01171875 0.033203125 0.0234375
0 0.927734375 0.0390625 0.033203125 0.033203125
0 0.94140625 0.080078125 0.033203125 0.033203125
0 0.9580078125 0.1240234375 0.033203125 0.033203125
0 0.966796875 0.1669921875 0.033203125 0.033203125
0 0.98388671875 0.2919921875 0.0322265625 0.033203125
0 0.5439453125 0.5107421875 0.033203125 0.033203125
0 0.5068359375 0.5234375 0.033203125 0.033203125
0 0.1884765625 0.623046875 0.033203125 0.033203125
0 0.1552734375 0.634765625 0.033203125 0.033203125
0 0.111328125 0.6455078125 0.033203125 0.033203125
0 0.0576171875 0.6640625 0.033203125 0.033203125
0 0.8505859375 0.7119140625 0.033203125 0.033203125
0 0.00927734375 0.7216796875 0.0185546875 0.033203125
0 0.013671875 0.7646484375 0.02734375 0.033203125
0 0.013671875 0.765625 0.02734375 0.033203125
0 0.0322265625 0.796875 0.033203125 0.033203125