0 0.1494140625 0.1201171875 0.033203125 0.033203125
0 0.0478515625 0.1259765625 0.033203125 0.033203125
0 0.0498046875 0.1494140625 0.033203125 0.033203125
0 0.0341796875 0.55859375 0.033203125 0.033203125
0 0.048828125 0.669921875 0.033203125 0.033203125
0 0.01171875 0.68359375 0.0234375 0.033203125
0 0.015625 0.701171875 0.03125 0.033203125
0 0.0654296875 0.7099609375 0.033203125 0.033203125
0 0.0244140625 0.7197265625 0.033203125 0.033203125
0 0.0283203125 0.744140625 0.033203125 0.033203125
0 0.080078125 0.751953125 0.033203125 0.033203125
0 0.0400390625 0.765625 0.033203125 0.033203125
0 0.0478515625 0.7880859375 0.033203125 0.033203125
0 0.16015625 0.9541015625 0.033203125 0.033203125
0 0.1787109375 0.990234375 0.033203125 0.01953125