0 0.2294921875 0.0732421875 0.033203125 0.033203125
0 0.4150390625 0.408203125 0.033203125 0.033203125
0 0.0498046875 0.74609375 0.033203125 0.033203125
0 0.8642578125 0.763671875 0.033203125 0.033203125
0 0.626953125 0.783203125 0.033203125 0.033203125
0 0.064453125 0.8046875 0.033203125 0.033203125
0 0.06640625 0.82421875 0.033203125 0.033203125
0 0.5361328125 0.8291015625 0.033203125 0.033203125
0 0.4931640625 0.841796875 0.033203125 0.033203125
0 0.0732421875 0.845703125 0.033203125 0.033203125
0 0.337890625 0.890625 0.033203125 0.033203125
0 0.3017578125 0.90234375 0.033203125 0.033203125