0 0.5595703125 0.1708984375 0.033203125 0.033203125
0 0.5478515625 0.25 0.033203125 0.033203125
0 0.685546875 0.341796875 0.033203125 0.033203125
0 0.5849609375 0.375 0.033203125 0.033203125
0 0.7001953125 0.3955078125 0.033203125 0.033203125
0 0.5986328125 0.41796875 0.033203125 0.033203125
0 0.712890625 0.451171875 0.033203125 0.033203125
0 0.763671875 0.5966796875 0.033203125 0.033203125
0 0.7763671875 0.6552734375 0.033203125 0.033203125
0 0.8037109375 0.7353515625 0.033203125 0.033203125
0 0.8095703125 0.869140625 0.033203125 0.033203125
0 0.8671875 0.943359375 0.033203125 0.033203125