0 0.9833984375 0.0078125 0.033203125 0.015625
0 0.15625 0.0205078125 0.033203125 0.033203125
0 0.71484375 0.03125 0.033203125 0.033203125
0 0.7177734375 0.0498046875 0.033203125 0.033203125
0 0.8115234375 0.052734375 0.033203125 0.033203125
0 0.498046875 0.0654296875 0.033203125 0.033203125
0 0.30078125 0.06640625 0.033203125 0.033203125
0 0.3408203125 0.0673828125 0.033203125 0.033203125
0 0.3916015625 0.0673828125 0.033203125 0.033203125
0 0.4228515625 0.0673828125 0.033203125 0.033203125
0 0.71484375 0.0673828125 0.033203125 0.033203125
0 0.32421875 0.068359375 0.033203125 0.033203125
0 0.3681640625 0.068359375 0.033203125 0.033203125
0 0.8125 0.0693359375 0.033203125 0.033203125
0 0.716796875 0.0869140625 0.033203125 0.033203125
0 0.8115234375 0.0869140625 0.033203125 0.033203125
0 0.345703125 0.099609375 0.033203125 0.033203125
0 0.326171875 0.1005859375 0.033203125 0.033203125
0 0.3671875 0.1015625 0.033203125 0.033203125
0 0.306640625 0.1025390625 0.033203125 0.033203125
0 0.384765625 0.1025390625 0.033203125 0.033203125
0 0.7177734375 0.1044921875 0.033203125 0.033203125
0 0.8134765625 0.10546875 0.033203125 0.033203125
0 0.71484375 0.12109375 0.033203125 0.033203125
0 0.71484375 0.1220703125 0.033203125 0.033203125
0 0.8095703125 0.1240234375 0.033203125 0.033203125
0 0.8076171875 0.1416015625 0.033203125 0.033203125
0 0.814453125 0.1572265625 0.033203125 0.033203125
0 0.3427734375 0.1708984375 0.033203125 0.033203125
0 0.3037109375 0.171875 0.033203125 0.033203125
0 0.32421875 0.171875 0.033203125 0.033203125
0 0.380859375 0.171875 0.033203125 0.033203125
0 0.4208984375 0.1728515625 0.033203125 0.033203125
0 0.8095703125 0.1748046875 0.033203125 0.033203125
0 0.2734375 0.2001953125 0.033203125 0.033203125
0 0.806640625 0.2119140625 0.033203125 0.033203125
0 0.8134765625 0.2275390625 0.033203125 0.033203125
0 0.8125 0.24609375 0.033203125 0.033203125
0 0.712890625 0.255859375 0.033203125 0.033203125
0 0.4970703125 0.2724609375 0.033203125 0.033203125
0 0.7197265625 0.2744140625 0.033203125 0.033203125
0 0.375 0.279296875 0.033203125 0.033203125
0 0.4755859375 0.28125 0.033203125 0.033203125
0 0.39453125 0.2822265625 0.033203125 0.033203125
0 0.3583984375 0.283203125 0.033203125 0.033203125
0 0.71484375 0.291015625 0.033203125 0.033203125
0 0.7197265625 0.30859375 0.033203125 0.033203125
0 0.71484375 0.3271484375 0.033203125 0.033203125
0 0.7158203125 0.3466796875 0.033203125 0.033203125
0 0.58984375 0.361328125 0.033203125 0.033203125
0 0.5732421875 0.36328125 0.033203125 0.033203125
0 0.6240234375 0.36328125 0.033203125 0.033203125
0 0.498046875 0.3642578125 0.033203125 0.033203125
0 0.537109375 0.3642578125 0.033203125 0.033203125
0 0.6083984375 0.3642578125 0.033203125 0.033203125
0 0.552734375 0.3662109375 0.033203125 0.033203125
0 0.6611328125 0.3662109375 0.033203125 0.033203125
0 0.6416015625 0.3671875 0.033203125 0.033203125
0 0.7177734375 0.3671875 0.033203125 0.033203125
0 0.1318359375 0.3759765625 0.033203125 0.033203125
0 0.2333984375 0.4140625 0.033203125 0.033203125
0 0.2333984375 0.4326171875 0.033203125 0.033203125
0 0.69140625 0.4482421875 0.033203125 0.033203125
0 0.6357421875 0.4501953125 0.033203125 0.033203125
0 0.544921875 0.451171875 0.033203125 0.033203125
0 0.513671875 0.453125 0.033203125 0.033203125
0 0.56640625 0.453125 0.033203125 0.033203125
0 0.583984375 0.453125 0.033203125 0.033203125
0 0.6552734375 0.4541015625 0.033203125 0.033203125
0 0.67578125 0.4541015625 0.033203125 0.033203125
0 0.234375 0.46484375 0.033203125 0.033203125
0 0.419921875 0.4833984375 0.033203125 0.033203125
0 0.3388671875 0.484375 0.033203125 0.033203125
0 0.3720703125 0.4853515625 0.033203125 0.033203125
0 0.3974609375 0.4853515625 0.033203125 0.033203125
0 0.5166015625 0.4931640625 0.033203125 0.033203125
0 0.31640625 0.4951171875 0.033203125 0.033203125
0 0.81640625 0.4951171875 0.033203125 0.033203125
0 0.7490234375 0.5009765625 0.033203125 0.033203125
0 0.515625 0.513671875 0.033203125 0.033203125
0 0.513671875 0.53125 0.033203125 0.033203125
0 0.45703125 0.544921875 0.033203125 0.033203125
0 0.341796875 0.55078125 0.033203125 0.033203125
0 0.5107421875 0.55078125 0.033203125 0.033203125
0 0.44921875 0.5673828125 0.033203125 0.033203125
0 0.5068359375 0.5693359375 0.033203125 0.033203125
0 0.2568359375 0.5703125 0.033203125 0.033203125
0 0.3310546875 0.5703125 0.033203125 0.033203125
0 0.6181640625 0.5703125 0.033203125 0.033203125
0 0.3193359375 0.5888671875 0.033203125 0.033203125
0 0.5087890625 0.5888671875 0.033203125 0.033203125
0 0.6201171875 0.5888671875 0.033203125 0.033203125
0 0.333984375 0.6123046875 0.033203125 0.033203125
0 0.26953125 0.6171875 0.033203125 0.033203125
0 0.3193359375 0.6572265625 0.033203125 0.033203125
0 0.095703125 0.697265625 0.033203125 0.033203125
0 0.1552734375 0.697265625 0.033203125 0.033203125
0 0.2060546875 0.6982421875 0.033203125 0.033203125
0 0.185546875 0.69921875 0.033203125 0.033203125
0 0.2236328125 0.69921875 0.033203125 0.033203125
0 0.0478515625 0.7001953125 0.033203125 0.033203125
0 0.2783203125 0.7001953125 0.033203125 0.033203125
0 0.1337890625 0.701171875 0.033203125 0.033203125
0 0.3486328125 0.703125 0.033203125 0.033203125
0 0.2568359375 0.7041015625 0.033203125 0.033203125
0 0.2919921875 0.7041015625 0.033203125 0.033203125
0 0.8779296875 0.732421875 0.033203125 0.033203125
0 0.7890625 0.7587890625 0.033203125 0.033203125
0 0.66796875 0.763671875 0.033203125 0.033203125
0 0.7392578125 0.763671875 0.033203125 0.033203125
0 0.7734375 0.763671875 0.033203125 0.033203125
0 0.7568359375 0.7646484375 0.033203125 0.033203125
0 0.875 0.7646484375 0.033203125 0.033203125
0 0.650390625 0.767578125 0.033203125 0.033203125
0 0.619140625 0.7841796875 0.033203125 0.033203125
0 0.2119140625 0.7880859375 0.033203125 0.033203125
0 0.2294921875 0.7900390625 0.033203125 0.033203125
0 0.1943359375 0.791015625 0.033203125 0.033203125
0 0.2666015625 0.79296875 0.033203125 0.033203125
0 0.607421875 0.8173828125 0.033203125 0.033203125
0 0.619140625 0.8310546875 0.033203125 0.033203125
0 0.62890625 0.845703125 0.033203125 0.033203125
0 0.6298828125 0.869140625 0.033203125 0.033203125
0 0.8740234375 0.869140625 0.033203125 0.033203125
0 0.669921875 0.8818359375 0.033203125 0.033203125
0 0.6884765625 0.8818359375 0.033203125 0.033203125
0 0.6572265625 0.8828125 0.033203125 0.033203125
0 0.7548828125 0.8828125 0.033203125 0.033203125
0 0.724609375 0.8837890625 0.033203125 0.033203125
0 0.7421875 0.8837890625 0.033203125 0.033203125
0 0.771484375 0.8837890625 0.033203125 0.033203125
0 0.806640625 0.8837890625 0.033203125 0.033203125
0 0.70703125 0.884765625 0.033203125 0.033203125
0 0.7890625 0.884765625 0.033203125 0.033203125
0 0.4423828125 0.9375 0.033203125 0.033203125
0 0.541015625 0.9375 0.033203125 0.033203125
0 0.5595703125 0.9375 0.033203125 0.033203125
0 0.5087890625 0.9384765625 0.033203125 0.033203125
0 0.69921875 0.9384765625 0.033203125 0.033203125
0 0.5263671875 0.939453125 0.033203125 0.033203125
0 0.7158203125 0.939453125 0.033203125 0.033203125
0 0.7373046875 0.939453125 0.033203125 0.033203125
0 0.642578125 0.94140625 0.033203125 0.033203125
0 0.6611328125 0.94140625 0.033203125 0.033203125
0 0.75390625 0.94140625 0.033203125 0.033203125
0 0.6611328125 0.9423828125 0.033203125 0.033203125
0 0.7734375 0.9423828125 0.033203125 0.033203125
0 0.7900390625 0.9423828125 0.033203125 0.033203125
0 0.681640625 0.943359375 0.033203125 0.033203125