0 0.046875 0.017578125 0.033203125 0.033203125
0 0.1904296875 0.0361328125 0.033203125 0.033203125
0 0.0400390625 0.05078125 0.033203125 0.033203125
0 0.0859375 0.0517578125 0.033203125 0.033203125
0 0.23046875 0.056640625 0.033203125 0.033203125
0 0.330078125 0.060546875 0.033203125 0.033203125
0 0.0888671875 0.072265625 0.033203125 0.033203125
0 0.0400390625 0.0869140625 0.033203125 0.033203125
0 0.0791015625 0.0888671875 0.033203125 0.033203125
0 0.224609375 0.1083984375 0.033203125 0.033203125
0 0.3271484375 0.1123046875 0.033203125 0.033203125
0 0.2255859375 0.126953125 0.033203125 0.033203125
0 0.328125 0.1318359375 0.033203125 0.033203125
0 0.044921875 0.142578125 0.033203125 0.033203125
0 0.1875 0.1455078125 0.033203125 0.033203125
0 0.04296875 0.162109375 0.033203125 0.033203125
0 0.078125 0.177734375 0.033203125 0.033203125
0 0.1904296875 0.1787109375 0.033203125 0.033203125
0 0.185546875 0.1953125 0.033203125 0.033203125
0 0.22265625 0.1982421875 0.033203125 0.033203125
0 0.0390625 0.2138671875 0.033203125 0.033203125
0 0.189453125 0.2138671875 0.033203125 0.033203125
0 0.0810546875 0.2314453125 0.033203125 0.033203125
0 0.0810546875 0.2666015625 0.033203125 0.033203125
0 0.0400390625 0.267578125 0.033203125 0.033203125
0 0.1865234375 0.2685546875 0.033203125 0.033203125
0 0.0771484375 0.283203125 0.033203125 0.033203125
0 0.2275390625 0.2861328125 0.033203125 0.033203125
0 0.0361328125 0.302734375 0.033203125 0.033203125
0 0.076171875 0.3203125 0.033203125 0.033203125
0 0.041015625 0.3232421875 0.033203125 0.033203125
0 0.07421875 0.3369140625 0.033203125 0.033203125
0 0.0400390625 0.337890625 0.033203125 0.033203125
0 0.185546875 0.33984375 0.033203125 0.033203125
0 0.04296875 0.3564453125 0.033203125 0.033203125
0 0.0791015625 0.357421875 0.033203125 0.033203125
0 0.220703125 0.357421875 0.033203125 0.033203125
0 0.1845703125 0.361328125 0.033203125 0.033203125
0 0.0419921875 0.3720703125 0.033203125 0.033203125
0 0.185546875 0.375 0.033203125 0.033203125
0 0.076171875 0.376953125 0.033203125 0.033203125
0 0.2197265625 0.3779296875 0.033203125 0.033203125
0 0.32421875 0.3798828125 0.033203125 0.033203125
0 0.0458984375 0.39453125 0.033203125 0.033203125
0 0.0751953125 0.39453125 0.033203125 0.033203125
0 0.181640625 0.39453125 0.033203125 0.033203125
0 0.2197265625 0.396484375 0.033203125 0.033203125
0 0.326171875 0.408203125 0.033203125 0.033203125
0 0.3271484375 0.4248046875 0.033203125 0.033203125
0 0.00927734375 0.826171875 0.0185546875 0.033203125
0 0.01318359375 0.8642578125 0.0263671875 0.033203125
0 0.126953125 0.9130859375 0.033203125 0.033203125
0 0.01220703125 0.9287109375 0.0244140625 0.033203125
0 0.1298828125 0.9677734375 0.033203125 0.033203125
0 0.0126953125 0.9697265625 0.025390625 0.033203125
0 0.0126953125 0.9873046875 0.025390625 0.025390625