0 0.5986328125 0.181640625 0.033203125 0.033203125
0 0.029296875 0.3740234375 0.033203125 0.033203125
0 0.1328125 0.376953125 0.033203125 0.033203125
0 0.091796875 0.3779296875 0.033203125 0.033203125
0 0.1708984375 0.37890625 0.033203125 0.033203125
0 0.900390625 0.39453125 0.033203125 0.033203125
0 0.896484375 0.455078125 0.033203125 0.033203125
0 0.14453125 0.4619140625 0.033203125 0.033203125
0 0.1240234375 0.462890625 0.033203125 0.033203125
0 0.19921875 0.4638671875 0.033203125 0.033203125
0 0.1796875 0.46484375 0.033203125 0.033203125
0 0.990234375 0.509765625 0.01953125 0.033203125
0 0.8984375 0.5107421875 0.033203125 0.033203125
0 0.892578125 0.744140625 0.033203125 0.033203125
0 0.671875 0.939453125 0.033203125 0.033203125
0 0.82421875 0.94140625 0.033203125 0.033203125
0 0.841796875 0.9423828125 0.033203125 0.033203125