0 0.125 0.0185546875 0.033203125 0.033203125
0 0.220703125 0.0537109375 0.033203125 0.033203125
0 0.4658203125 0.0869140625 0.033203125 0.033203125
0 0.4462890625 0.099609375 0.033203125 0.033203125
0 0.427734375 0.1005859375 0.033203125 0.033203125
0 0.4111328125 0.1181640625 0.033203125 0.033203125
0 0.7373046875 0.1591796875 0.033203125 0.033203125
0 0.4462890625 0.36328125 0.033203125 0.033203125
0 0.28125 0.4072265625 0.033203125 0.033203125
0 0.30078125 0.4091796875 0.033203125 0.033203125
0 0.3203125 0.4130859375 0.033203125 0.033203125
0 0.265625 0.4833984375 0.033203125 0.033203125
0 0.3662109375 0.5439453125 0.033203125 0.033203125
0 0.45703125 0.5498046875 0.033203125 0.033203125
0 0.4091796875 0.5625 0.033203125 0.033203125
0 0.30078125 0.57421875 0.033203125 0.033203125
0 0.3203125 0.5771484375 0.033203125 0.033203125
0 0.3515625 0.6025390625 0.033203125 0.033203125
0 0.103515625 0.9072265625 0.033203125 0.033203125
0 0.1767578125 0.9306640625 0.033203125 0.033203125
0 0.1884765625 0.9765625 0.033203125 0.033203125