0 0.431640625 0.2275390625 0.033203125 0.033203125
0 0.2822265625 0.26171875 0.033203125 0.033203125
0 0.337890625 0.2890625 0.033203125 0.033203125
0 0.4951171875 0.5185546875 0.033203125 0.033203125
0 0.7744140625 0.609375 0.033203125 0.033203125
0 0.177734375 0.658203125 0.033203125 0.033203125
0 0.5419921875 0.66796875 0.033203125 0.033203125
0 0.01025390625 0.673828125 0.0205078125 0.033203125
0 0.8564453125 0.8115234375 0.033203125 0.033203125
0 0.8388671875 0.8974609375 0.033203125 0.033203125
0 0.640625 0.904296875 0.033203125 0.033203125
0 0.0126953125 0.94140625 0.025390625 0.033203125
0 0.6787109375 0.9443359375 0.033203125 0.033203125
0 0.8291015625 0.9599609375 0.033203125 0.033203125