0 0.68359375 0.00830078125 0.033203125 0.0166015625
0 0.703125 0.00830078125 0.033203125 0.0166015625
0 0.7412109375 0.00830078125 0.033203125 0.0166015625
0 0.83984375 0.00830078125 0.033203125 0.0166015625
0 0.8603515625 0.00830078125 0.033203125 0.0166015625
0 0.7548828125 0.0087890625 0.033203125 0.017578125
0 0.7734375 0.0087890625 0.033203125 0.017578125
0 0.7900390625 0.0087890625 0.033203125 0.017578125
0 0.822265625 0.00927734375 0.033203125 0.0185546875
0 0.724609375 0.009765625 0.033203125 0.01953125
0 0.884765625 0.0234375 0.033203125 0.033203125
0 0.650390625 0.0283203125 0.033203125 0.033203125
0 0.8837890625 0.0419921875 0.033203125 0.033203125
0 0.65234375 0.05078125 0.033203125 0.033203125
0 0.8837890625 0.0595703125 0.033203125 0.033203125
0 0.6875 0.07421875 0.033203125 0.033203125
0 0.802734375 0.0751953125 0.033203125 0.033203125
0 0.7626953125 0.076171875 0.033203125 0.033203125
0 0.8857421875 0.076171875 0.033203125 0.033203125
0 0.8037109375 0.0927734375 0.033203125 0.033203125
0 0.685546875 0.09375 0.033203125 0.033203125
0 0.763671875 0.095703125 0.033203125 0.033203125
0 0.87890625 0.095703125 0.033203125 0.033203125
0 0.560546875 0.1025390625 0.033203125 0.033203125
0 0.802734375 0.10546875 0.033203125 0.033203125
0 0.6865234375 0.109375 0.033203125 0.033203125
0 0.767578125 0.109375 0.033203125 0.033203125
0 0.8818359375 0.109375 0.033203125 0.033203125
0 0.798828125 0.126953125 0.033203125 0.033203125
0 0.689453125 0.1279296875 0.033203125 0.033203125
0 0.7666015625 0.1279296875 0.033203125 0.033203125
0 0.880859375 0.1298828125 0.033203125 0.033203125
0 0.060546875 0.1318359375 0.033203125 0.033203125
0 0.763671875 0.142578125 0.033203125 0.033203125
0 0.8837890625 0.1435546875 0.033203125 0.033203125
0 0.8037109375 0.14453125 0.033203125 0.033203125
0 0.6875 0.1455078125 0.033203125 0.033203125
0 0.5556640625 0.150390625 0.033203125 0.033203125
0 0.689453125 0.158203125 0.033203125 0.033203125
0 0.80078125 0.16015625 0.033203125 0.033203125
0 0.7666015625 0.162109375 0.033203125 0.033203125
0 0.8837890625 0.162109375 0.033203125 0.033203125
0 0.55859375 0.16796875 0.033203125 0.033203125
0 0.060546875 0.1748046875 0.033203125 0.033203125
0 0.763671875 0.1767578125 0.033203125 0.033203125
0 0.685546875 0.1787109375 0.033203125 0.033203125
0 0.7998046875 0.1787109375 0.033203125 0.033203125
0 0.8828125 0.1796875 0.033203125 0.033203125
0 0.7646484375 0.19140625 0.033203125 0.033203125
0 0.68359375 0.1962890625 0.033203125 0.033203125
0 0.8046875 0.1962890625 0.033203125 0.033203125
0 0.8818359375 0.1982421875 0.033203125 0.033203125
0 0.2119140625 0.205078125 0.033203125 0.033203125
0 0.638671875 0.205078125 0.033203125 0.033203125
0 0.6865234375 0.2109375 0.033203125 0.033203125
0 0.763671875 0.2109375 0.033203125 0.033203125
0 0.7646484375 0.2109375 0.033203125 0.033203125
0 0.56640625 0.22265625 0.033203125 0.033203125
0 0.6376953125 0.2255859375 0.033203125 0.033203125
0 0.8798828125 0.2265625 0.033203125 0.033203125
0 0.6865234375 0.2275390625 0.033203125 0.033203125
0 0.802734375 0.2294921875 0.033203125 0.033203125
0 0.765625 0.23046875 0.033203125 0.033203125
0 0.63671875 0.240234375 0.033203125 0.033203125
0 0.2109375 0.2431640625 0.033203125 0.033203125
0 0.685546875 0.244140625 0.033203125 0.033203125
0 0.87890625 0.244140625 0.033203125 0.033203125
0 0.572265625 0.2451171875 0.033203125 0.033203125
0 0.765625 0.24609375 0.033203125 0.033203125
0 0.806640625 0.2470703125 0.033203125 0.033203125
0 0.76171875 0.263671875 0.033203125 0.033203125
0 0.880859375 0.263671875 0.033203125 0.033203125
0 0.6826171875 0.2646484375 0.033203125 0.033203125
0 0.8046875 0.265625 0.033203125 0.033203125
0 0.6845703125 0.2783203125 0.033203125 0.033203125
0 0.763671875 0.2783203125 0.033203125 0.033203125
0 0.8037109375 0.2802734375 0.033203125 0.033203125
0 0.8837890625 0.2802734375 0.033203125 0.033203125
0 0.685546875 0.2958984375 0.033203125 0.033203125
0 0.7626953125 0.2958984375 0.033203125 0.033203125
0 0.8017578125 0.2958984375 0.033203125 0.033203125
0 0.880859375 0.298828125 0.033203125 0.033203125
0 0.5654296875 0.3046875 0.033203125 0.033203125
0 0.8017578125 0.310546875 0.033203125 0.033203125
0 0.6845703125 0.3115234375 0.033203125 0.033203125
0 0.7607421875 0.314453125 0.033203125 0.033203125
0 0.8828125 0.318359375 0.033203125 0.033203125
0 0.6796875 0.330078125 0.033203125 0.033203125
0 0.8056640625 0.330078125 0.033203125 0.033203125
0 0.7587890625 0.33203125 0.033203125 0.033203125
0 0.880859375 0.3330078125 0.033203125 0.033203125
0 0.8837890625 0.345703125 0.033203125 0.033203125
0 0.68359375 0.3466796875 0.033203125 0.033203125
0 0.802734375 0.34765625 0.033203125 0.033203125
0 0.7626953125 0.3486328125 0.033203125 0.033203125
0 0.68359375 0.3623046875 0.033203125 0.033203125
0 0.8037109375 0.3642578125 0.033203125 0.033203125
0 0.765625 0.365234375 0.033203125 0.033203125
0 0.63671875 0.3662109375 0.033203125 0.033203125
0 0.880859375 0.3662109375 0.033203125 0.033203125
0 0.6845703125 0.37890625 0.033203125 0.033203125
0 0.7685546875 0.37890625 0.033203125 0.033203125
0 0.8017578125 0.3837890625 0.033203125 0.033203125
0 0.8798828125 0.3837890625 0.033203125 0.033203125
0 0.80078125 0.3974609375 0.033203125 0.033203125
0 0.6845703125 0.3984375 0.033203125 0.033203125
0 0.763671875 0.3994140625 0.033203125 0.033203125
0 0.634765625 0.400390625 0.033203125 0.033203125
0 0.8818359375 0.400390625 0.033203125 0.033203125
0 0.7626953125 0.412109375 0.033203125 0.033203125
0 0.8779296875 0.4130859375 0.033203125 0.033203125
0 0.68359375 0.4140625 0.033203125 0.033203125
0 0.802734375 0.416015625 0.033203125 0.033203125
0 0.634765625 0.41796875 0.033203125 0.033203125
0 0.7626953125 0.431640625 0.033203125 0.033203125
0 0.880859375 0.431640625 0.033203125 0.033203125
0 0.6865234375 0.43359375 0.033203125 0.033203125
0 0.7998046875 0.4345703125 0.033203125 0.033203125
0 0.9404296875 0.4375 0.033203125 0.033203125
0 0.681640625 0.4482421875 0.033203125 0.033203125
0 0.880859375 0.4482421875 0.033203125 0.033203125
0 0.9423828125 0.453125 0.033203125 0.033203125
0 0.6318359375 0.4560546875 0.033203125 0.033203125
0 0.87890625 0.4638671875 0.033203125 0.033203125
0 0.681640625 0.466796875 0.033203125 0.033203125
0 0.9365234375 0.47265625 0.033203125 0.033203125
0 0.880859375 0.4814453125 0.033203125 0.033203125
0 0.677734375 0.482421875 0.033203125 0.033203125
0 0.7744140625 0.5029296875 0.033203125 0.033203125
0 0.826171875 0.5029296875 0.033203125 0.033203125
0 0.8134765625 0.50390625 0.033203125 0.033203125
0 0.75390625 0.5048828125 0.033203125 0.033203125
0 0.7353515625 0.505859375 0.033203125 0.033203125
0 0.75390625 0.505859375 0.033203125 0.033203125
0 0.7919921875 0.5068359375 0.033203125 0.033203125
0 0.7177734375 0.5078125 0.033203125 0.033203125
0 0.8486328125 0.5078125 0.033203125 0.033203125
0 0.9599609375 0.5078125 0.033203125 0.033203125
0 0.083984375 0.53515625 0.033203125 0.033203125
0 0.2041015625 0.5673828125 0.033203125 0.033203125
0 0.20703125 0.61328125 0.033203125 0.033203125
0 0.5830078125 0.6171875 0.033203125 0.033203125
0 0.66796875 0.7470703125 0.033203125 0.033203125
0 0.7802734375 0.7529296875 0.033203125 0.033203125
0 0.658203125 0.8037109375 0.033203125 0.033203125
0 0.169921875 0.826171875 0.033203125 0.033203125
0 0.0751953125 0.841796875 0.033203125 0.033203125
0 0.9296875 0.869140625 0.033203125 0.033203125
0 0.8896484375 0.896484375 0.033203125 0.033203125
0 0.94921875 0.9140625 0.033203125 0.033203125
0 0.8857421875 0.947265625 0.033203125 0.033203125
0 0.9208984375 0.955078125 0.033203125 0.033203125
0 0.9453125 0.9658203125 0.033203125 0.033203125
0 0.205078125 0.9677734375 0.033203125 0.033203125
0 0.1728515625 0.98583984375 0.033203125 0.0283203125
0 0.8857421875 0.986328125 0.033203125 0.02734375