0 0.041015625 0.0546875 0.033203125 0.033203125
0 0.115234375 0.0556640625 0.033203125 0.033203125
0 0.015625 0.0576171875 0.03125 0.033203125
0 0.064453125 0.0576171875 0.033203125 0.033203125
0 0.0888671875 0.0576171875 0.033203125 0.033203125
0 0.1435546875 0.0576171875 0.033203125 0.033203125
0 0.3046875 0.0576171875 0.033203125 0.033203125
0 0.9404296875 0.0576171875 0.033203125 0.033203125
0 0.9619140625 0.0576171875 0.033203125 0.033203125
0 0.982421875 0.0576171875 0.033203125 0.033203125
0 0.1669921875 0.05859375 0.033203125 0.033203125
0 0.3251953125 0.05859375 0.033203125 0.033203125
0 0.4140625 0.05859375 0.033203125 0.033203125
0 0.626953125 0.05859375 0.033203125 0.033203125
0 0.34765625 0.0595703125 0.033203125 0.033203125
0 0.37109375 0.0595703125 0.033203125 0.033203125
0 0.390625 0.0595703125 0.033203125 0.033203125
0 0.435546875 0.0595703125 0.033203125 0.033203125
0 0.458984375 0.0595703125 0.033203125 0.033203125
0 0.587890625 0.0595703125 0.033203125 0.033203125
0 0.7509765625 0.0595703125 0.033203125 0.033203125
0 0.607421875 0.060546875 0.033203125 0.033203125
0 0.6494140625 0.060546875 0.033203125 0.033203125
0 0.4794921875 0.0615234375 0.033203125 0.033203125
0 0.501953125 0.0615234375 0.033203125 0.033203125
0 0.5654296875 0.0615234375 0.033203125 0.033203125
0 0.6904296875 0.0615234375 0.033203125 0.033203125
0 0.7099609375 0.0615234375 0.033203125 0.033203125
0 0.732421875 0.0615234375 0.033203125 0.033203125
0 0.76953125 0.0615234375 0.033203125 0.033203125
0 0.791015625 0.0615234375 0.033203125 0.033203125
0 0.5439453125 0.0625 0.033203125 0.033203125
0 0.6689453125 0.0625 0.033203125 0.033203125
0 0.5224609375 0.064453125 0.033203125 0.033203125
0 0.0185546875 0.12109375 0.033203125 0.033203125
0 0.01953125 0.12109375 0.033203125 0.033203125
0 0.935546875 0.12109375 0.033203125 0.033203125
0 0.9736328125 0.1220703125 0.033203125 0.033203125
0 0.0869140625 0.123046875 0.033203125 0.033203125
0 0.14453125 0.123046875 0.033203125 0.033203125
0 0.955078125 0.123046875 0.033203125 0.033203125
0 0.9873046875 0.123046875 0.025390625 0.033203125
0 0.1669921875 0.1240234375 0.033203125 0.033203125
0 0.111328125 0.125 0.033203125 0.033203125
0 0.712890625 0.14453125 0.033203125 0.033203125
0 0.5888671875 0.1484375 0.033203125 0.033203125
0 0.662109375 0.1494140625 0.033203125 0.033203125
0 0.63671875 0.150390625 0.033203125 0.033203125
0 0.40234375 0.1533203125 0.033203125 0.033203125
0 0.6103515625 0.1533203125 0.033203125 0.033203125
0 0.2958984375 0.1572265625 0.033203125 0.033203125
0 0.3154296875 0.1572265625 0.033203125 0.033203125
0 0.9443359375 0.158203125 0.033203125 0.033203125
0 0.2744140625 0.162109375 0.033203125 0.033203125
0 0.421875 0.1630859375 0.033203125 0.033203125
0 0.7568359375 0.16796875 0.033203125 0.033203125
0 0.740234375 0.1689453125 0.033203125 0.033203125
0 0.046875 0.173828125 0.033203125 0.033203125
0 0.01416015625 0.1748046875 0.0283203125 0.033203125
0 0.0849609375 0.1748046875 0.033203125 0.033203125
0 0.1181640625 0.1748046875 0.033203125 0.033203125
0 0.15234375 0.1748046875 0.033203125 0.033203125
0 0.1708984375 0.1748046875 0.033203125 0.033203125
0 0.1005859375 0.17578125 0.033203125 0.033203125
0 0.0302734375 0.1767578125 0.033203125 0.033203125
0 0.06640625 0.1767578125 0.033203125 0.033203125
0 0.1357421875 0.177734375 0.033203125 0.033203125
0 0.7783203125 0.1806640625 0.033203125 0.033203125
0 0.5703125 0.1826171875 0.033203125 0.033203125
0 0.6201171875 0.18359375 0.033203125 0.033203125
0 0.662109375 0.18359375 0.033203125 0.033203125
0 0.8525390625 0.193359375 0.033203125 0.033203125
0 0.7939453125 0.197265625 0.033203125 0.033203125
0 0.939453125 0.197265625 0.033203125 0.033203125
0 0.8076171875 0.212890625 0.033203125 0.033203125
0 0.4638671875 0.2197265625 0.033203125 0.033203125
0 0.859375 0.22265625 0.033203125 0.033203125
0 0.01123046875 0.236328125 0.0224609375 0.033203125
0 0.1455078125 0.2373046875 0.033203125 0.033203125
0 0.0244140625 0.23828125 0.033203125 0.033203125
0 0.0654296875 0.23828125 0.033203125 0.033203125
0 0.0849609375 0.23828125 0.033203125 0.033203125
0 0.1044921875 0.23828125 0.033203125 0.033203125
0 0.126953125 0.2392578125 0.033203125 0.033203125
0 0.1669921875 0.2392578125 0.033203125 0.033203125
0 0.0439453125 0.240234375 0.033203125 0.033203125
0 0.83203125 0.2412109375 0.033203125 0.033203125
0 0.4619140625 0.2421875 0.033203125 0.033203125
0 0.552734375 0.248046875 0.033203125 0.033203125
0 0.59375 0.2490234375 0.033203125 0.033203125
0 0.62890625 0.2490234375 0.033203125 0.033203125
0 0.6640625 0.25 0.033203125 0.033203125
0 0.716796875 0.25 0.033203125 0.033203125
0 0.6982421875 0.2509765625 0.033203125 0.033203125
0 0.7509765625 0.251953125 0.033203125 0.033203125
0 0.8662109375 0.255859375 0.033203125 0.033203125
0 0.8349609375 0.259765625 0.033203125 0.033203125
0 0.4580078125 0.2626953125 0.033203125 0.033203125
0 0.5390625 0.2646484375 0.033203125 0.033203125
0 0.6455078125 0.2666015625 0.033203125 0.033203125
0 0.576171875 0.267578125 0.033203125 0.033203125
0 0.611328125 0.267578125 0.033203125 0.033203125
0 0.681640625 0.267578125 0.033203125 0.033203125
0 0.734375 0.2685546875 0.033203125 0.033203125
0 0.056640625 0.26953125 0.033203125 0.033203125
0 0.078125 0.26953125 0.033203125 0.033203125
0 0.119140625 0.26953125 0.033203125 0.033203125
0 0.1376953125 0.26953125 0.033203125 0.033203125
0 0.0166015625 0.2705078125 0.033203125 0.033203125
0 0.037109375 0.2705078125 0.033203125 0.033203125
0 0.09765625 0.271484375 0.033203125 0.033203125
0 0.1572265625 0.271484375 0.033203125 0.033203125
0 0.8349609375 0.27734375 0.033203125 0.033203125
0 0.4619140625 0.28515625 0.033203125 0.033203125
0 0.9423828125 0.28515625 0.033203125 0.033203125
0 0.8671875 0.2978515625 0.033203125 0.033203125
0 0.826171875 0.3017578125 0.033203125 0.033203125
0 0.4638671875 0.30859375 0.033203125 0.033203125
0 0.791015625 0.3212890625 0.033203125 0.033203125
0 0.4892578125 0.3291015625 0.033203125 0.033203125
0 0.5126953125 0.3291015625 0.033203125 0.033203125
0 0.69921875 0.3291015625 0.033203125 0.033203125
0 0.7197265625 0.3291015625 0.033203125 0.033203125
0 0.740234375 0.3291015625 0.033203125 0.033203125
0 0.6181640625 0.330078125 0.033203125 0.033203125
0 0.5322265625 0.3310546875 0.033203125 0.033203125
0 0.552734375 0.3310546875 0.033203125 0.033203125
0 0.576171875 0.3310546875 0.033203125 0.033203125
0 0.66015625 0.33203125 0.033203125 0.033203125
0 0.6787109375 0.33203125 0.033203125 0.033203125
0 0.595703125 0.3330078125 0.033203125 0.033203125
0 0.6396484375 0.3330078125 0.033203125 0.033203125
0 0.033203125 0.33984375 0.033203125 0.033203125
0 0.052734375 0.33984375 0.033203125 0.033203125
0 0.0751953125 0.33984375 0.033203125 0.033203125
0 0.158203125 0.33984375 0.033203125 0.033203125
0 0.115234375 0.3408203125 0.033203125 0.033203125
0 0.13671875 0.3408203125 0.033203125 0.033203125
0 0.01416015625 0.341796875 0.0283203125 0.033203125
0 0.095703125 0.341796875 0.033203125 0.033203125
0 0.98681640625 0.349609375 0.0263671875 0.033203125
0 0.5810546875 0.3544921875 0.033203125 0.033203125
0 0.529296875 0.35546875 0.033203125 0.033203125
0 0.853515625 0.37109375 0.033203125 0.033203125
0 0.421875 0.3837890625 0.033203125 0.033203125
0 0.2734375 0.384765625 0.033203125 0.033203125
0 0.970703125 0.3857421875 0.033203125 0.033203125
0 0.8525390625 0.388671875 0.033203125 0.033203125
0 0.29296875 0.3896484375 0.033203125 0.033203125
0 0.3837890625 0.3896484375 0.033203125 0.033203125
0 0.3486328125 0.390625 0.033203125 0.033203125
0 0.3134765625 0.392578125 0.033203125 0.033203125
0 0.33203125 0.396484375 0.033203125 0.033203125
0 0.7041015625 0.3994140625 0.033203125 0.033203125
0 0.4541015625 0.40234375 0.033203125 0.033203125
0 0.5078125 0.40234375 0.033203125 0.033203125
0 0.6689453125 0.40234375 0.033203125 0.033203125
0 0.6884765625 0.404296875 0.033203125 0.033203125
0 0.47265625 0.4052734375 0.033203125 0.033203125
0 0.6513671875 0.4052734375 0.033203125 0.033203125
0 0.54296875 0.4072265625 0.033203125 0.033203125
0 0.6875 0.4072265625 0.033203125 0.033203125
0 0.7783203125 0.4072265625 0.033203125 0.033203125
0 0.84765625 0.4072265625 0.033203125 0.033203125
0 0.6162109375 0.4091796875 0.033203125 0.033203125
0 0.7587890625 0.4091796875 0.033203125 0.033203125
0 0.4892578125 0.4111328125 0.033203125 0.033203125
0 0.5634765625 0.4111328125 0.033203125 0.033203125
0 0.6328125 0.4111328125 0.033203125 0.033203125
0 0.7412109375 0.4111328125 0.033203125 0.033203125
0 0.580078125 0.412109375 0.033203125 0.033203125
0 0.599609375 0.4130859375 0.033203125 0.033203125
0 0.224609375 0.4560546875 0.033203125 0.033203125
0 0.2080078125 0.45703125 0.033203125 0.033203125
0 0.8662109375 0.478515625 0.033203125 0.033203125
0 0.279296875 0.4892578125 0.033203125 0.033203125
0 0.9111328125 0.4921875 0.033203125 0.033203125
0 0.845703125 0.4970703125 0.033203125 0.033203125
0 0.2822265625 0.509765625 0.033203125 0.033203125
0 0.92578125 0.509765625 0.033203125 0.033203125
0 0.28125 0.5107421875 0.033203125 0.033203125
0 0.9228515625 0.5244140625 0.033203125 0.033203125
0 0.2861328125 0.533203125 0.033203125 0.033203125
0 0.2890625 0.53515625 0.033203125 0.033203125
0 0.92578125 0.5419921875 0.033203125 0.033203125
0 0.181640625 0.54296875 0.033203125 0.033203125
0 0.8515625 0.5458984375 0.033203125 0.033203125
0 0.2880859375 0.5537109375 0.033203125 0.033203125
0 0.9189453125 0.5712890625 0.033203125 0.033203125
0 0.84375 0.5771484375 0.033203125 0.033203125
0 0.7255859375 0.583984375 0.033203125 0.033203125
0 0.2314453125 0.595703125 0.033203125 0.033203125
0 0.91796875 0.5966796875 0.033203125 0.033203125
0 0.845703125 0.59765625 0.033203125 0.033203125
0 0.1044921875 0.6025390625 0.033203125 0.033203125
0 0.1708984375 0.6025390625 0.033203125 0.033203125
0 0.2119140625 0.603515625 0.033203125 0.033203125
0 0.03515625 0.6044921875 0.033203125 0.033203125
0 0.0673828125 0.6044921875 0.033203125 0.033203125
0 0.087890625 0.6044921875 0.033203125 0.033203125
0 0.1923828125 0.6044921875 0.033203125 0.033203125
0 0.9423828125 0.6044921875 0.033203125 0.033203125
0 0.0517578125 0.60546875 0.033203125 0.033203125
0 0.1376953125 0.607421875 0.033203125 0.033203125
0 0.12109375 0.6083984375 0.033203125 0.033203125
0 0.912109375 0.6220703125 0.033203125 0.033203125
0 0.9384765625 0.626953125 0.033203125 0.033203125
0 0.83984375 0.6279296875 0.033203125 0.033203125
0 0.20703125 0.6337890625 0.033203125 0.033203125
0 0.228515625 0.6337890625 0.033203125 0.033203125
0 0.1845703125 0.634765625 0.033203125 0.033203125
0 0.82421875 0.6494140625 0.033203125 0.033203125
0 0.9384765625 0.6494140625 0.033203125 0.033203125
0 0.724609375 0.6552734375 0.033203125 0.033203125
0 0.8623046875 0.6630859375 0.033203125 0.033203125
0 0.0595703125 0.6669921875 0.033203125 0.033203125
0 0.8310546875 0.66796875 0.033203125 0.033203125
0 0.935546875 0.66796875 0.033203125 0.033203125
0 0.736328125 0.677734375 0.033203125 0.033203125
0 0.2421875 0.6953125 0.033203125 0.033203125
0 0.22265625 0.6962890625 0.033203125 0.033203125
0 0.1865234375 0.69921875 0.033203125 0.033203125
0 0.1689453125 0.7021484375 0.033203125 0.033203125
0 0.150390625 0.7041015625 0.033203125 0.033203125
0 0.20703125 0.7041015625 0.033203125 0.033203125
0 0.7333984375 0.7060546875 0.033203125 0.033203125
0 0.3525390625 0.736328125 0.033203125 0.033203125
0 0.9853515625 0.7578125 0.029296875 0.033203125
0 0.4912109375 0.7587890625 0.033203125 0.033203125
0 0.5234375 0.7626953125 0.033203125 0.033203125
0 0.19140625 0.7666015625 0.033203125 0.033203125
0 0.2119140625 0.7666015625 0.033203125 0.033203125
0 0.251953125 0.7666015625 0.033203125 0.033203125
0 0.59765625 0.7666015625 0.033203125 0.033203125
0 0.1669921875 0.767578125 0.033203125 0.033203125
0 0.5068359375 0.76953125 0.033203125 0.033203125
0 0.541015625 0.7705078125 0.033203125 0.033203125
0 0.228515625 0.771484375 0.033203125 0.033203125
0 0.5771484375 0.771484375 0.033203125 0.033203125
0 0.267578125 0.77734375 0.033203125 0.033203125
0 0.908203125 0.7822265625 0.033203125 0.033203125
0 0.365234375 0.787109375 0.033203125 0.033203125
0 0.3486328125 0.7919921875 0.033203125 0.033203125
0 0.4013671875 0.79296875 0.033203125 0.033203125
0 0.419921875 0.7939453125 0.033203125 0.033203125
0 0.1484375 0.8017578125 0.033203125 0.033203125
0 0.185546875 0.8017578125 0.033203125 0.033203125
0 0.166015625 0.802734375 0.033203125 0.033203125
0 0.2353515625 0.8037109375 0.033203125 0.033203125
0 0.2578125 0.8037109375 0.033203125 0.033203125
0 0.916015625 0.8046875 0.033203125 0.033203125
0 0.2138671875 0.8076171875 0.033203125 0.033203125
0 0.8896484375 0.8134765625 0.033203125 0.033203125
0 0.921875 0.822265625 0.033203125 0.033203125
0 0.9833984375 0.82421875 0.033203125 0.033203125
0 0.8818359375 0.828125 0.033203125 0.033203125
0 0.98388671875 0.8427734375 0.0322265625 0.033203125
0 0.55078125 0.853515625 0.033203125 0.033203125
0 0.1572265625 0.8642578125 0.033203125 0.033203125
0 0.5654296875 0.865234375 0.033203125 0.033203125
0 0.0869140625 0.8662109375 0.033203125 0.033203125
0 0.5859375 0.8662109375 0.033203125 0.033203125
0 0.1943359375 0.8671875 0.033203125 0.033203125
0 0.0302734375 0.8681640625 0.033203125 0.033203125
0 0.0595703125 0.8681640625 0.033203125 0.033203125
0 0.216796875 0.8681640625 0.033203125 0.033203125
0 0.25390625 0.8681640625 0.033203125 0.033203125
0 0.26953125 0.8681640625 0.033203125 0.033203125
0 0.173828125 0.8701171875 0.033203125 0.033203125
0 0.236328125 0.8701171875 0.033203125 0.033203125
0 0.51953125 0.8701171875 0.033203125 0.033203125
0 0.1376953125 0.873046875 0.033203125 0.033203125
0 0.5341796875 0.8828125 0.033203125 0.033203125
0 0.5634765625 0.8916015625 0.033203125 0.033203125
0 0.447265625 0.939453125 0.033203125 0.033203125
0 0.5166015625 0.939453125 0.033203125 0.033203125
0 0.39453125 0.94140625 0.033203125 0.033203125
0 0.5 0.94140625 0.033203125 0.033203125
0 0.4765625 0.9443359375 0.033203125 0.033203125
0 0.376953125 0.9453125 0.033203125 0.033203125
0 0.34765625 0.9482421875 0.033203125 0.033203125
0 0.5419921875 0.9482421875 0.033203125 0.033203125
0 0.5654296875 0.9482421875 0.033203125 0.033203125
0 0.41796875 0.9501953125 0.033203125 0.033203125
0 0.169921875 0.9560546875 0.033203125 0.033203125
0 0.1884765625 0.9580078125 0.033203125 0.033203125
0 0.1318359375 0.958984375 0.033203125 0.033203125
0 0.1513671875 0.958984375 0.033203125 0.033203125
0 0.234375 0.958984375 0.033203125 0.033203125
0 0.251953125 0.958984375 0.033203125 0.033203125
0 0.2158203125 0.9609375 0.033203125 0.033203125
0 0.271484375 0.962890625 0.033203125 0.033203125
0 0.3369140625 0.9638671875 0.033203125 0.033203125
0 0.599609375 0.9658203125 0.033203125 0.033203125
0 0.4111328125 0.9716796875 0.033203125 0.033203125
0 0.5185546875 0.9716796875 0.033203125 0.033203125
0 0.5390625 0.9716796875 0.033203125 0.033203125
0 0.4541015625 0.97265625 0.033203125 0.033203125
0 0.498046875 0.97265625 0.033203125 0.033203125
0 0.560546875 0.9736328125 0.033203125 0.033203125
0 0.37109375 0.9755859375 0.033203125 0.033203125
0 0.39453125 0.9755859375 0.033203125 0.033203125
0 0.4794921875 0.9775390625 0.033203125 0.033203125
0 0.5869140625 0.98046875 0.033203125 0.033203125
0 0.25390625 0.98681640625 0.033203125 0.0263671875
0 0.2138671875 0.98779296875 0.033203125 0.0244140625