0 0.912109375 0.0146484375 0.033203125 0.029296875
0 0.8232421875 0.01513671875 0.033203125 0.0302734375
0 0.82421875 0.0283203125 0.033203125 0.033203125
0 0.9130859375 0.03125 0.033203125 0.033203125
0 0.82421875 0.044921875 0.033203125 0.033203125
0 0.912109375 0.0478515625 0.033203125 0.033203125
0 0.912109375 0.0654296875 0.033203125 0.033203125
0 0.826171875 0.0673828125 0.033203125 0.033203125
0 0.8291015625 0.1201171875 0.033203125 0.033203125
0 0.91015625 0.12890625 0.033203125 0.033203125
0 0.9091796875 0.1318359375 0.033203125 0.033203125
0 0.826171875 0.1435546875 0.033203125 0.033203125
0 0.90625 0.14453125 0.033203125 0.033203125
0 0.8251953125 0.158203125 0.033203125 0.033203125
0 0.6005859375 0.1767578125 0.033203125 0.033203125
0 0.826171875 0.177734375 0.033203125 0.033203125
0 0.689453125 0.22265625 0.033203125 0.033203125
0 0.982421875 0.322265625 0.033203125 0.033203125
0 0.9345703125 0.3271484375 0.033203125 0.033203125
0 0.8505859375 0.40625 0.033203125 0.033203125
0 0.919921875 0.4072265625 0.033203125 0.033203125
0 0.9560546875 0.4091796875 0.033203125 0.033203125
0 0.2451171875 0.421875 0.033203125 0.033203125
0 0.5009765625 0.4990234375 0.033203125 0.033203125
0 0.0732421875 0.5166015625 0.033203125 0.033203125
0 0.259765625 0.517578125 0.033203125 0.033203125
0 0.185546875 0.51953125 0.033203125 0.033203125
0 0.2236328125 0.51953125 0.033203125 0.033203125
0 0.712890625 0.51953125 0.033203125 0.033203125
0 0.58984375 0.5302734375 0.033203125 0.033203125
0 0.9091796875 0.5361328125 0.033203125 0.033203125
0 0.951171875 0.560546875 0.033203125 0.033203125
0 0.98486328125 0.5654296875 0.0302734375 0.033203125
0 0.59375 0.76171875 0.033203125 0.033203125
0 0.6875 0.7919921875 0.033203125 0.033203125
0 0.638671875 0.818359375 0.033203125 0.033203125
0 0.5908203125 0.89453125 0.033203125 0.033203125
0 0.7353515625 0.98876953125 0.033203125 0.0224609375