0 0.0712890625 0.046875 0.033203125 0.033203125
0 0.669921875 0.1416015625 0.033203125 0.033203125
0 0.7705078125 0.1796875 0.033203125 0.033203125
0 0.6669921875 0.2333984375 0.033203125 0.033203125
0 0.8310546875 0.2490234375 0.033203125 0.033203125
0 0.8310546875 0.29296875 0.033203125 0.033203125
0 0.8291015625 0.4130859375 0.033203125 0.033203125
0 0.802734375 0.478515625 0.033203125 0.033203125
0 0.6875 0.513671875 0.033203125 0.033203125
0 0.0654296875 0.51953125 0.033203125 0.033203125
0 0.115234375 0.5224609375 0.033203125 0.033203125
0 0.15625 0.5234375 0.033203125 0.033203125
0 0.201171875 0.525390625 0.033203125 0.033203125
0 0.23828125 0.525390625 0.033203125 0.033203125
0 0.4345703125 0.5263671875 0.033203125 0.033203125
0 0.279296875 0.52734375 0.033203125 0.033203125
0 0.3330078125 0.52734375 0.033203125 0.033203125
0 0.3779296875 0.52734375 0.033203125 0.033203125
0 0.513671875 0.52734375 0.033203125 0.033203125
0 0.4736328125 0.5302734375 0.033203125 0.033203125
0 0.9072265625 0.5849609375 0.033203125 0.033203125
0 0.9580078125 0.5849609375 0.033203125 0.033203125
0 0.951171875 0.619140625 0.033203125 0.033203125
0 0.9033203125 0.62109375 0.033203125 0.033203125
0 0.5478515625 0.6806640625 0.033203125 0.033203125
0 0.275390625 0.82421875 0.033203125 0.033203125
0 0.275390625 0.8251953125 0.033203125 0.033203125
0 0.3916015625 0.841796875 0.033203125 0.033203125
0 0.2744140625 0.8466796875 0.033203125 0.033203125
0 0.3916015625 0.859375 0.033203125 0.033203125
0 0.2763671875 0.861328125 0.033203125 0.033203125
0 0.82421875 0.87109375 0.033203125 0.033203125
0 0.39453125 0.8759765625 0.033203125 0.033203125
0 0.275390625 0.87890625 0.033203125 0.033203125
0 0.3076171875 0.880859375 0.033203125 0.033203125
0 0.392578125 0.8935546875 0.033203125 0.033203125
0 0.2802734375 0.896484375 0.033203125 0.033203125
0 0.310546875 0.896484375 0.033203125 0.033203125
0 0.82421875 0.9091796875 0.033203125 0.033203125
0 0.39453125 0.9111328125 0.033203125 0.033203125
0 0.27734375 0.916015625 0.033203125 0.033203125
0 0.39453125 0.92578125 0.033203125 0.033203125
0 0.01025390625 0.931640625 0.0205078125 0.033203125
0 0.0830078125 0.93359375 0.033203125 0.033203125
0 0.279296875 0.93359375 0.033203125 0.033203125
0 0.396484375 0.9423828125 0.033203125 0.033203125
0 0.2744140625 0.9541015625 0.033203125 0.033203125
0 0.82421875 0.955078125 0.033203125 0.033203125
0 0.390625 0.958984375 0.033203125 0.033203125
0 0.2744140625 0.96875 0.033203125 0.033203125
0 0.3984375 0.9755859375 0.033203125 0.033203125
0 0.23046875 0.98486328125 0.033203125 0.0302734375
0 0.2734375 0.98583984375 0.033203125 0.0283203125
0 0.39453125 0.98681640625 0.033203125 0.0263671875