0 0.875 0.017578125 0.033203125 0.033203125
0 0.73046875 0.126953125 0.033203125 0.033203125
0 0.6943359375 0.130859375 0.033203125 0.033203125
0 0.623046875 0.1318359375 0.033203125 0.033203125
0 0.7099609375 0.13671875 0.033203125 0.033203125
0 0.5771484375 0.2109375 0.033203125 0.033203125
0 0.740234375 0.21484375 0.033203125 0.033203125
0 0.6328125 0.2158203125 0.033203125 0.033203125
0 0.669921875 0.220703125 0.033203125 0.033203125
0 0.705078125 0.220703125 0.033203125 0.033203125
0 0.7255859375 0.220703125 0.033203125 0.033203125
0 0.13671875 0.4970703125 0.033203125 0.033203125
0 0.1298828125 0.521484375 0.033203125 0.033203125
0 0.15234375 0.53515625 0.033203125 0.033203125
0 0.1005859375 0.5380859375 0.033203125 0.033203125
0 0.2119140625 0.5380859375 0.033203125 0.033203125
0 0.197265625 0.5400390625 0.033203125 0.033203125
0 0.123046875 0.546875 0.033203125 0.033203125
0 0.15625 0.546875 0.033203125 0.033203125
0 0.2333984375 0.5498046875 0.033203125 0.033203125
0 0.154296875 0.5615234375 0.033203125 0.033203125
0 0.2919921875 0.568359375 0.033203125 0.033203125
0 0.1162109375 0.57421875 0.033203125 0.033203125
0 0.2353515625 0.5751953125 0.033203125 0.033203125
0 0.26171875 0.5791015625 0.033203125 0.033203125
0 0.15234375 0.587890625 0.033203125 0.033203125
0 0.248046875 0.587890625 0.033203125 0.033203125
0 0.1123046875 0.5908203125 0.033203125 0.033203125
0 0.330078125 0.6064453125 0.033203125 0.033203125
0 0.11328125 0.607421875 0.033203125 0.033203125
0 0.3134765625 0.611328125 0.033203125 0.033203125
0 0.2294921875 0.6123046875 0.033203125 0.033203125
0 0.2998046875 0.6123046875 0.033203125 0.033203125
0 0.138671875 0.61328125 0.033203125 0.033203125
0 0.212890625 0.61328125 0.033203125 0.033203125
0 0.2451171875 0.6162109375 0.033203125 0.033203125
0 0.1572265625 0.6171875 0.033203125 0.033203125
0 0.259765625 0.6181640625 0.033203125 0.033203125
0 0.275390625 0.6181640625 0.033203125 0.033203125
0 0.083984375 0.6318359375 0.033203125 0.033203125
0 0.1865234375 0.6396484375 0.033203125 0.033203125
0 0.2353515625 0.6435546875 0.033203125 0.033203125
0 0.30078125 0.6435546875 0.033203125 0.033203125
0 0.3154296875 0.64453125 0.033203125 0.033203125
0 0.3291015625 0.64453125 0.033203125 0.033203125
0 0.2470703125 0.6513671875 0.033203125 0.033203125
0 0.2626953125 0.65234375 0.033203125 0.033203125
0 0.275390625 0.65234375 0.033203125 0.033203125
0 0.2880859375 0.669921875 0.033203125 0.033203125
0 0.171875 0.6748046875 0.033203125 0.033203125
0 0.302734375 0.6748046875 0.033203125 0.033203125
0 0.318359375 0.6767578125 0.033203125 0.033203125
0 0.33203125 0.6767578125 0.033203125 0.033203125
0 0.3173828125 0.677734375 0.033203125 0.033203125
0 0.33203125 0.677734375 0.033203125 0.033203125
0 0.2509765625 0.6826171875 0.033203125 0.033203125
0 0.19921875 0.6875 0.033203125 0.033203125
0 0.1259765625 0.689453125 0.033203125 0.033203125
0 0.21484375 0.6943359375 0.033203125 0.033203125
0 0.228515625 0.701171875 0.033203125 0.033203125
0 0.2939453125 0.701171875 0.033203125 0.033203125
0 0.1337890625 0.7021484375 0.033203125 0.033203125
0 0.1552734375 0.7060546875 0.033203125 0.033203125
0 0.244140625 0.7080078125 0.033203125 0.033203125
0 0.00927734375 0.7099609375 0.0185546875 0.033203125
0 0.0546875 0.7109375 0.033203125 0.033203125
0 0.171875 0.7119140625 0.033203125 0.033203125
0 0.0751953125 0.71484375 0.033203125 0.033203125
0 0.25390625 0.7158203125 0.033203125 0.033203125
0 0.2685546875 0.7236328125 0.033203125 0.033203125
0 0.18359375 0.7255859375 0.033203125 0.033203125
0 0.087890625 0.728515625 0.033203125 0.033203125
0 0.2802734375 0.7294921875 0.033203125 0.033203125
0 0.201171875 0.7333984375 0.033203125 0.033203125
0 0.1318359375 0.7392578125 0.033203125 0.033203125
0 0.0556640625 0.7412109375 0.033203125 0.033203125
0 0.07421875 0.7412109375 0.033203125 0.033203125
0 0.212890625 0.7412109375 0.033203125 0.033203125
0 0.3037109375 0.7412109375 0.033203125 0.033203125
0 0.044921875 0.7421875 0.033203125 0.033203125
0 0.3173828125 0.7431640625 0.033203125 0.033203125
0 0.173828125 0.7509765625 0.033203125 0.033203125
0 0.333984375 0.7509765625 0.033203125 0.033203125
0 0.138671875 0.7568359375 0.033203125 0.033203125
0 0.248046875 0.7587890625 0.033203125 0.033203125
0 0.265625 0.7607421875 0.033203125 0.033203125
0 0.09375 0.763671875 0.033203125 0.033203125
0 0.1650390625 0.765625 0.033203125 0.033203125
0 0.283203125 0.7724609375 0.033203125 0.033203125
0 0.2998046875 0.779296875 0.033203125 0.033203125
0 0.3173828125 0.7890625 0.033203125 0.033203125
0 0.0947265625 0.796875 0.033203125 0.033203125
0 0.3349609375 0.7998046875 0.033203125 0.033203125
0 0.2939453125 0.814453125 0.033203125 0.033203125
0 0.0595703125 0.8212890625 0.033203125 0.033203125
0 0.197265625 0.822265625 0.033203125 0.033203125
0 0.1787109375 0.826171875 0.033203125 0.033203125
0 0.1630859375 0.828125 0.033203125 0.033203125
0 0.24609375 0.828125 0.033203125 0.033203125
0 0.2119140625 0.8291015625 0.033203125 0.033203125
0 0.2255859375 0.830078125 0.033203125 0.033203125
0 0.2939453125 0.8447265625 0.033203125 0.033203125
0 0.009765625 0.845703125 0.01953125 0.033203125
0 0.0615234375 0.8466796875 0.033203125 0.033203125
0 0.28125 0.8466796875 0.033203125 0.033203125
0 0.310546875 0.84765625 0.033203125 0.033203125
0 0.3271484375 0.8486328125 0.033203125 0.033203125
0 0.1328125 0.8525390625 0.033203125 0.033203125
0 0.1494140625 0.857421875 0.033203125 0.033203125
0 0.1953125 0.857421875 0.033203125 0.033203125
0 0.2265625 0.857421875 0.033203125 0.033203125
0 0.2431640625 0.857421875 0.033203125 0.033203125
0 0.1650390625 0.8583984375 0.033203125 0.033203125
0 0.2099609375 0.8583984375 0.033203125 0.033203125
0 0.1787109375 0.861328125 0.033203125 0.033203125
0 0.279296875 0.876953125 0.033203125 0.033203125
0 0.2958984375 0.8798828125 0.033203125 0.033203125
0 0.0927734375 0.880859375 0.033203125 0.033203125
0 0.3291015625 0.880859375 0.033203125 0.033203125
0 0.3115234375 0.8818359375 0.033203125 0.033203125
0 0.203125 0.8896484375 0.033203125 0.033203125
0 0.232421875 0.892578125 0.033203125 0.033203125
0 0.1630859375 0.8955078125 0.033203125 0.033203125
0 0.1455078125 0.8974609375 0.033203125 0.033203125
0 0.19140625 0.8974609375 0.033203125 0.033203125
0 0.0419921875 0.9072265625 0.033203125 0.033203125
0 0.3232421875 0.91015625 0.033203125 0.033203125
0 0.2734375 0.912109375 0.033203125 0.033203125
0 0.0546875 0.9140625 0.033203125 0.033203125
0 0.01416015625 0.9169921875 0.0283203125 0.033203125
0 0.0888671875 0.9169921875 0.033203125 0.033203125
0 0.228515625 0.9169921875 0.033203125 0.033203125
0 0.24609375 0.9169921875 0.033203125 0.033203125
0 0.28515625 0.919921875 0.033203125 0.033203125
0 0.296875 0.919921875 0.033203125 0.033203125
0 0.0732421875 0.9208984375 0.033203125 0.033203125
0 0.3251953125 0.9267578125 0.033203125 0.033203125
0 0.1396484375 0.9365234375 0.033203125 0.033203125
0 0.173828125 0.9365234375 0.033203125 0.033203125
0 0.2041015625 0.94140625 0.033203125 0.033203125
0 0.3251953125 0.94140625 0.033203125 0.033203125
0 0.0234375 0.943359375 0.033203125 0.033203125
0 0.244140625 0.943359375 0.033203125 0.033203125
0 0.2890625 0.95703125 0.033203125 0.033203125
0 0.326171875 0.95703125 0.033203125 0.033203125
0 0.189453125 0.96484375 0.033203125 0.033203125
0 0.1435546875 0.966796875 0.033203125 0.033203125
0 0.1591796875 0.9677734375 0.033203125 0.033203125
0 0.05078125 0.970703125 0.033203125 0.033203125
0 0.1748046875 0.970703125 0.033203125 0.033203125
0 0.2216796875 0.9716796875 0.033203125 0.033203125
0 0.23828125 0.974609375 0.033203125 0.033203125
0 0.2548828125 0.974609375 0.033203125 0.033203125
0 0.328125 0.974609375 0.033203125 0.033203125
0 0.2919921875 0.9755859375 0.033203125 0.033203125
0 0.3330078125 0.98681640625 0.033203125 0.0263671875
0 0.2880859375 0.98779296875 0.033203125 0.0244140625
0 0.05859375 0.98974609375 0.033203125 0.0205078125
0 0.1396484375 0.98974609375 0.033203125 0.0205078125