0 0.3486328125 0.91796875 0.033203125 0.033203125
0 0.7216796875 0.91796875 0.033203125 0.033203125
0 0.7509765625 0.9189453125 0.033203125 0.033203125
0 0.3310546875 0.9228515625 0.033203125 0.033203125
0 0.310546875 0.927734375 0.033203125 0.033203125
0 0.4013671875 0.927734375 0.033203125 0.033203125
0 0.626953125 0.927734375 0.033203125 0.033203125
0 0.6865234375 0.927734375 0.033203125 0.033203125
0 0.771484375 0.927734375 0.033203125 0.033203125
0 0.5859375 0.9287109375 0.033203125 0.033203125
0 0.607421875 0.9296875 0.033203125 0.033203125
0 0.6630859375 0.931640625 0.033203125 0.033203125
0 0.3896484375 0.9384765625 0.033203125 0.033203125
0 0.7255859375 0.9404296875 0.033203125 0.033203125
0 0.642578125 0.9423828125 0.033203125 0.033203125
0 0.30078125 0.9453125 0.033203125 0.033203125
0 0.6865234375 0.9482421875 0.033203125 0.033203125
0 0.7490234375 0.95703125 0.033203125 0.033203125
0 0.607421875 0.958984375 0.033203125 0.033203125
0 0.7216796875 0.958984375 0.033203125 0.033203125
0 0.36328125 0.9619140625 0.033203125 0.033203125
0 0.5078125 0.9619140625 0.033203125 0.033203125
0 0.546875 0.9638671875 0.033203125 0.033203125
0 0.5693359375 0.9638671875 0.033203125 0.033203125
0 0.3046875 0.9658203125 0.033203125 0.033203125
0 0.6513671875 0.96875 0.033203125 0.033203125
0 0.3798828125 0.970703125 0.033203125 0.033203125
0 0.5244140625 0.97265625 0.033203125 0.033203125
0 0.5869140625 0.974609375 0.033203125 0.033203125
0 0.291015625 0.978515625 0.033203125 0.033203125
0 0.4755859375 0.978515625 0.033203125 0.033203125
0 0.78515625 0.984375 0.033203125 0.03125
0 0.431640625 0.98681640625 0.033203125 0.0263671875
0 0.498046875 0.98779296875 0.033203125 0.0244140625
0 0.724609375 0.98828125 0.033203125 0.0234375
0 0.296875 0.98974609375 0.033203125 0.0205078125