0 0.736328125 0.01025390625 0.033203125 0.0205078125
0 0.7783203125 0.01123046875 0.033203125 0.0224609375
0 0.7802734375 0.0517578125 0.033203125 0.033203125
0 0.75390625 0.052734375 0.033203125 0.033203125
0 0.7353515625 0.0634765625 0.033203125 0.033203125
0 0.865234375 0.1689453125 0.033203125 0.033203125
0 0.732421875 0.177734375 0.033203125 0.033203125
0 0.728515625 0.2587890625 0.033203125 0.033203125
0 0.7294921875 0.2587890625 0.033203125 0.033203125
0 0.2138671875 0.3193359375 0.033203125 0.033203125
0 0.734375 0.3427734375 0.033203125 0.033203125
0 0.3056640625 0.412109375 0.033203125 0.033203125
0 0.2255859375 0.42578125 0.033203125 0.033203125
0 0.3310546875 0.4462890625 0.033203125 0.033203125
0 0.3037109375 0.4482421875 0.033203125 0.033203125
0 0.6220703125 0.4521484375 0.033203125 0.033203125
0 0.7998046875 0.5126953125 0.033203125 0.033203125
0 0.6171875 0.5283203125 0.033203125 0.033203125
0 0.6630859375 0.5322265625 0.033203125 0.033203125
0 0.7841796875 0.5400390625 0.033203125 0.033203125
0 0.734375 0.556640625 0.033203125 0.033203125
0 0.611328125 0.5751953125 0.033203125 0.033203125
0 0.8037109375 0.611328125 0.033203125 0.033203125
0 0.6123046875 0.6181640625 0.033203125 0.033203125
0 0.8623046875 0.73828125 0.033203125 0.033203125
0 0.96484375 0.748046875 0.033203125 0.033203125
0 0.8603515625 0.76953125 0.033203125 0.033203125
0 0.8623046875 0.7890625 0.033203125 0.033203125
0 0.3134765625 0.8017578125 0.033203125 0.033203125
0 0.8720703125 0.8076171875 0.033203125 0.033203125
0 0.951171875 0.87109375 0.033203125 0.033203125
0 0.9833984375 0.87109375 0.033203125 0.033203125
0 0.7705078125 0.873046875 0.033203125 0.033203125
0 0.8623046875 0.8984375 0.033203125 0.033203125
0 0.6083984375 0.9228515625 0.033203125 0.033203125
0 0.865234375 0.93359375 0.033203125 0.033203125
0 0.9345703125 0.9384765625 0.033203125 0.033203125
0 0.9658203125 0.9501953125 0.033203125 0.033203125
0 0.607421875 0.9638671875 0.033203125 0.033203125