0 0.04296875 0.25 0.033203125 0.033203125
0 0.4296875 0.2880859375 0.033203125 0.033203125
0 0.6884765625 0.29296875 0.033203125 0.033203125
0 0.349609375 0.33984375 0.033203125 0.033203125
0 0.591796875 0.341796875 0.033203125 0.033203125
0 0.970703125 0.34765625 0.033203125 0.033203125
0 0.3310546875 0.4697265625 0.033203125 0.033203125
0 0.3369140625 0.5048828125 0.033203125 0.033203125
0 0.33984375 0.5234375 0.033203125 0.033203125
0 0.19921875 0.525390625 0.033203125 0.033203125
0 0.201171875 0.544921875 0.033203125 0.033203125
0 0.3369140625 0.5478515625 0.033203125 0.033203125
0 0.3349609375 0.5673828125 0.033203125 0.033203125
0 0.2021484375 0.568359375 0.033203125 0.033203125
0 0.3408203125 0.583984375 0.033203125 0.033203125
0 0.1982421875 0.58984375 0.033203125 0.033203125
0 0.197265625 0.6083984375 0.033203125 0.033203125
0 0.203125 0.625 0.033203125 0.033203125
0 0.33984375 0.6474609375 0.033203125 0.033203125
0 0.1962890625 0.6708984375 0.033203125 0.033203125
0 0.2724609375 0.6923828125 0.033203125 0.033203125
0 0.1962890625 0.6953125 0.033203125 0.033203125
0 0.2529296875 0.740234375 0.033203125 0.033203125
0 0.3125 0.7529296875 0.033203125 0.033203125
0 0.294921875 0.7607421875 0.033203125 0.033203125
0 0.23046875 0.783203125 0.033203125 0.033203125
0 0.3359375 0.7919921875 0.033203125 0.033203125
0 0.390625 0.921875 0.033203125 0.033203125
0 0.4013671875 0.943359375 0.033203125 0.033203125
0 0.3955078125 0.9619140625 0.033203125 0.033203125