0 0.015625 0.0078125 0.03125 0.015625
0 0.626953125 0.072265625 0.033203125 0.033203125
0 0.16015625 0.09375 0.033203125 0.033203125
0 0.2998046875 0.1005859375 0.033203125 0.033203125
0 0.1787109375 0.162109375 0.033203125 0.033203125
0 0.74609375 0.166015625 0.033203125 0.033203125
0 0.9677734375 0.169921875 0.033203125 0.033203125
0 0.84375 0.189453125 0.033203125 0.033203125
0 0.80859375 0.3193359375 0.033203125 0.033203125
0 0.931640625 0.3330078125 0.033203125 0.033203125
0 0.93359375 0.361328125 0.033203125 0.033203125
0 0.806640625 0.3779296875 0.033203125 0.033203125
0 0.8056640625 0.390625 0.033203125 0.033203125
0 0.931640625 0.3994140625 0.033203125 0.033203125
0 0.8173828125 0.427734375 0.033203125 0.033203125
0 0.8115234375 0.443359375 0.033203125 0.033203125
0 0.93359375 0.447265625 0.033203125 0.033203125
0 0.8134765625 0.462890625 0.033203125 0.033203125
0 0.9296875 0.4658203125 0.033203125 0.033203125
0 0.724609375 0.48828125 0.033203125 0.033203125
0 0.802734375 0.4931640625 0.033203125 0.033203125
0 0.9306640625 0.4970703125 0.033203125 0.033203125
0 0.802734375 0.5263671875 0.033203125 0.033203125
0 0.884765625 0.5263671875 0.033203125 0.033203125
0 0.720703125 0.5302734375 0.033203125 0.033203125
0 0.88671875 0.54296875 0.033203125 0.033203125
0 0.9326171875 0.544921875 0.033203125 0.033203125
0 0.1767578125 0.5517578125 0.033203125 0.033203125
0 0.1962890625 0.552734375 0.033203125 0.033203125
0 0.802734375 0.5556640625 0.033203125 0.033203125
0 0.8916015625 0.560546875 0.033203125 0.033203125
0 0.7255859375 0.5654296875 0.033203125 0.033203125
0 0.2373046875 0.5791015625 0.033203125 0.033203125
0 0.390625 0.5869140625 0.033203125 0.033203125
0 0.3896484375 0.587890625 0.033203125 0.033203125
0 0.724609375 0.5888671875 0.033203125 0.033203125
0 0.88671875 0.59375 0.033203125 0.033203125
0 0.30078125 0.595703125 0.033203125 0.033203125
0 0.6640625 0.6396484375 0.033203125 0.033203125
0 0.6640625 0.6552734375 0.033203125 0.033203125
0 0.6005859375 0.6591796875 0.033203125 0.033203125
0 0.474609375 0.6630859375 0.033203125 0.033203125
0 0.369140625 0.6650390625 0.033203125 0.033203125
0 0.494140625 0.6650390625 0.033203125 0.033203125
0 0.58203125 0.6669921875 0.033203125 0.033203125
0 0.7412109375 0.6728515625 0.033203125 0.033203125
0 0.66796875 0.673828125 0.033203125 0.033203125
0 0.7421875 0.689453125 0.033203125 0.033203125
0 0.6689453125 0.69140625 0.033203125 0.033203125
0 0.740234375 0.708984375 0.033203125 0.033203125
0 0.6650390625 0.7109375 0.033203125 0.033203125
0 0.6669921875 0.72265625 0.033203125 0.033203125
0 0.271484375 0.7275390625 0.033203125 0.033203125
0 0.3095703125 0.7275390625 0.033203125 0.033203125
0 0.240234375 0.728515625 0.033203125 0.033203125
0 0.44140625 0.728515625 0.033203125 0.033203125
0 0.7421875 0.728515625 0.033203125 0.033203125
0 0.3486328125 0.7294921875 0.033203125 0.033203125
0 0.4765625 0.7294921875 0.033203125 0.033203125
0 0.162109375 0.744140625 0.033203125 0.033203125
0 0.7392578125 0.744140625 0.033203125 0.033203125
0 0.6689453125 0.748046875 0.033203125 0.033203125
0 0.3388671875 0.7548828125 0.033203125 0.033203125
0 0.4326171875 0.7568359375 0.033203125 0.033203125
0 0.44921875 0.7568359375 0.033203125 0.033203125
0 0.466796875 0.7568359375 0.033203125 0.033203125
0 0.26953125 0.7578125 0.033203125 0.033203125
0 0.501953125 0.7578125 0.033203125 0.033203125
0 0.3232421875 0.7587890625 0.033203125 0.033203125
0 0.3564453125 0.7587890625 0.033203125 0.033203125
0 0.4833984375 0.7587890625 0.033203125 0.033203125
0 0.287109375 0.759765625 0.033203125 0.033203125
0 0.5185546875 0.759765625 0.033203125 0.033203125
0 0.251953125 0.7607421875 0.033203125 0.033203125
0 0.1591796875 0.76171875 0.033203125 0.033203125
0 0.306640625 0.76171875 0.033203125 0.033203125
0 0.375 0.76171875 0.033203125 0.033203125
0 0.556640625 0.76171875 0.033203125 0.033203125
0 0.2333984375 0.7626953125 0.033203125 0.033203125
0 0.5390625 0.7626953125 0.033203125 0.033203125
0 0.669921875 0.7646484375 0.033203125 0.033203125
0 0.6298828125 0.765625 0.033203125 0.033203125
0 0.740234375 0.7802734375 0.033203125 0.033203125
0 0.666015625 0.7822265625 0.033203125 0.033203125
0 0.1591796875 0.783203125 0.033203125 0.033203125
0 0.6298828125 0.78515625 0.033203125 0.033203125
0 0.671875 0.7998046875 0.033203125 0.033203125
0 0.7421875 0.7998046875 0.033203125 0.033203125
0 0.1591796875 0.8046875 0.033203125 0.033203125
0 0.6708984375 0.81640625 0.033203125 0.033203125
0 0.740234375 0.818359375 0.033203125 0.033203125
0 0.1591796875 0.82421875 0.033203125 0.033203125
0 0.626953125 0.826171875 0.033203125 0.033203125
0 0.7431640625 0.833984375 0.033203125 0.033203125
0 0.673828125 0.8359375 0.033203125 0.033203125
0 0.4365234375 0.84765625 0.033203125 0.033203125
0 0.2099609375 0.849609375 0.033203125 0.033203125
0 0.4716796875 0.849609375 0.033203125 0.033203125
0 0.3466796875 0.8505859375 0.033203125 0.033203125
0 0.3662109375 0.8505859375 0.033203125 0.033203125
0 0.4189453125 0.8505859375 0.033203125 0.033203125
0 0.3134765625 0.8515625 0.033203125 0.033203125
0 0.330078125 0.8515625 0.033203125 0.033203125
0 0.2783203125 0.8525390625 0.033203125 0.033203125
0 0.384765625 0.8525390625 0.033203125 0.033203125
0 0.455078125 0.8525390625 0.033203125 0.033203125
0 0.294921875 0.853515625 0.033203125 0.033203125
0 0.404296875 0.8544921875 0.033203125 0.033203125
0 0.509765625 0.8544921875 0.033203125 0.033203125
0 0.7421875 0.8544921875 0.033203125 0.033203125
0 0.1904296875 0.85546875 0.033203125 0.033203125
0 0.2236328125 0.85546875 0.033203125 0.033203125
0 0.2412109375 0.85546875 0.033203125 0.033203125
0 0.5283203125 0.8564453125 0.033203125 0.033203125
0 0.2578125 0.857421875 0.033203125 0.033203125
0 0.5986328125 0.857421875 0.033203125 0.033203125
0 0.5986328125 0.8583984375 0.033203125 0.033203125
0 0.1884765625 0.9599609375 0.033203125 0.033203125
0 0.228515625 0.9609375 0.033203125 0.033203125
0 0.27734375 0.9609375 0.033203125 0.033203125
0 0.3564453125 0.9609375 0.033203125 0.033203125
0 0.3134765625 0.9619140625 0.033203125 0.033203125