0 0.7197265625 0.095703125 0.033203125 0.033203125
0 0.5634765625 0.1064453125 0.033203125 0.033203125
0 0.5634765625 0.12109375 0.033203125 0.033203125
0 0.3359375 0.130859375 0.033203125 0.033203125
0 0.5634765625 0.138671875 0.033203125 0.033203125
0 0.708984375 0.154296875 0.033203125 0.033203125
0 0.6748046875 0.1591796875 0.033203125 0.033203125
0 0.5107421875 0.17578125 0.033203125 0.033203125
0 0.6982421875 0.1865234375 0.033203125 0.033203125
0 0.6953125 0.19921875 0.033203125 0.033203125
0 0.5615234375 0.2041015625 0.033203125 0.033203125
0 0.2421875 0.2080078125 0.033203125 0.033203125
0 0.3251953125 0.2080078125 0.033203125 0.033203125
0 0.3076171875 0.208984375 0.033203125 0.033203125
0 0.2900390625 0.2099609375 0.033203125 0.033203125
0 0.5625 0.21875 0.033203125 0.033203125
0 0.7041015625 0.21875 0.033203125 0.033203125
0 0.7041015625 0.23046875 0.033203125 0.033203125
0 0.705078125 0.23046875 0.033203125 0.033203125
0 0.6640625 0.2451171875 0.033203125 0.033203125
0 0.6455078125 0.24609375 0.033203125 0.033203125
0 0.7041015625 0.25 0.033203125 0.033203125
0 0.5625 0.251953125 0.033203125 0.033203125
0 0.2451171875 0.283203125 0.033203125 0.033203125
0 0.912109375 0.3466796875 0.033203125 0.033203125
0 0.3876953125 0.3671875 0.033203125 0.033203125
0 0.30078125 0.3681640625 0.033203125 0.033203125
0 0.2431640625 0.4462890625 0.033203125 0.033203125
0 0.5634765625 0.4697265625 0.033203125 0.033203125
0 0.76953125 0.48046875 0.033203125 0.033203125
0 0.7255859375 0.4814453125 0.033203125 0.033203125
0 0.1767578125 0.4853515625 0.033203125 0.033203125
0 0.5673828125 0.48828125 0.033203125 0.033203125
0 0.1787109375 0.5029296875 0.033203125 0.033203125
0 0.6591796875 0.505859375 0.033203125 0.033203125
0 0.3203125 0.51171875 0.033203125 0.033203125
0 0.5673828125 0.517578125 0.033203125 0.033203125
0 0.5673828125 0.55078125 0.033203125 0.033203125
0 0.388671875 0.5654296875 0.033203125 0.033203125
0 0.56640625 0.5849609375 0.033203125 0.033203125
0 0.5634765625 0.6376953125 0.033203125 0.033203125
0 0.564453125 0.6376953125 0.033203125 0.033203125
0 0.65625 0.6533203125 0.033203125 0.033203125
0 0.568359375 0.6650390625 0.033203125 0.033203125
0 0.6572265625 0.669921875 0.033203125 0.033203125
0 0.568359375 0.681640625 0.033203125 0.033203125
0 0.1845703125 0.68359375 0.033203125 0.033203125
0 0.6533203125 0.6845703125 0.033203125 0.033203125
0 0.5634765625 0.7021484375 0.033203125 0.033203125
0 0.6572265625 0.705078125 0.033203125 0.033203125
0 0.5673828125 0.716796875 0.033203125 0.033203125
0 0.6552734375 0.7177734375 0.033203125 0.033203125
0 0.2880859375 0.7236328125 0.033203125 0.033203125
0 0.3037109375 0.7236328125 0.033203125 0.033203125
0 0.33984375 0.7236328125 0.033203125 0.033203125
0 0.3740234375 0.7236328125 0.033203125 0.033203125
0 0.4287109375 0.7236328125 0.033203125 0.033203125
0 0.5 0.724609375 0.033203125 0.033203125
0 0.3564453125 0.7255859375 0.033203125 0.033203125
0 0.46484375 0.7255859375 0.033203125 0.033203125
0 0.3232421875 0.7265625 0.033203125 0.033203125
0 0.39453125 0.7265625 0.033203125 0.033203125
0 0.6533203125 0.734375 0.033203125 0.033203125
0 0.5703125 0.748046875 0.033203125 0.033203125
0 0.6494140625 0.7509765625 0.033203125 0.033203125
0 0.197265625 0.7587890625 0.033203125 0.033203125
0 0.56640625 0.7646484375 0.033203125 0.033203125
0 0.6552734375 0.7666015625 0.033203125 0.033203125
0 0.3251953125 0.7880859375 0.033203125 0.033203125
0 0.185546875 0.7890625 0.033203125 0.033203125
0 0.265625 0.79296875 0.033203125 0.033203125
0 0.28515625 0.79296875 0.033203125 0.033203125
0 0.3408203125 0.7939453125 0.033203125 0.033203125
0 0.3583984375 0.7939453125 0.033203125 0.033203125
0 0.4638671875 0.7939453125 0.033203125 0.033203125
0 0.3076171875 0.794921875 0.033203125 0.033203125
0 0.3759765625 0.7958984375 0.033203125 0.033203125
0 0.4453125 0.7958984375 0.033203125 0.033203125
0 0.5205078125 0.7958984375 0.033203125 0.033203125
0 0.392578125 0.7978515625 0.033203125 0.033203125
0 0.4833984375 0.7978515625 0.033203125 0.033203125
0 0.4111328125 0.7998046875 0.033203125 0.033203125
0 0.4990234375 0.8056640625 0.033203125 0.033203125
0 0.267578125 0.8271484375 0.033203125 0.033203125
0 0.283203125 0.8271484375 0.033203125 0.033203125
0 0.1865234375 0.828125 0.033203125 0.033203125
0 0.3564453125 0.828125 0.033203125 0.033203125
0 0.1845703125 0.8291015625 0.033203125 0.033203125
0 0.4814453125 0.8291015625 0.033203125 0.033203125
0 0.33984375 0.830078125 0.033203125 0.033203125
0 0.3759765625 0.8310546875 0.033203125 0.033203125
0 0.306640625 0.8330078125 0.033203125 0.033203125
0 0.4638671875 0.8330078125 0.033203125 0.033203125
0 0.447265625 0.8349609375 0.033203125 0.033203125
0 0.0146484375 0.8369140625 0.029296875 0.033203125
0 0.3251953125 0.8369140625 0.033203125 0.033203125
0 0.39453125 0.8369140625 0.033203125 0.033203125
0 0.4306640625 0.8369140625 0.033203125 0.033203125
0 0.4140625 0.837890625 0.033203125 0.033203125
0 0.4990234375 0.837890625 0.033203125 0.033203125
0 0.0751953125 0.83984375 0.033203125 0.033203125
0 0.056640625 0.8408203125 0.033203125 0.033203125
0 0.1220703125 0.841796875 0.033203125 0.033203125
0 0.5166015625 0.8857421875 0.033203125 0.033203125
0 0.263671875 0.8984375 0.033203125 0.033203125
0 0.6376953125 0.8984375 0.033203125 0.033203125
0 0.65625 0.8984375 0.033203125 0.033203125
0 0.65625 0.8994140625 0.033203125 0.033203125
0 0.677734375 0.900390625 0.033203125 0.033203125
0 0.322265625 0.9013671875 0.033203125 0.033203125
0 0.28515625 0.90234375 0.033203125 0.033203125
0 0.3017578125 0.90234375 0.033203125 0.033203125
0 0.341796875 0.9033203125 0.033203125 0.033203125
0 0.044921875 0.91796875 0.033203125 0.033203125
0 0.0615234375 0.91796875 0.033203125 0.033203125
0 0.0947265625 0.91796875 0.033203125 0.033203125
0 0.0791015625 0.919921875 0.033203125 0.033203125
0 0.1337890625 0.921875 0.033203125 0.033203125
0 0.1123046875 0.92578125 0.033203125 0.033203125
0 0.4189453125 0.92578125 0.033203125 0.033203125
0 0.4375 0.92578125 0.033203125 0.033203125
0 0.40234375 0.9267578125 0.033203125 0.033203125
0 0.4560546875 0.9267578125 0.033203125 0.033203125
0 0.4765625 0.9287109375 0.033203125 0.033203125
0 0.341796875 0.9326171875 0.033203125 0.033203125
0 0.673828125 0.9443359375 0.033203125 0.033203125
0 0.8076171875 0.9443359375 0.033203125 0.033203125
0 0.33984375 0.94921875 0.033203125 0.033203125
0 0.455078125 0.9599609375 0.033203125 0.033203125
0 0.4384765625 0.9609375 0.033203125 0.033203125
0 0.490234375 0.9619140625 0.033203125 0.033203125
0 0.33984375 0.9638671875 0.033203125 0.033203125
0 0.4013671875 0.9638671875 0.033203125 0.033203125
0 0.4716796875 0.9638671875 0.033203125 0.033203125
0 0.419921875 0.9658203125 0.033203125 0.033203125
0 0.2294921875 0.9794921875 0.033203125 0.033203125
0 0.3408203125 0.982421875 0.033203125 0.033203125