0 0.32421875 0.0146484375 0.033203125 0.029296875
0 0.388671875 0.015625 0.033203125 0.03125
0 0.4287109375 0.0234375 0.033203125 0.033203125
0 0.32421875 0.0302734375 0.033203125 0.033203125
0 0.3232421875 0.046875 0.033203125 0.033203125
0 0.32421875 0.0634765625 0.033203125 0.033203125
0 0.6357421875 0.0771484375 0.033203125 0.033203125
0 0.32421875 0.0830078125 0.033203125 0.033203125
0 0.32421875 0.1025390625 0.033203125 0.033203125
0 0.5712890625 0.109375 0.033203125 0.033203125
0 0.560546875 0.1455078125 0.033203125 0.033203125
0 0.3818359375 0.1611328125 0.033203125 0.033203125
0 0.3134765625 0.162109375 0.033203125 0.033203125
0 0.5615234375 0.162109375 0.033203125 0.033203125
0 0.384765625 0.1748046875 0.033203125 0.033203125
0 0.5634765625 0.177734375 0.033203125 0.033203125
0 0.3134765625 0.181640625 0.033203125 0.033203125
0 0.564453125 0.197265625 0.033203125 0.033203125
0 0.564453125 0.1982421875 0.033203125 0.033203125
0 0.6748046875 0.201171875 0.033203125 0.033203125
0 0.5693359375 0.2158203125 0.033203125 0.033203125
0 0.9189453125 0.216796875 0.033203125 0.033203125
0 0.384765625 0.228515625 0.033203125 0.033203125
0 0.6416015625 0.2314453125 0.033203125 0.033203125
0 0.56640625 0.234375 0.033203125 0.033203125
0 0.568359375 0.248046875 0.033203125 0.033203125
0 0.3193359375 0.2509765625 0.033203125 0.033203125
0 0.63671875 0.2529296875 0.033203125 0.033203125
0 0.568359375 0.267578125 0.033203125 0.033203125
0 0.5693359375 0.267578125 0.033203125 0.033203125
0 0.6376953125 0.2744140625 0.033203125 0.033203125
0 0.384765625 0.279296875 0.033203125 0.033203125
0 0.9189453125 0.28125 0.033203125 0.033203125
0 0.31640625 0.2880859375 0.033203125 0.033203125
0 0.634765625 0.2958984375 0.033203125 0.033203125
0 0.6328125 0.31640625 0.033203125 0.033203125
0 0.4326171875 0.3203125 0.033203125 0.033203125
0 0.91796875 0.3203125 0.033203125 0.033203125
0 0.837890625 0.369140625 0.033203125 0.033203125
0 0.37890625 0.3740234375 0.033203125 0.033203125
0 0.755859375 0.3818359375 0.033203125 0.033203125
0 0.91796875 0.3955078125 0.033203125 0.033203125
0 0.3818359375 0.40625 0.033203125 0.033203125
0 0.3125 0.423828125 0.033203125 0.033203125
0 0.384765625 0.4423828125 0.033203125 0.033203125
0 0.916015625 0.4501953125 0.033203125 0.033203125
0 0.376953125 0.4619140625 0.033203125 0.033203125
0 0.3125 0.462890625 0.033203125 0.033203125
0 0.3076171875 0.48046875 0.033203125 0.033203125
0 0.9150390625 0.4892578125 0.033203125 0.033203125
0 0.30859375 0.49609375 0.033203125 0.033203125
0 0.3798828125 0.4970703125 0.033203125 0.033203125
0 0.3798828125 0.5166015625 0.033203125 0.033203125
0 0.30859375 0.53515625 0.033203125 0.033203125
0 0.3798828125 0.552734375 0.033203125 0.033203125
0 0.1796875 0.5634765625 0.033203125 0.033203125
0 0.033203125 0.6201171875 0.033203125 0.033203125
0 0.0546875 0.6201171875 0.033203125 0.033203125
0 0.37890625 0.6201171875 0.033203125 0.033203125
0 0.1015625 0.62109375 0.033203125 0.033203125
0 0.2255859375 0.623046875 0.033203125 0.033203125
0 0.251953125 0.623046875 0.033203125 0.033203125
0 0.0791015625 0.625 0.033203125 0.033203125
0 0.2763671875 0.625 0.033203125 0.033203125
0 0.47265625 0.626953125 0.033203125 0.033203125
0 0.6005859375 0.626953125 0.033203125 0.033203125
0 0.5048828125 0.6279296875 0.033203125 0.033203125
0 0.52734375 0.6279296875 0.033203125 0.033203125
0 0.5546875 0.6298828125 0.033203125 0.033203125
0 0.443359375 0.6630859375 0.033203125 0.033203125
0 0.2783203125 0.689453125 0.033203125 0.033203125
0 0.4970703125 0.6943359375 0.033203125 0.033203125
0 0.4189453125 0.69921875 0.033203125 0.033203125
0 0.4443359375 0.69921875 0.033203125 0.033203125
0 0.5185546875 0.69921875 0.033203125 0.033203125
0 0.544921875 0.69921875 0.033203125 0.033203125
0 0.619140625 0.7001953125 0.033203125 0.033203125
0 0.5908203125 0.701171875 0.033203125 0.033203125
0 0.5654296875 0.703125 0.033203125 0.033203125
0 0.00927734375 0.7060546875 0.0185546875 0.033203125
0 0.0146484375 0.779296875 0.029296875 0.033203125
0 0.0390625 0.78125 0.033203125 0.033203125
0 0.3447265625 0.78125 0.033203125 0.033203125
0 0.3671875 0.78125 0.033203125 0.033203125
0 0.4423828125 0.78125 0.033203125 0.033203125
0 0.46484375 0.78125 0.033203125 0.033203125
0 0.5439453125 0.78125 0.033203125 0.033203125
0 0.3916015625 0.7822265625 0.033203125 0.033203125
0 0.5693359375 0.7822265625 0.033203125 0.033203125
0 0.7158203125 0.783203125 0.033203125 0.033203125
0 0.4921875 0.7841796875 0.033203125 0.033203125
0 0.591796875 0.7841796875 0.033203125 0.033203125
0 0.6630859375 0.7841796875 0.033203125 0.033203125
0 0.6162109375 0.78515625 0.033203125 0.033203125
0 0.6904296875 0.78515625 0.033203125 0.033203125
0 0.525390625 0.7880859375 0.033203125 0.033203125
0 0.6455078125 0.7880859375 0.033203125 0.033203125
0 0.91015625 0.896484375 0.033203125 0.033203125
0 0.9091796875 0.943359375 0.033203125 0.033203125
0 0.9130859375 0.9765625 0.033203125 0.033203125
0 0.1708984375 0.98046875 0.033203125 0.033203125