0 0.0263671875 0.052734375 0.033203125 0.033203125
0 0.255859375 0.056640625 0.033203125 0.033203125
0 0.4609375 0.1044921875 0.033203125 0.033203125
0 0.419921875 0.1083984375 0.033203125 0.033203125
0 0.1669921875 0.1337890625 0.033203125 0.033203125
0 0.7177734375 0.173828125 0.033203125 0.033203125
0 0.20703125 0.193359375 0.033203125 0.033203125
0 0.1728515625 0.3017578125 0.033203125 0.033203125
0 0.1787109375 0.353515625 0.033203125 0.033203125
0 0.232421875 0.353515625 0.033203125 0.033203125
0 0.2138671875 0.35546875 0.033203125 0.033203125
0 0.1982421875 0.357421875 0.033203125 0.033203125
0 0.244140625 0.3583984375 0.033203125 0.033203125
0 0.1640625 0.3603515625 0.033203125 0.033203125
0 0.8388671875 0.361328125 0.033203125 0.033203125
0 0.8408203125 0.361328125 0.033203125 0.033203125
0 0.849609375 0.45703125 0.033203125 0.033203125
0 0.802734375 0.4970703125 0.033203125 0.033203125
0 0.7822265625 0.626953125 0.033203125 0.033203125
0 0.802734375 0.6298828125 0.033203125 0.033203125
0 0.2421875 0.6513671875 0.033203125 0.033203125