0 0.5 0.4697265625 0.033203125 0.033203125
0 0.7158203125 0.5205078125 0.033203125 0.033203125
0 0.0126953125 0.5595703125 0.025390625 0.033203125
0 0.677734375 0.6171875 0.033203125 0.033203125
0 0.7119140625 0.6435546875 0.033203125 0.033203125
0 0.0244140625 0.71484375 0.033203125 0.033203125
0 0.2431640625 0.8095703125 0.033203125 0.033203125
0 0.705078125 0.8388671875 0.033203125 0.033203125
0 0.7119140625 0.8828125 0.033203125 0.033203125
0 0.04296875 0.9150390625 0.033203125 0.033203125
0 0.7119140625 0.9423828125 0.033203125 0.033203125
0 0.4716796875 0.9619140625 0.033203125 0.033203125
0 0.0458984375 0.9677734375 0.033203125 0.033203125
0 0.484375 0.9833984375 0.033203125 0.033203125
0 0.0537109375 0.99072265625 0.033203125 0.0185546875