0 0.03515625 0.2548828125 0.033203125 0.033203125
0 0.080078125 0.2548828125 0.033203125 0.033203125
0 0.00927734375 0.2705078125 0.0185546875 0.033203125
0 0.4423828125 0.3369140625 0.033203125 0.033203125
0 0.478515625 0.373046875 0.033203125 0.033203125
0 0.443359375 0.375 0.033203125 0.033203125
0 0.4775390625 0.455078125 0.033203125 0.033203125
0 0.4423828125 0.45703125 0.033203125 0.033203125
0 0.443359375 0.45703125 0.033203125 0.033203125
0 0.498046875 0.45703125 0.033203125 0.033203125
0 0.21484375 0.4736328125 0.033203125 0.033203125
0 0.6748046875 0.4931640625 0.033203125 0.033203125
0 0.30859375 0.615234375 0.033203125 0.033203125