0 0.1279296875 0.1337890625 0.033203125 0.033203125
0 0.36328125 0.1337890625 0.033203125 0.033203125
0 0.5185546875 0.1357421875 0.033203125 0.033203125
0 0.466796875 0.138671875 0.033203125 0.033203125
0 0.6240234375 0.1396484375 0.033203125 0.033203125
0 0.67578125 0.140625 0.033203125 0.033203125
0 0.9873046875 0.142578125 0.025390625 0.033203125
0 0.9404296875 0.1455078125 0.033203125 0.033203125
0 0.2509765625 0.2373046875 0.033203125 0.033203125
0 0.4267578125 0.23828125 0.033203125 0.033203125
0 0.353515625 0.2392578125 0.033203125 0.033203125
0 0.4658203125 0.2392578125 0.033203125 0.033203125
0 0.3837890625 0.2412109375 0.033203125 0.033203125
0 0.5185546875 0.2412109375 0.033203125 0.033203125
0 0.5595703125 0.2421875 0.033203125 0.033203125
0 0.5595703125 0.2431640625 0.033203125 0.033203125
0 0.947265625 0.2978515625 0.033203125 0.033203125
0 0.29296875 0.455078125 0.033203125 0.033203125
0 0.2939453125 0.490234375 0.033203125 0.033203125
0 0.2919921875 0.5380859375 0.033203125 0.033203125
0 0.9892578125 0.5625 0.021484375 0.033203125
0 0.9287109375 0.6416015625 0.033203125 0.033203125
0 0.9599609375 0.6455078125 0.033203125 0.033203125