0 0.2392578125 0.0166015625 0.033203125 0.033203125
0 0.431640625 0.0166015625 0.033203125 0.033203125
0 0.4990234375 0.01953125 0.033203125 0.033203125
0 0.185546875 0.021484375 0.033203125 0.033203125
0 0.4072265625 0.021484375 0.033203125 0.033203125
0 0.265625 0.0224609375 0.033203125 0.033203125
0 0.2255859375 0.0234375 0.033203125 0.033203125
0 0.1689453125 0.0244140625 0.033203125 0.033203125
0 0.98876953125 0.0302734375 0.0224609375 0.033203125
0 0.67578125 0.0322265625 0.033203125 0.033203125
0 0.4345703125 0.0390625 0.033203125 0.033203125
0 0.6318359375 0.0419921875 0.033203125 0.033203125
0 0.5 0.04296875 0.033203125 0.033203125
0 0.404296875 0.046875 0.033203125 0.033203125
0 0.166015625 0.0517578125 0.033203125 0.033203125
0 0.341796875 0.0546875 0.033203125 0.033203125
0 0.673828125 0.0615234375 0.033203125 0.033203125
0 0.439453125 0.0625 0.033203125 0.033203125
0 0.501953125 0.0625 0.033203125 0.033203125
0 0.5009765625 0.0791015625 0.033203125 0.033203125
0 0.44140625 0.0908203125 0.033203125 0.033203125
0 0.6298828125 0.091796875 0.033203125 0.033203125
0 0.736328125 0.091796875 0.033203125 0.033203125
0 0.5029296875 0.1015625 0.033203125 0.033203125
0 0.9541015625 0.1083984375 0.033203125 0.033203125
0 0.6318359375 0.1240234375 0.033203125 0.033203125
0 0.7333984375 0.1279296875 0.033203125 0.033203125
0 0.5390625 0.1376953125 0.033203125 0.033203125
0 0.240234375 0.140625 0.033203125 0.033203125
0 0.263671875 0.140625 0.033203125 0.033203125
0 0.025390625 0.1455078125 0.033203125 0.033203125
0 0.1142578125 0.15234375 0.033203125 0.033203125
0 0.5390625 0.1533203125 0.033203125 0.033203125
0 0.53515625 0.169921875 0.033203125 0.033203125
0 0.634765625 0.1728515625 0.033203125 0.033203125
0 0.771484375 0.177734375 0.033203125 0.033203125
0 0.54296875 0.1875 0.033203125 0.033203125
0 0.9482421875 0.1904296875 0.033203125 0.033203125
0 0.7333984375 0.19140625 0.033203125 0.033203125
0 0.669921875 0.193359375 0.033203125 0.033203125
0 0.6318359375 0.203125 0.033203125 0.033203125
0 0.33984375 0.2060546875 0.033203125 0.033203125
0 0.671875 0.208984375 0.033203125 0.033203125
0 0.7353515625 0.2138671875 0.033203125 0.033203125
0 0.767578125 0.2138671875 0.033203125 0.033203125
0 0.5390625 0.2177734375 0.033203125 0.033203125
0 0.6337890625 0.2197265625 0.033203125 0.033203125
0 0.5 0.220703125 0.033203125 0.033203125
0 0.341796875 0.2216796875 0.033203125 0.033203125
0 0.9423828125 0.2294921875 0.033203125 0.033203125
0 0.732421875 0.2333984375 0.033203125 0.033203125
0 0.66796875 0.234375 0.033203125 0.033203125
0 0.7666015625 0.234375 0.033203125 0.033203125
0 0.4990234375 0.236328125 0.033203125 0.033203125
0 0.6298828125 0.25 0.033203125 0.033203125
0 0.7626953125 0.25390625 0.033203125 0.033203125
0 0.6669921875 0.2548828125 0.033203125 0.033203125
0 0.6298828125 0.2666015625 0.033203125 0.033203125
0 0.3427734375 0.27734375 0.033203125 0.033203125
0 0.6650390625 0.2783203125 0.033203125 0.033203125
0 0.9814453125 0.2900390625 0.033203125 0.033203125
0 0.94140625 0.2939453125 0.033203125 0.033203125
0 0.962890625 0.294921875 0.033203125 0.033203125
0 0.6669921875 0.2958984375 0.033203125 0.033203125
0 0.3447265625 0.3125 0.033203125 0.033203125
0 0.673828125 0.3349609375 0.033203125 0.033203125
0 0.3427734375 0.3388671875 0.033203125 0.033203125
0 0.42578125 0.341796875 0.033203125 0.033203125
0 0.2763671875 0.3447265625 0.033203125 0.033203125
0 0.669921875 0.3564453125 0.033203125 0.033203125
0 0.9443359375 0.3662109375 0.033203125 0.033203125
0 0.8994140625 0.3740234375 0.033203125 0.033203125
0 0.4189453125 0.3798828125 0.033203125 0.033203125
0 0.9462890625 0.3828125 0.033203125 0.033203125
0 0.419921875 0.3984375 0.033203125 0.033203125
0 0.4619140625 0.400390625 0.033203125 0.033203125
0 0.9375 0.4013671875 0.033203125 0.033203125
0 0.3408203125 0.416015625 0.033203125 0.033203125
0 0.41796875 0.41796875 0.033203125 0.033203125
0 0.4609375 0.41796875 0.033203125 0.033203125
0 0.34375 0.435546875 0.033203125 0.033203125
0 0.169921875 0.4365234375 0.033203125 0.033203125
0 0.2216796875 0.4365234375 0.033203125 0.033203125
0 0.23828125 0.4375 0.033203125 0.033203125
0 0.4638671875 0.4375 0.033203125 0.033203125
0 0.4189453125 0.439453125 0.033203125 0.033203125
0 0.423828125 0.4580078125 0.033203125 0.033203125
0 0.02734375 0.46484375 0.033203125 0.033203125
0 0.798828125 0.46875 0.033203125 0.033203125
0 0.939453125 0.47265625 0.033203125 0.033203125
0 0.423828125 0.474609375 0.033203125 0.033203125
0 0.830078125 0.4765625 0.033203125 0.033203125
0 0.0771484375 0.48046875 0.033203125 0.033203125
0 0.3505859375 0.4892578125 0.033203125 0.033203125
0 0.5029296875 0.5087890625 0.033203125 0.033203125
0 0.4228515625 0.513671875 0.033203125 0.033203125
0 0.423828125 0.5341796875 0.033203125 0.033203125
0 0.34375 0.5458984375 0.033203125 0.033203125
0 0.423828125 0.572265625 0.033203125 0.033203125
0 0.3408203125 0.5732421875 0.033203125 0.033203125
0 0.337890625 0.6064453125 0.033203125 0.033203125
0 0.3408203125 0.626953125 0.033203125 0.033203125
0 0.41796875 0.6328125 0.033203125 0.033203125
0 0.3115234375 0.6474609375 0.033203125 0.033203125
0 0.08984375 0.6494140625 0.033203125 0.033203125
0 0.4208984375 0.6552734375 0.033203125 0.033203125
0 0.5185546875 0.671875 0.033203125 0.033203125
0 0.1435546875 0.7236328125 0.033203125 0.033203125
0 0.4697265625 0.7265625 0.033203125 0.033203125
0 0.435546875 0.7275390625 0.033203125 0.033203125
0 0.6552734375 0.7294921875 0.033203125 0.033203125
0 0.7197265625 0.7314453125 0.033203125 0.033203125
0 0.025390625 0.7568359375 0.033203125 0.033203125
0 0.0810546875 0.7607421875 0.033203125 0.033203125
0 0.2548828125 0.7646484375 0.033203125 0.033203125
0 0.2548828125 0.765625 0.033203125 0.033203125
0 0.0087890625 0.7861328125 0.017578125 0.033203125
0 0.6171875 0.830078125 0.033203125 0.033203125
0 0.8720703125 0.8330078125 0.033203125 0.033203125
0 0.125 0.8525390625 0.033203125 0.033203125
0 0.16796875 0.8544921875 0.033203125 0.033203125
0 0.6162109375 0.8603515625 0.033203125 0.033203125
0 0.7900390625 0.8603515625 0.033203125 0.033203125
0 0.5146484375 0.9638671875 0.033203125 0.033203125
0 0.599609375 0.9638671875 0.033203125 0.033203125
0 0.4677734375 0.96484375 0.033203125 0.033203125
0 0.3876953125 0.9658203125 0.033203125 0.033203125
0 0.466796875 0.982421875 0.033203125 0.033203125
0 0.384765625 0.98388671875 0.033203125 0.0322265625
0 0.517578125 0.98388671875 0.033203125 0.0322265625
0 0.6005859375 0.98388671875 0.033203125 0.0322265625