0 0.4580078125 0.20703125 0.033203125 0.033203125
0 0.103515625 0.2978515625 0.033203125 0.033203125
0 0.458984375 0.38671875 0.033203125 0.033203125
0 0.462890625 0.408203125 0.033203125 0.033203125
0 0.302734375 0.4345703125 0.033203125 0.033203125
0 0.2421875 0.4775390625 0.033203125 0.033203125
0 0.2041015625 0.482421875 0.033203125 0.033203125
0 0.349609375 0.5126953125 0.033203125 0.033203125
0 0.302734375 0.7119140625 0.033203125 0.033203125
0 0.244140625 0.89453125 0.033203125 0.033203125
0 0.0224609375 0.921875 0.033203125 0.033203125
0 0.017578125 0.9599609375 0.033203125 0.033203125