0 0.513671875 0.140625 0.033203125 0.033203125
0 0.5126953125 0.1953125 0.033203125 0.033203125
0 0.8486328125 0.1962890625 0.033203125 0.033203125
0 0.560546875 0.2060546875 0.033203125 0.033203125
0 0.841796875 0.21484375 0.033203125 0.033203125
0 0.9150390625 0.2158203125 0.033203125 0.033203125
0 0.9462890625 0.2177734375 0.033203125 0.033203125
0 0.9638671875 0.2216796875 0.033203125 0.033203125
0 0.9794921875 0.2216796875 0.033203125 0.033203125
0 0.931640625 0.22265625 0.033203125 0.033203125
0 0.990234375 0.224609375 0.01953125 0.033203125
0 0.8447265625 0.232421875 0.033203125 0.033203125
0 0.841796875 0.248046875 0.033203125 0.033203125
0 0.9306640625 0.2509765625 0.033203125 0.033203125
0 0.912109375 0.25390625 0.033203125 0.033203125
0 0.4912109375 0.2548828125 0.033203125 0.033203125
0 0.9482421875 0.2548828125 0.033203125 0.033203125
0 0.990234375 0.255859375 0.01953125 0.033203125
0 0.75390625 0.2744140625 0.033203125 0.033203125
0 0.560546875 0.2861328125 0.033203125 0.033203125
0 0.751953125 0.2919921875 0.033203125 0.033203125
0 0.875 0.296875 0.033203125 0.033203125
0 0.7509765625 0.3095703125 0.033203125 0.033203125
0 0.7529296875 0.326171875 0.033203125 0.033203125
0 0.560546875 0.3291015625 0.033203125 0.033203125
0 0.75390625 0.3466796875 0.033203125 0.033203125
0 0.681640625 0.3486328125 0.033203125 0.033203125
0 0.69921875 0.353515625 0.033203125 0.033203125
0 0.4892578125 0.3603515625 0.033203125 0.033203125
0 0.5615234375 0.4150390625 0.033203125 0.033203125
0 0.7001953125 0.4287109375 0.033203125 0.033203125
0 0.6787109375 0.4306640625 0.033203125 0.033203125
0 0.6455078125 0.431640625 0.033203125 0.033203125
0 0.76953125 0.431640625 0.033203125 0.033203125
0 0.787109375 0.431640625 0.033203125 0.033203125
0 0.8037109375 0.431640625 0.033203125 0.033203125
0 0.4892578125 0.4765625 0.033203125 0.033203125
0 0.5615234375 0.6279296875 0.033203125 0.033203125
0 0.55859375 0.6669921875 0.033203125 0.033203125
0 0.556640625 0.712890625 0.033203125 0.033203125
0 0.4873046875 0.7373046875 0.033203125 0.033203125