0 0.1796875 0.056640625 0.033203125 0.033203125
0 0.2646484375 0.3359375 0.033203125 0.033203125
0 0.16796875 0.39453125 0.033203125 0.033203125
0 0.4130859375 0.6328125 0.033203125 0.033203125
0 0.4521484375 0.6328125 0.033203125 0.033203125
0 0.7177734375 0.63671875 0.033203125 0.033203125
0 0.7568359375 0.6376953125 0.033203125 0.033203125
0 0.240234375 0.640625 0.033203125 0.033203125
0 0.560546875 0.642578125 0.033203125 0.033203125
0 0.6083984375 0.6455078125 0.033203125 0.033203125
0 0.15625 0.662109375 0.033203125 0.033203125
0 0.41796875 0.666015625 0.033203125 0.033203125
0 0.4052734375 0.7177734375 0.033203125 0.033203125
0 0.44140625 0.7177734375 0.033203125 0.033203125
0 0.4580078125 0.720703125 0.033203125 0.033203125
0 0.599609375 0.720703125 0.033203125 0.033203125
0 0.5634765625 0.7216796875 0.033203125 0.033203125
0 0.6181640625 0.7216796875 0.033203125 0.033203125
0 0.474609375 0.72265625 0.033203125 0.033203125
0 0.529296875 0.72265625 0.033203125 0.033203125
0 0.509765625 0.724609375 0.033203125 0.033203125
0 0.154296875 0.7919921875 0.033203125 0.033203125
0 0.1533203125 0.92578125 0.033203125 0.033203125
0 0.1923828125 0.9443359375 0.033203125 0.033203125