0 0.1123046875 0.1357421875 0.033203125 0.033203125
0 0.134765625 0.1357421875 0.033203125 0.033203125
0 0.1513671875 0.1396484375 0.033203125 0.033203125
0 0.208984375 0.140625 0.033203125 0.033203125
0 0.171875 0.1416015625 0.033203125 0.033203125
0 0.189453125 0.1416015625 0.033203125 0.033203125
0 0.240234375 0.146484375 0.033203125 0.033203125
0 0.26171875 0.146484375 0.033203125 0.033203125
0 0.6826171875 0.45703125 0.033203125 0.033203125
0 0.5810546875 0.4716796875 0.033203125 0.033203125
0 0.6650390625 0.474609375 0.033203125 0.033203125
0 0.5087890625 0.91796875 0.033203125 0.033203125