0 0.3330078125 0.052734375 0.033203125 0.033203125
0 0.3896484375 0.083984375 0.033203125 0.033203125
0 0.380859375 0.1025390625 0.033203125 0.033203125
0 0.373046875 0.119140625 0.033203125 0.033203125
0 0.2607421875 0.138671875 0.033203125 0.033203125
0 0.3466796875 0.154296875 0.033203125 0.033203125
0 0.447265625 0.15625 0.033203125 0.033203125
0 0.2451171875 0.17578125 0.033203125 0.033203125
0 0.2197265625 0.1943359375 0.033203125 0.033203125
0 0.666015625 0.1953125 0.033203125 0.033203125
0 0.73046875 0.1982421875 0.033203125 0.033203125
0 0.333984375 0.20703125 0.033203125 0.033203125
0 0.3525390625 0.20703125 0.033203125 0.033203125
0 0.20703125 0.2109375 0.033203125 0.033203125
0 0.1953125 0.2197265625 0.033203125 0.033203125
0 0.1796875 0.2236328125 0.033203125 0.033203125
0 0.1669921875 0.2373046875 0.033203125 0.033203125
0 0.1484375 0.2470703125 0.033203125 0.033203125
0 0.103515625 0.279296875 0.033203125 0.033203125
0 0.01318359375 0.2890625 0.0263671875 0.033203125
0 0.330078125 0.30859375 0.033203125 0.033203125
0 0.3671875 0.30859375 0.033203125 0.033203125
0 0.42578125 0.310546875 0.033203125 0.033203125
0 0.40625 0.3115234375 0.033203125 0.033203125
0 0.462890625 0.3115234375 0.033203125 0.033203125
0 0.013671875 0.3193359375 0.02734375 0.033203125
0 0.138671875 0.345703125 0.033203125 0.033203125
0 0.048828125 0.3623046875 0.033203125 0.033203125
0 0.5595703125 0.376953125 0.033203125 0.033203125
0 0.142578125 0.3798828125 0.033203125 0.033203125
0 0.017578125 0.396484375 0.033203125 0.033203125
0 0.1416015625 0.416015625 0.033203125 0.033203125
0 0.0185546875 0.423828125 0.033203125 0.033203125
0 0.017578125 0.4580078125 0.033203125 0.033203125
0 0.138671875 0.486328125 0.033203125 0.033203125
0 0.94140625 0.5068359375 0.033203125 0.033203125
0 0.138671875 0.560546875 0.033203125 0.033203125
0 0.1376953125 0.61328125 0.033203125 0.033203125
0 0.7587890625 0.615234375 0.033203125 0.033203125
0 0.1376953125 0.630859375 0.033203125 0.033203125
0 0.4052734375 0.7294921875 0.033203125 0.033203125
0 0.3466796875 0.9189453125 0.033203125 0.033203125