0 0.4228515625 0.0078125 0.033203125 0.015625
0 0.3173828125 0.00830078125 0.033203125 0.0166015625
0 0.6572265625 0.00830078125 0.033203125 0.0166015625
0 0.6416015625 0.009765625 0.033203125 0.01953125
0 0.9013671875 0.0185546875 0.033203125 0.033203125
0 0.1201171875 0.025390625 0.033203125 0.033203125
0 0.1171875 0.0439453125 0.033203125 0.033203125
0 0.115234375 0.060546875 0.033203125 0.033203125
0 0.3154296875 0.0673828125 0.033203125 0.033203125
0 0.353515625 0.068359375 0.033203125 0.033203125
0 0.7314453125 0.068359375 0.033203125 0.033203125
0 0.9013671875 0.068359375 0.033203125 0.033203125
0 0.2802734375 0.0693359375 0.033203125 0.033203125
0 0.296875 0.0703125 0.033203125 0.033203125
0 0.38671875 0.0712890625 0.033203125 0.033203125
0 0.244140625 0.072265625 0.033203125 0.033203125
0 0.369140625 0.0732421875 0.033203125 0.033203125
0 0.40625 0.0732421875 0.033203125 0.033203125
0 0.4228515625 0.0732421875 0.033203125 0.033203125
0 0.44140625 0.078125 0.033203125 0.033203125
0 0.115234375 0.0791015625 0.033203125 0.033203125
0 0.458984375 0.0810546875 0.033203125 0.033203125
0 0.4765625 0.0810546875 0.033203125 0.033203125
0 0.49609375 0.0830078125 0.033203125 0.033203125
0 0.515625 0.083984375 0.033203125 0.033203125
0 0.5810546875 0.083984375 0.033203125 0.033203125
0 0.6591796875 0.083984375 0.033203125 0.033203125
0 0.56640625 0.0849609375 0.033203125 0.033203125
0 0.6015625 0.0859375 0.033203125 0.033203125
0 0.619140625 0.0859375 0.033203125 0.033203125
0 0.7314453125 0.0859375 0.033203125 0.033203125
0 0.63671875 0.0869140625 0.033203125 0.033203125
0 0.548828125 0.087890625 0.033203125 0.033203125
0 0.333984375 0.099609375 0.033203125 0.033203125
0 0.224609375 0.1015625 0.033203125 0.033203125
0 0.3515625 0.1015625 0.033203125 0.033203125
0 0.2978515625 0.1025390625 0.033203125 0.033203125
0 0.2646484375 0.103515625 0.033203125 0.033203125
0 0.2802734375 0.103515625 0.033203125 0.033203125
0 0.73828125 0.103515625 0.033203125 0.033203125
0 0.38671875 0.107421875 0.033203125 0.033203125
0 0.4228515625 0.107421875 0.033203125 0.033203125
0 0.404296875 0.1083984375 0.033203125 0.033203125
0 0.4404296875 0.109375 0.033203125 0.033203125
0 0.458984375 0.11328125 0.033203125 0.033203125
0 0.4765625 0.11328125 0.033203125 0.033203125
0 0.6025390625 0.1162109375 0.033203125 0.033203125
0 0.65625 0.1171875 0.033203125 0.033203125
0 0.494140625 0.1181640625 0.033203125 0.033203125
0 0.6376953125 0.1181640625 0.033203125 0.033203125
0 0.513671875 0.119140625 0.033203125 0.033203125
0 0.5830078125 0.119140625 0.033203125 0.033203125
0 0.56640625 0.1201171875 0.033203125 0.033203125
0 0.62109375 0.12109375 0.033203125 0.033203125
0 0.109375 0.1220703125 0.033203125 0.033203125
0 0.5302734375 0.1220703125 0.033203125 0.033203125
0 0.546875 0.1220703125 0.033203125 0.033203125
0 0.734375 0.1220703125 0.033203125 0.033203125
0 0.107421875 0.140625 0.033203125 0.033203125
0 0.7333984375 0.140625 0.033203125 0.033203125
0 0.111328125 0.158203125 0.033203125 0.033203125
0 0.736328125 0.158203125 0.033203125 0.033203125
0 0.2607421875 0.166015625 0.033203125 0.033203125
0 0.21875 0.16796875 0.033203125 0.033203125
0 0.109375 0.1748046875 0.033203125 0.033203125
0 0.736328125 0.1748046875 0.033203125 0.033203125
0 0.736328125 0.19140625 0.033203125 0.033203125
0 0.4580078125 0.1982421875 0.033203125 0.033203125
0 0.90234375 0.201171875 0.033203125 0.033203125
0 0.5810546875 0.203125 0.033203125 0.033203125
0 0.1103515625 0.2041015625 0.033203125 0.033203125
0 0.5107421875 0.2041015625 0.033203125 0.033203125
0 0.6015625 0.2041015625 0.033203125 0.033203125
0 0.529296875 0.205078125 0.033203125 0.033203125
0 0.564453125 0.205078125 0.033203125 0.033203125
0 0.62109375 0.205078125 0.033203125 0.033203125
0 0.654296875 0.205078125 0.033203125 0.033203125
0 0.546875 0.2060546875 0.033203125 0.033203125
0 0.638671875 0.2060546875 0.033203125 0.033203125
0 0.7314453125 0.2080078125 0.033203125 0.033203125
0 0.90234375 0.224609375 0.033203125 0.033203125
0 0.732421875 0.2294921875 0.033203125 0.033203125
0 0.455078125 0.2373046875 0.033203125 0.033203125
0 0.513671875 0.23828125 0.033203125 0.033203125
0 0.5302734375 0.2412109375 0.033203125 0.033203125
0 0.546875 0.2412109375 0.033203125 0.033203125
0 0.6533203125 0.2421875 0.033203125 0.033203125
0 0.5830078125 0.2431640625 0.033203125 0.033203125
0 0.6005859375 0.24609375 0.033203125 0.033203125
0 0.6171875 0.24609375 0.033203125 0.033203125
0 0.734375 0.2470703125 0.033203125 0.033203125
0 0.2158203125 0.2587890625 0.033203125 0.033203125
0 0.45703125 0.2734375 0.033203125 0.033203125
0 0.490234375 0.3134765625 0.033203125 0.033203125
0 0.5068359375 0.3134765625 0.033203125 0.033203125
0 0.21875 0.314453125 0.033203125 0.033203125
0 0.6884765625 0.3232421875 0.033203125 0.033203125
0 0.5810546875 0.32421875 0.033203125 0.033203125
0 0.5986328125 0.328125 0.033203125 0.033203125
0 0.0087890625 0.3408203125 0.017578125 0.033203125
0 0.138671875 0.345703125 0.033203125 0.033203125
0 0.2177734375 0.3486328125 0.033203125 0.033203125
0 0.00830078125 0.3583984375 0.0166015625 0.033203125
0 0.2177734375 0.365234375 0.033203125 0.033203125
0 0.01025390625 0.3759765625 0.0205078125 0.033203125
0 0.107421875 0.3828125 0.033203125 0.033203125
0 0.01025390625 0.3935546875 0.0205078125 0.033203125
0 0.107421875 0.400390625 0.033203125 0.033203125
0 0.00830078125 0.408203125 0.0166015625 0.033203125
0 0.1064453125 0.419921875 0.033203125 0.033203125
0 0.2158203125 0.4208984375 0.033203125 0.033203125
0 0.2158203125 0.4384765625 0.033203125 0.033203125
0 0.1005859375 0.4462890625 0.033203125 0.033203125
0 0.216796875 0.47265625 0.033203125 0.033203125
0 0.0439453125 0.546875 0.033203125 0.033203125
0 0.01220703125 0.564453125 0.0244140625 0.033203125
0 0.1083984375 0.564453125 0.033203125 0.033203125
0 0.1484375 0.5654296875 0.033203125 0.033203125
0 0.3623046875 0.56640625 0.033203125 0.033203125
0 0.4609375 0.56640625 0.033203125 0.033203125
0 0.1943359375 0.5673828125 0.033203125 0.033203125
0 0.5029296875 0.568359375 0.033203125 0.033203125
0 0.41015625 0.5703125 0.033203125 0.033203125
0 0.685546875 0.6640625 0.033203125 0.033203125
0 0.724609375 0.6884765625 0.033203125 0.033203125
0 0.662109375 0.689453125 0.033203125 0.033203125
0 0.015625 0.7060546875 0.03125 0.033203125
0 0.115234375 0.70703125 0.033203125 0.033203125
0 0.048828125 0.7099609375 0.033203125 0.033203125
0 0.2626953125 0.7099609375 0.033203125 0.033203125
0 0.3037109375 0.7119140625 0.033203125 0.033203125
0 0.353515625 0.7119140625 0.033203125 0.033203125
0 0.38671875 0.7119140625 0.033203125 0.033203125
0 0.6376953125 0.787109375 0.033203125 0.033203125
0 0.9501953125 0.8271484375 0.033203125 0.033203125
0 0.82421875 0.84375 0.033203125 0.033203125
0 0.8232421875 0.875 0.033203125 0.033203125
0 0.63671875 0.8955078125 0.033203125 0.033203125
0 0.8232421875 0.908203125 0.033203125 0.033203125
0 0.8232421875 0.9404296875 0.033203125 0.033203125
0 0.951171875 0.94921875 0.033203125 0.033203125
0 0.822265625 0.9794921875 0.033203125 0.033203125
0 0.953125 0.9794921875 0.033203125 0.033203125
0 0.31640625 0.9814453125 0.033203125 0.033203125
0 0.513671875 0.9814453125 0.033203125 0.033203125
0 0.2822265625 0.9833984375 0.033203125 0.033203125
0 0.3349609375 0.9833984375 0.033203125 0.033203125
0 0.298828125 0.98388671875 0.033203125 0.0322265625
0 0.6044921875 0.984375 0.033203125 0.03125
0 0.5498046875 0.98876953125 0.033203125 0.0224609375
0 0.5107421875 0.9892578125 0.033203125 0.021484375