0 0.3125 0.029296875 0.033203125 0.033203125
0 0.064453125 0.142578125 0.033203125 0.033203125
0 0.162109375 0.14453125 0.033203125 0.033203125
0 0.537109375 0.1533203125 0.033203125 0.033203125
0 0.6259765625 0.2412109375 0.033203125 0.033203125
0 0.53125 0.2421875 0.033203125 0.033203125
0 0.6669921875 0.2421875 0.033203125 0.033203125
0 0.21875 0.2431640625 0.033203125 0.033203125
0 0.7060546875 0.2431640625 0.033203125 0.033203125
0 0.7412109375 0.2431640625 0.033203125 0.033203125
0 0.859375 0.24609375 0.033203125 0.033203125
0 0.9345703125 0.24609375 0.033203125 0.033203125
0 0.9326171875 0.3212890625 0.033203125 0.033203125
0 0.7734375 0.341796875 0.033203125 0.033203125
0 0.6142578125 0.447265625 0.033203125 0.033203125
0 0.0166015625 0.4560546875 0.033203125 0.033203125
0 0.00927734375 0.45703125 0.0185546875 0.033203125
0 0.6357421875 0.5 0.033203125 0.033203125
0 0.599609375 0.5009765625 0.033203125 0.033203125
0 0.2197265625 0.552734375 0.033203125 0.033203125
0 0.0986328125 0.5615234375 0.033203125 0.033203125
0 0.0673828125 0.5634765625 0.033203125 0.033203125
0 0.1748046875 0.5634765625 0.033203125 0.033203125
0 0.595703125 0.5869140625 0.033203125 0.033203125
0 0.3173828125 0.587890625 0.033203125 0.033203125
0 0.7958984375 0.630859375 0.033203125 0.033203125
0 0.8134765625 0.630859375 0.033203125 0.033203125
0 0.779296875 0.6318359375 0.033203125 0.033203125
0 0.5966796875 0.63671875 0.033203125 0.033203125
0 0.099609375 0.650390625 0.033203125 0.033203125
0 0.3154296875 0.66015625 0.033203125 0.033203125
0 0.03515625 0.6611328125 0.033203125 0.033203125
0 0.3154296875 0.7001953125 0.033203125 0.033203125
0 0.6875 0.7119140625 0.033203125 0.033203125
0 0.6689453125 0.716796875 0.033203125 0.033203125
0 0.5791015625 0.7177734375 0.033203125 0.033203125
0 0.31640625 0.7373046875 0.033203125 0.033203125
0 0.3154296875 0.7685546875 0.033203125 0.033203125
0 0.3134765625 0.8359375 0.033203125 0.033203125
0 0.3134765625 0.873046875 0.033203125 0.033203125
0 0.3125 0.9853515625 0.033203125 0.029296875