0 0.2080078125 0.1904296875 0.033203125 0.033203125
0 0.1494140625 0.2431640625 0.033203125 0.033203125
0 0.169921875 0.2470703125 0.033203125 0.033203125
0 0.2021484375 0.248046875 0.033203125 0.033203125
0 0.2216796875 0.248046875 0.033203125 0.033203125
0 0.185546875 0.2490234375 0.033203125 0.033203125
0 0.2421875 0.2529296875 0.033203125 0.033203125
0 0.419921875 0.25390625 0.033203125 0.033203125
0 0.431640625 0.2822265625 0.033203125 0.033203125
0 0.2919921875 0.30078125 0.033203125 0.033203125
0 0.3662109375 0.3037109375 0.033203125 0.033203125
0 0.3486328125 0.3046875 0.033203125 0.033203125
0 0.3271484375 0.3056640625 0.033203125 0.033203125
0 0.4443359375 0.310546875 0.033203125 0.033203125
0 0.2294921875 0.341796875 0.033203125 0.033203125
0 0.015625 0.3427734375 0.03125 0.033203125
0 0.13671875 0.34375 0.033203125 0.033203125
0 0.1748046875 0.3447265625 0.033203125 0.033203125
0 0.1552734375 0.345703125 0.033203125 0.033203125
0 0.15625 0.345703125 0.033203125 0.033203125
0 0.533203125 0.4501953125 0.033203125 0.033203125
0 0.494140625 0.4599609375 0.033203125 0.033203125
0 0.5224609375 0.48828125 0.033203125 0.033203125
0 0.01171875 0.4892578125 0.0234375 0.033203125
0 0.185546875 0.4931640625 0.033203125 0.033203125
0 0.0244140625 0.4951171875 0.033203125 0.033203125
0 0.04296875 0.505859375 0.033203125 0.033203125
0 0.6357421875 0.5419921875 0.033203125 0.033203125
0 0.6220703125 0.5537109375 0.033203125 0.033203125
0 0.60546875 0.5634765625 0.033203125 0.033203125
0 0.5927734375 0.576171875 0.033203125 0.033203125
0 0.578125 0.5888671875 0.033203125 0.033203125
0 0.6708984375 0.58984375 0.033203125 0.033203125
0 0.658203125 0.599609375 0.033203125 0.033203125
0 0.5634765625 0.6015625 0.033203125 0.033203125
0 0.640625 0.609375 0.033203125 0.033203125
0 0.548828125 0.6123046875 0.033203125 0.033203125
0 0.5322265625 0.6201171875 0.033203125 0.033203125
0 0.6259765625 0.6201171875 0.033203125 0.033203125
0 0.701171875 0.62890625 0.033203125 0.033203125
0 0.6103515625 0.6328125 0.033203125 0.033203125
0 0.5234375 0.6376953125 0.033203125 0.033203125
0 0.6845703125 0.642578125 0.033203125 0.033203125
0 0.5947265625 0.6455078125 0.033203125 0.033203125
0 0.578125 0.65234375 0.033203125 0.033203125
0 0.66796875 0.65234375 0.033203125 0.033203125
0 0.5634765625 0.662109375 0.033203125 0.033203125
0 0.6533203125 0.6640625 0.033203125 0.033203125
0 0.5498046875 0.673828125 0.033203125 0.033203125
0 0.638671875 0.6748046875 0.033203125 0.033203125
0 0.7109375 0.6787109375 0.033203125 0.033203125
0 0.4609375 0.68359375 0.033203125 0.033203125
0 0.623046875 0.6865234375 0.033203125 0.033203125
0 0.6953125 0.689453125 0.033203125 0.033203125
0 0.4482421875 0.6923828125 0.033203125 0.033203125
0 0.6044921875 0.6943359375 0.033203125 0.033203125
0 0.2685546875 0.697265625 0.033203125 0.033203125
0 0.30078125 0.69921875 0.033203125 0.033203125
0 0.6787109375 0.69921875 0.033203125 0.033203125
0 0.7548828125 0.705078125 0.033203125 0.033203125
0 0.6630859375 0.7080078125 0.033203125 0.033203125
0 0.59375 0.708984375 0.033203125 0.033203125
0 0.7392578125 0.7158203125 0.033203125 0.033203125
0 0.57421875 0.716796875 0.033203125 0.033203125
0 0.234375 0.7177734375 0.033203125 0.033203125
0 0.6484375 0.7197265625 0.033203125 0.033203125
0 0.4853515625 0.72265625 0.033203125 0.033203125
0 0.72265625 0.7255859375 0.033203125 0.033203125
0 0.3193359375 0.728515625 0.033203125 0.033203125
0 0.630859375 0.7294921875 0.033203125 0.033203125
0 0.46875 0.7314453125 0.033203125 0.033203125
0 0.708984375 0.736328125 0.033203125 0.033203125
0 0.6162109375 0.740234375 0.033203125 0.033203125
0 0.455078125 0.7421875 0.033203125 0.033203125
0 0.693359375 0.7451171875 0.033203125 0.033203125
0 0.3115234375 0.748046875 0.033203125 0.033203125
0 0.5966796875 0.7490234375 0.033203125 0.033203125
0 0.78125 0.7490234375 0.033203125 0.033203125
0 0.5068359375 0.7529296875 0.033203125 0.033203125
0 0.6767578125 0.7568359375 0.033203125 0.033203125
0 0.7705078125 0.7568359375 0.033203125 0.033203125
0 0.4931640625 0.76171875 0.033203125 0.033203125
0 0.6630859375 0.7646484375 0.033203125 0.033203125
0 0.75390625 0.767578125 0.033203125 0.033203125
0 0.4775390625 0.771484375 0.033203125 0.033203125
0 0.7412109375 0.7763671875 0.033203125 0.033203125
0 0.6484375 0.7783203125 0.033203125 0.033203125
0 0.4638671875 0.7802734375 0.033203125 0.033203125
0 0.8134765625 0.7841796875 0.033203125 0.033203125
0 0.6318359375 0.7890625 0.033203125 0.033203125
0 0.724609375 0.7890625 0.033203125 0.033203125
0 0.44921875 0.791015625 0.033203125 0.033203125
0 0.794921875 0.791015625 0.033203125 0.033203125
0 0.533203125 0.79296875 0.033203125 0.033203125
0 0.7060546875 0.7998046875 0.033203125 0.033203125
0 0.78125 0.7998046875 0.033203125 0.033203125
0 0.330078125 0.8017578125 0.033203125 0.033203125
0 0.5185546875 0.802734375 0.033203125 0.033203125
0 0.767578125 0.8115234375 0.033203125 0.033203125
0 0.5048828125 0.8125 0.033203125 0.033203125
0 0.6884765625 0.8125 0.033203125 0.033203125
0 0.5517578125 0.8193359375 0.033203125 0.033203125
0 0.751953125 0.8203125 0.033203125 0.033203125
0 0.4921875 0.8212890625 0.033203125 0.033203125
0 0.671875 0.8212890625 0.033203125 0.033203125
0 0.841796875 0.8212890625 0.033203125 0.033203125
0 0.326171875 0.82421875 0.033203125 0.033203125
0 0.5380859375 0.828125 0.033203125 0.033203125
0 0.4794921875 0.8291015625 0.033203125 0.033203125
0 0.658203125 0.83203125 0.033203125 0.033203125
0 0.826171875 0.83203125 0.033203125 0.033203125
0 0.740234375 0.8349609375 0.033203125 0.033203125
0 0.4609375 0.8369140625 0.033203125 0.033203125
0 0.5234375 0.8369140625 0.033203125 0.033203125
0 0.72265625 0.841796875 0.033203125 0.033203125
0 0.8115234375 0.841796875 0.033203125 0.033203125
0 0.5107421875 0.8466796875 0.033203125 0.033203125
0 0.7080078125 0.8515625 0.033203125 0.033203125
0 0.7958984375 0.8525390625 0.033203125 0.033203125
0 0.5771484375 0.8544921875 0.033203125 0.033203125
0 0.4951171875 0.8564453125 0.033203125 0.033203125
0 0.8681640625 0.857421875 0.033203125 0.033203125
0 0.7783203125 0.8623046875 0.033203125 0.033203125
0 0.5615234375 0.86328125 0.033203125 0.033203125
0 0.693359375 0.86328125 0.033203125 0.033203125
0 0.482421875 0.865234375 0.033203125 0.033203125
0 0.548828125 0.8701171875 0.033203125 0.033203125
0 0.853515625 0.8701171875 0.033203125 0.033203125
0 0.681640625 0.873046875 0.033203125 0.033203125
0 0.767578125 0.873046875 0.033203125 0.033203125
0 0.466796875 0.8740234375 0.033203125 0.033203125
0 0.8369140625 0.876953125 0.033203125 0.033203125
0 0.4541015625 0.8818359375 0.033203125 0.033203125
0 0.533203125 0.8818359375 0.033203125 0.033203125
0 0.7529296875 0.8828125 0.033203125 0.033203125
0 0.6005859375 0.8837890625 0.033203125 0.033203125
0 0.826171875 0.8857421875 0.033203125 0.033203125
0 0.5185546875 0.8896484375 0.033203125 0.033203125
0 0.583984375 0.8916015625 0.033203125 0.033203125
0 0.734375 0.892578125 0.033203125 0.033203125
0 0.80859375 0.8974609375 0.033203125 0.033203125
0 0.896484375 0.8974609375 0.033203125 0.033203125
0 0.5068359375 0.8994140625 0.033203125 0.033203125
0 0.572265625 0.900390625 0.033203125 0.033203125
0 0.7197265625 0.904296875 0.033203125 0.033203125
0 0.4951171875 0.908203125 0.033203125 0.033203125
0 0.79296875 0.908203125 0.033203125 0.033203125
0 0.8828125 0.9091796875 0.033203125 0.033203125
0 0.5595703125 0.912109375 0.033203125 0.033203125
0 0.701171875 0.912109375 0.033203125 0.033203125
0 0.4873046875 0.9169921875 0.033203125 0.033203125
0 0.8671875 0.919921875 0.033203125 0.033203125
0 0.5478515625 0.921875 0.033203125 0.033203125
0 0.775390625 0.92578125 0.033203125 0.033203125
0 0.466796875 0.927734375 0.033203125 0.033203125
0 0.8525390625 0.9287109375 0.033203125 0.033203125
0 0.533203125 0.9306640625 0.033203125 0.033203125
0 0.6123046875 0.9326171875 0.033203125 0.033203125
0 0.7578125 0.93359375 0.033203125 0.033203125
0 0.9267578125 0.9345703125 0.033203125 0.033203125
0 0.5205078125 0.9404296875 0.033203125 0.033203125
0 0.744140625 0.9423828125 0.033203125 0.033203125
0 0.837890625 0.9423828125 0.033203125 0.033203125
0 0.599609375 0.9443359375 0.033203125 0.033203125
0 0.9111328125 0.9453125 0.033203125 0.033203125
0 0.505859375 0.9501953125 0.033203125 0.033203125
0 0.8232421875 0.9501953125 0.033203125 0.033203125
0 0.7294921875 0.951171875 0.033203125 0.033203125
0 0.4189453125 0.9521484375 0.033203125 0.033203125
0 0.5849609375 0.953125 0.033203125 0.033203125
0 0.8935546875 0.9560546875 0.033203125 0.033203125
0 0.4931640625 0.9580078125 0.033203125 0.033203125
0 0.80859375 0.958984375 0.033203125 0.033203125
0 0.5712890625 0.9609375 0.033203125 0.033203125
0 0.6396484375 0.9638671875 0.033203125 0.033203125
0 0.87890625 0.9638671875 0.033203125 0.033203125
0 0.4814453125 0.96875 0.033203125 0.033203125
0 0.5556640625 0.96875 0.033203125 0.033203125
0 0.79296875 0.970703125 0.033203125 0.033203125
0 0.6220703125 0.97265625 0.033203125 0.033203125
0 0.955078125 0.9755859375 0.033203125 0.033203125
0 0.8642578125 0.9765625 0.033203125 0.033203125
0 0.470703125 0.9775390625 0.033203125 0.033203125
0 0.54296875 0.978515625 0.033203125 0.033203125
0 0.7783203125 0.98046875 0.033203125 0.033203125
0 0.3896484375 0.982421875 0.033203125 0.033203125
0 0.609375 0.9833984375 0.033203125 0.033203125
0 0.3271484375 0.984375 0.033203125 0.03125
0 0.9404296875 0.984375 0.033203125 0.03125
0 0.4560546875 0.9853515625 0.033203125 0.029296875
0 0.7607421875 0.9853515625 0.033203125 0.029296875
0 0.8466796875 0.9853515625 0.033203125 0.029296875
0 0.5302734375 0.98583984375 0.033203125 0.0283203125
0 0.59765625 0.98779296875 0.033203125 0.0244140625
0 0.9208984375 0.98876953125 0.033203125 0.0224609375
0 0.833984375 0.98974609375 0.033203125 0.0205078125