0 0.53125 0.0078125 0.033203125 0.015625
0 0.6064453125 0.0166015625 0.033203125 0.033203125
0 0.46484375 0.02734375 0.033203125 0.033203125
0 0.212890625 0.0283203125 0.033203125 0.033203125
0 0.4462890625 0.029296875 0.033203125 0.033203125
0 0.61328125 0.0302734375 0.033203125 0.033203125
0 0.5224609375 0.0380859375 0.033203125 0.033203125
0 0.6123046875 0.04296875 0.033203125 0.033203125
0 0.6826171875 0.048828125 0.033203125 0.033203125
0 0.6435546875 0.0517578125 0.033203125 0.033203125
0 0.64453125 0.0517578125 0.033203125 0.033203125
0 0.1875 0.056640625 0.033203125 0.033203125
0 0.6103515625 0.05859375 0.033203125 0.033203125
0 0.2099609375 0.068359375 0.033203125 0.033203125
0 0.96484375 0.0908203125 0.033203125 0.033203125
0 0.1416015625 0.091796875 0.033203125 0.033203125
0 0.208984375 0.109375 0.033203125 0.033203125
0 0.302734375 0.12109375 0.033203125 0.033203125
0 0.3271484375 0.12109375 0.033203125 0.033203125
0 0.3671875 0.12109375 0.033203125 0.033203125
0 0.263671875 0.125 0.033203125 0.033203125
0 0.142578125 0.1337890625 0.033203125 0.033203125
0 0.14453125 0.169921875 0.033203125 0.033203125
0 0.91015625 0.169921875 0.033203125 0.033203125
0 0.2099609375 0.2021484375 0.033203125 0.033203125
0 0.1640625 0.2216796875 0.033203125 0.033203125
0 0.7646484375 0.2900390625 0.033203125 0.033203125
0 0.5673828125 0.34765625 0.033203125 0.033203125
0 0.6884765625 0.3486328125 0.033203125 0.033203125
0 0.6494140625 0.349609375 0.033203125 0.033203125
0 0.728515625 0.349609375 0.033203125 0.033203125
0 0.80859375 0.349609375 0.033203125 0.033203125
0 0.6962890625 0.3779296875 0.033203125 0.033203125
0 0.0380859375 0.3818359375 0.033203125 0.033203125
0 0.92578125 0.384765625 0.033203125 0.033203125
0 0.279296875 0.4091796875 0.033203125 0.033203125
0 0.4296875 0.41015625 0.033203125 0.033203125
0 0.537109375 0.41015625 0.033203125 0.033203125
0 0.4951171875 0.412109375 0.033203125 0.033203125
0 0.6103515625 0.412109375 0.033203125 0.033203125
0 0.642578125 0.4130859375 0.033203125 0.033203125
0 0.7705078125 0.4150390625 0.033203125 0.033203125
0 0.837890625 0.4150390625 0.033203125 0.033203125
0 0.8046875 0.416015625 0.033203125 0.033203125
0 0.6953125 0.5078125 0.033203125 0.033203125
0 0.9609375 0.53515625 0.033203125 0.033203125
0 0.2080078125 0.5400390625 0.033203125 0.033203125
0 0.20703125 0.5712890625 0.033203125 0.033203125
0 0.2041015625 0.6591796875 0.033203125 0.033203125
0 0.9609375 0.6748046875 0.033203125 0.033203125
0 0.34375 0.689453125 0.033203125 0.033203125
0 0.3095703125 0.693359375 0.033203125 0.033203125
0 0.2001953125 0.7646484375 0.033203125 0.033203125
0 0.9599609375 0.794921875 0.033203125 0.033203125
0 0.439453125 0.8212890625 0.033203125 0.033203125
0 0.2021484375 0.8837890625 0.033203125 0.033203125
0 0.880859375 0.9345703125 0.033203125 0.033203125
0 0.1357421875 0.9365234375 0.033203125 0.033203125
0 0.763671875 0.978515625 0.033203125 0.033203125