0 0.5986328125 0.00830078125 0.033203125 0.0166015625
0 0.6845703125 0.015625 0.033203125 0.03125
0 0.6005859375 0.046875 0.033203125 0.033203125
0 0.96875 0.0556640625 0.033203125 0.033203125
0 0.59765625 0.0849609375 0.033203125 0.033203125
0 0.685546875 0.1357421875 0.033203125 0.033203125
0 0.62890625 0.1826171875 0.033203125 0.033203125
0 0.267578125 0.3642578125 0.033203125 0.033203125
0 0.0078125 0.365234375 0.015625 0.033203125
0 0.0283203125 0.365234375 0.033203125 0.033203125
0 0.5439453125 0.42578125 0.033203125 0.033203125
0 0.0712890625 0.4267578125 0.033203125 0.033203125
0 0.1962890625 0.427734375 0.033203125 0.033203125
0 0.15625 0.4287109375 0.033203125 0.033203125
0 0.1572265625 0.4287109375 0.033203125 0.033203125
0 0.275390625 0.4326171875 0.033203125 0.033203125
0 0.115234375 0.4892578125 0.033203125 0.033203125
0 0.923828125 0.4912109375 0.033203125 0.033203125
0 0.318359375 0.49609375 0.033203125 0.033203125
0 0.5966796875 0.578125 0.033203125 0.033203125
0 0.18359375 0.6044921875 0.033203125 0.033203125
0 0.91015625 0.625 0.033203125 0.033203125
0 0.6796875 0.6728515625 0.033203125 0.033203125
0 0.1650390625 0.689453125 0.033203125 0.033203125
0 0.330078125 0.69140625 0.033203125 0.033203125
0 0.6796875 0.7666015625 0.033203125 0.033203125
0 0.30859375 0.771484375 0.033203125 0.033203125
0 0.34765625 0.7724609375 0.033203125 0.033203125
0 0.3671875 0.7734375 0.033203125 0.033203125
0 0.287109375 0.775390625 0.033203125 0.033203125
0 0.9658203125 0.7841796875 0.033203125 0.033203125
0 0.3427734375 0.828125 0.033203125 0.033203125
0 0.255859375 0.8310546875 0.033203125 0.033203125
0 0.3369140625 0.8447265625 0.033203125 0.033203125
0 0.255859375 0.8662109375 0.033203125 0.033203125
0 0.6787109375 0.87109375 0.033203125 0.033203125
0 0.896484375 0.8740234375 0.033203125 0.033203125
0 0.8974609375 0.8740234375 0.033203125 0.033203125
0 0.2529296875 0.8828125 0.033203125 0.033203125
0 0.259765625 0.9365234375 0.033203125 0.033203125
0 0.259765625 0.953125 0.033203125 0.033203125
0 0.62109375 0.9658203125 0.033203125 0.033203125
0 0.6767578125 0.9736328125 0.033203125 0.033203125
0 0.4091796875 0.9794921875 0.033203125 0.033203125
0 0.3720703125 0.9814453125 0.033203125 0.033203125
0 0.3720703125 0.982421875 0.033203125 0.033203125