0 0.3349609375 0.103515625 0.033203125 0.033203125
0 0.3330078125 0.1435546875 0.033203125 0.033203125
0 0.3330078125 0.185546875 0.033203125 0.033203125
0 0.4677734375 0.2216796875 0.033203125 0.033203125
0 0.3330078125 0.23046875 0.033203125 0.033203125
0 0.01416015625 0.265625 0.0283203125 0.033203125
0 0.1328125 0.2666015625 0.033203125 0.033203125
0 0.1767578125 0.267578125 0.033203125 0.033203125
0 0.212890625 0.267578125 0.033203125 0.033203125
0 0.1162109375 0.2685546875 0.033203125 0.033203125
0 0.8388671875 0.32421875 0.033203125 0.033203125
0 0.8671875 0.3251953125 0.033203125 0.033203125
0 0.466796875 0.3271484375 0.033203125 0.033203125
0 0.8701171875 0.3408203125 0.033203125 0.033203125
0 0.9609375 0.341796875 0.033203125 0.033203125
0 0.0693359375 0.3525390625 0.033203125 0.033203125
0 0.123046875 0.3564453125 0.033203125 0.033203125
0 0.1572265625 0.3583984375 0.033203125 0.033203125
0 0.8720703125 0.359375 0.033203125 0.033203125
0 0.990234375 0.3623046875 0.01953125 0.033203125
0 0.9658203125 0.376953125 0.033203125 0.033203125
0 0.4619140625 0.3779296875 0.033203125 0.033203125
0 0.8759765625 0.3798828125 0.033203125 0.033203125
0 0.9609375 0.3935546875 0.033203125 0.033203125
0 0.8701171875 0.3955078125 0.033203125 0.033203125
0 0.96484375 0.412109375 0.033203125 0.033203125
0 0.8701171875 0.4130859375 0.033203125 0.033203125
0 0.8740234375 0.431640625 0.033203125 0.033203125
0 0.962890625 0.431640625 0.033203125 0.033203125
0 0.330078125 0.443359375 0.033203125 0.033203125
0 0.9658203125 0.44921875 0.033203125 0.033203125
0 0.86328125 0.451171875 0.033203125 0.033203125
0 0.958984375 0.4658203125 0.033203125 0.033203125
0 0.8701171875 0.4697265625 0.033203125 0.033203125
0 0.98779296875 0.4697265625 0.0244140625 0.033203125
0 0.3330078125 0.484375 0.033203125 0.033203125
0 0.95703125 0.484375 0.033203125 0.033203125
0 0.9892578125 0.4873046875 0.021484375 0.033203125
0 0.95703125 0.5029296875 0.033203125 0.033203125
0 0.935546875 0.53515625 0.033203125 0.033203125
0 0.955078125 0.537109375 0.033203125 0.033203125
0 0.720703125 0.5556640625 0.033203125 0.033203125
0 0.7412109375 0.5625 0.033203125 0.033203125
0 0.9755859375 0.6201171875 0.033203125 0.033203125
0 0.4404296875 0.677734375 0.033203125 0.033203125
0 0.0859375 0.6943359375 0.033203125 0.033203125
0 0.0888671875 0.7109375 0.033203125 0.033203125
0 0.4599609375 0.7392578125 0.033203125 0.033203125
0 0.330078125 0.7783203125 0.033203125 0.033203125
0 0.328125 0.8408203125 0.033203125 0.033203125
0 0.7607421875 0.84375 0.033203125 0.033203125
0 0.3291015625 0.8740234375 0.033203125 0.033203125
0 0.328125 0.923828125 0.033203125 0.033203125
0 0.3291015625 0.962890625 0.033203125 0.033203125
0 0.45703125 0.986328125 0.033203125 0.02734375