0 0.7265625 0.01025390625 0.033203125 0.0205078125
0 0.951171875 0.01416015625 0.033203125 0.0283203125
0 0.8369140625 0.0146484375 0.033203125 0.029296875
0 0.6513671875 0.017578125 0.033203125 0.033203125
0 0.728515625 0.025390625 0.033203125 0.033203125
0 0.4931640625 0.0283203125 0.033203125 0.033203125
0 0.9521484375 0.029296875 0.033203125 0.033203125
0 0.837890625 0.0322265625 0.033203125 0.033203125
0 0.6533203125 0.0380859375 0.033203125 0.033203125
0 0.119140625 0.0400390625 0.033203125 0.033203125
0 0.15625 0.041015625 0.033203125 0.033203125
0 0.9140625 0.0439453125 0.033203125 0.033203125
0 0.494140625 0.0458984375 0.033203125 0.033203125
0 0.8369140625 0.0498046875 0.033203125 0.033203125
0 0.916015625 0.076171875 0.033203125 0.033203125
0 0.9130859375 0.0966796875 0.033203125 0.033203125
0 0.94921875 0.11328125 0.033203125 0.033203125
0 0.919921875 0.1298828125 0.033203125 0.033203125
0 0.2216796875 0.1494140625 0.033203125 0.033203125
0 0.2802734375 0.15625 0.033203125 0.033203125
0 0.990234375 0.1982421875 0.01953125 0.033203125
0 0.9619140625 0.19921875 0.033203125 0.033203125
0 0.98974609375 0.19921875 0.0205078125 0.033203125
0 0.2763671875 0.2001953125 0.033203125 0.033203125
0 0.9267578125 0.2021484375 0.033203125 0.033203125
0 0.029296875 0.2666015625 0.033203125 0.033203125
0 0.119140625 0.2685546875 0.033203125 0.033203125
0 0.9375 0.2734375 0.033203125 0.033203125
0 0.1591796875 0.2900390625 0.033203125 0.033203125
0 0.541015625 0.2900390625 0.033203125 0.033203125
0 0.6826171875 0.2939453125 0.033203125 0.033203125
0 0.072265625 0.3115234375 0.033203125 0.033203125
0 0.3681640625 0.31640625 0.033203125 0.033203125
0 0.419921875 0.4462890625 0.033203125 0.033203125
0 0.1484375 0.58203125 0.033203125 0.033203125
0 0.1455078125 0.5947265625 0.033203125 0.033203125
0 0.1416015625 0.6123046875 0.033203125 0.033203125
0 0.1328125 0.6279296875 0.033203125 0.033203125
0 0.033203125 0.62890625 0.033203125 0.033203125
0 0.3310546875 0.6318359375 0.033203125 0.033203125
0 0.013671875 0.6416015625 0.02734375 0.033203125
0 0.12109375 0.6484375 0.033203125 0.033203125
0 0.1083984375 0.6611328125 0.033203125 0.033203125
0 0.27734375 0.6728515625 0.033203125 0.033203125
0 0.09765625 0.6748046875 0.033203125 0.033203125
0 0.06640625 0.7001953125 0.033203125 0.033203125
0 0.2548828125 0.734375 0.033203125 0.033203125
0 0.271484375 0.736328125 0.033203125 0.033203125
0 0.9033203125 0.7568359375 0.033203125 0.033203125
0 0.9599609375 0.7568359375 0.033203125 0.033203125
0 0.98876953125 0.7587890625 0.0224609375 0.033203125
0 0.939453125 0.759765625 0.033203125 0.033203125
0 0.7314453125 0.771484375 0.033203125 0.033203125
0 0.7509765625 0.787109375 0.033203125 0.033203125
0 0.7626953125 0.7998046875 0.033203125 0.033203125
0 0.8935546875 0.8125 0.033203125 0.033203125
0 0.7958984375 0.83984375 0.033203125 0.033203125
0 0.7783203125 0.8408203125 0.033203125 0.033203125
0 0.7607421875 0.841796875 0.033203125 0.033203125
0 0.744140625 0.8427734375 0.033203125 0.033203125
0 0.6494140625 0.8486328125 0.033203125 0.033203125
0 0.875 0.849609375 0.033203125 0.033203125
0 0.8525390625 0.8505859375 0.033203125 0.033203125
0 0.94921875 0.8525390625 0.033203125 0.033203125
0 0.1435546875 0.8818359375 0.033203125 0.033203125
0 0.2158203125 0.8837890625 0.033203125 0.033203125
0 0.23046875 0.8837890625 0.033203125 0.033203125
0 0.1982421875 0.884765625 0.033203125 0.033203125
0 0.1611328125 0.8857421875 0.033203125 0.033203125
0 0.25 0.888671875 0.033203125 0.033203125
0 0.1787109375 0.8896484375 0.033203125 0.033203125
0 0.1259765625 0.890625 0.033203125 0.033203125
0 0.2734375 0.9013671875 0.033203125 0.033203125
0 0.8515625 0.9111328125 0.033203125 0.033203125
0 0.9267578125 0.9111328125 0.033203125 0.033203125
0 0.8857421875 0.912109375 0.033203125 0.033203125
0 0.9052734375 0.9140625 0.033203125 0.033203125
0 0.943359375 0.9150390625 0.033203125 0.033203125
0 0.724609375 0.916015625 0.033203125 0.033203125
0 0.7412109375 0.916015625 0.033203125 0.033203125
0 0.759765625 0.916015625 0.033203125 0.033203125
0 0.9619140625 0.916015625 0.033203125 0.033203125
0 0.6181640625 0.9169921875 0.033203125 0.033203125
0 0.65234375 0.9169921875 0.033203125 0.033203125
0 0.6884765625 0.9169921875 0.033203125 0.033203125
0 0.66796875 0.91796875 0.033203125 0.033203125
0 0.978515625 0.91796875 0.033203125 0.033203125
0 0.5986328125 0.9189453125 0.033203125 0.033203125
0 0.708984375 0.9189453125 0.033203125 0.033203125
0 0.85546875 0.9423828125 0.033203125 0.033203125
0 0.650390625 0.951171875 0.033203125 0.033203125
0 0.671875 0.9521484375 0.033203125 0.033203125
0 0.615234375 0.9541015625 0.033203125 0.033203125
0 0.6337890625 0.9541015625 0.033203125 0.033203125
0 0.724609375 0.9541015625 0.033203125 0.033203125
0 0.7431640625 0.9541015625 0.033203125 0.033203125
0 0.70703125 0.9580078125 0.033203125 0.033203125
0 0.85546875 0.9599609375 0.033203125 0.033203125
0 0.181640625 0.962890625 0.033203125 0.033203125
0 0.2294921875 0.966796875 0.033203125 0.033203125
0 0.130859375 0.97265625 0.033203125 0.033203125
0 0.861328125 0.9765625 0.033203125 0.033203125
0 0.859375 0.98876953125 0.033203125 0.0224609375