0 0.955078125 0.00927734375 0.033203125 0.0185546875
0 0.943359375 0.01025390625 0.033203125 0.0205078125
0 0.7578125 0.01611328125 0.033203125 0.0322265625
0 0.798828125 0.01611328125 0.033203125 0.0322265625
0 0.78515625 0.0166015625 0.033203125 0.033203125
0 0.76953125 0.017578125 0.033203125 0.033203125
0 0.9892578125 0.0205078125 0.021484375 0.033203125
0 0.982421875 0.02734375 0.033203125 0.033203125
0 0.9677734375 0.033203125 0.033203125 0.033203125
0 0.9521484375 0.037109375 0.033203125 0.033203125
0 0.8544921875 0.041015625 0.033203125 0.033203125
0 0.8251953125 0.0419921875 0.033203125 0.033203125
0 0.83984375 0.0419921875 0.033203125 0.033203125
0 0.8115234375 0.04296875 0.033203125 0.033203125
0 0.794921875 0.044921875 0.033203125 0.033203125
0 0.7236328125 0.0458984375 0.033203125 0.033203125
0 0.7841796875 0.0458984375 0.033203125 0.033203125
0 0.7548828125 0.046875 0.033203125 0.033203125
0 0.7685546875 0.046875 0.033203125 0.033203125
0 0.7421875 0.0478515625 0.033203125 0.033203125
0 0.98876953125 0.056640625 0.0224609375 0.033203125
0 0.98046875 0.0625 0.033203125 0.033203125
0 0.966796875 0.0693359375 0.033203125 0.033203125
0 0.8095703125 0.072265625 0.033203125 0.033203125
0 0.951171875 0.07421875 0.033203125 0.033203125
0 0.794921875 0.0751953125 0.033203125 0.033203125
0 0.82421875 0.0751953125 0.033203125 0.033203125
0 0.72265625 0.076171875 0.033203125 0.033203125
0 0.7333984375 0.076171875 0.033203125 0.033203125
0 0.7802734375 0.078125 0.033203125 0.033203125
0 0.76953125 0.0791015625 0.033203125 0.033203125
0 0.9375 0.0791015625 0.033203125 0.033203125
0 0.7548828125 0.080078125 0.033203125 0.033203125
0 0.8037109375 0.10546875 0.033203125 0.033203125
0 0.71875 0.1064453125 0.033203125 0.033203125
0 0.818359375 0.1064453125 0.033203125 0.033203125
0 0.7470703125 0.1083984375 0.033203125 0.033203125
0 0.7900390625 0.1083984375 0.033203125 0.033203125
0 0.7333984375 0.1103515625 0.033203125 0.033203125
0 0.7626953125 0.1103515625 0.033203125 0.033203125
0 0.775390625 0.1103515625 0.033203125 0.033203125
0 0.708984375 0.111328125 0.033203125 0.033203125
0 0.98681640625 0.130859375 0.0263671875 0.033203125
0 0.775390625 0.140625 0.033203125 0.033203125
0 0.76171875 0.1435546875 0.033203125 0.033203125
0 0.70703125 0.1484375 0.033203125 0.033203125
0 0.732421875 0.1494140625 0.033203125 0.033203125
0 0.748046875 0.1494140625 0.033203125 0.033203125
0 0.720703125 0.1513671875 0.033203125 0.033203125
0 0.6923828125 0.154296875 0.033203125 0.033203125
0 0.798828125 0.1728515625 0.033203125 0.033203125
0 0.7802734375 0.17578125 0.033203125 0.033203125
0 0.7724609375 0.1787109375 0.033203125 0.033203125
0 0.7412109375 0.1796875 0.033203125 0.033203125
0 0.7568359375 0.1796875 0.033203125 0.033203125
0 0.728515625 0.181640625 0.033203125 0.033203125
0 0.7158203125 0.18359375 0.033203125 0.033203125
0 0.7021484375 0.185546875 0.033203125 0.033203125
0 0.8720703125 0.1865234375 0.033203125 0.033203125
0 0.689453125 0.1884765625 0.033203125 0.033203125
0 0.8623046875 0.1923828125 0.033203125 0.033203125
0 0.84765625 0.1953125 0.033203125 0.033203125
0 0.83203125 0.1982421875 0.033203125 0.033203125
0 0.818359375 0.2021484375 0.033203125 0.033203125
0 0.8017578125 0.2041015625 0.033203125 0.033203125
0 0.7880859375 0.205078125 0.033203125 0.033203125
0 0.7734375 0.208984375 0.033203125 0.033203125
0 0.7607421875 0.2138671875 0.033203125 0.033203125
0 0.74609375 0.2158203125 0.033203125 0.033203125
0 0.890625 0.2158203125 0.033203125 0.033203125
0 0.7314453125 0.2177734375 0.033203125 0.033203125
0 0.7197265625 0.220703125 0.033203125 0.033203125
0 0.87890625 0.220703125 0.033203125 0.033203125
0 0.7060546875 0.2236328125 0.033203125 0.033203125
0 0.865234375 0.224609375 0.033203125 0.033203125
0 0.8525390625 0.2255859375 0.033203125 0.033203125
0 0.693359375 0.2275390625 0.033203125 0.033203125
0 0.8388671875 0.2294921875 0.033203125 0.033203125
0 0.82421875 0.232421875 0.033203125 0.033203125
0 0.8115234375 0.2333984375 0.033203125 0.033203125
0 0.796875 0.23828125 0.033203125 0.033203125
0 0.78515625 0.240234375 0.033203125 0.033203125
0 0.98681640625 0.240234375 0.0263671875 0.033203125
0 0.9716796875 0.2431640625 0.033203125 0.033203125
0 0.7578125 0.24609375 0.033203125 0.033203125
0 0.771484375 0.24609375 0.033203125 0.033203125
0 0.8955078125 0.25 0.033203125 0.033203125
0 0.74609375 0.251953125 0.033203125 0.033203125
0 0.720703125 0.25390625 0.033203125 0.033203125
0 0.7333984375 0.25390625 0.033203125 0.033203125
0 0.880859375 0.25390625 0.033203125 0.033203125
0 0.8662109375 0.2568359375 0.033203125 0.033203125
0 0.849609375 0.2587890625 0.033203125 0.033203125
0 0.6943359375 0.259765625 0.033203125 0.033203125
0 0.708984375 0.259765625 0.033203125 0.033203125
0 0.833984375 0.26171875 0.033203125 0.033203125
0 0.8203125 0.267578125 0.033203125 0.033203125
0 0.80859375 0.26953125 0.033203125 0.033203125
0 0.794921875 0.2724609375 0.033203125 0.033203125
0 0.98974609375 0.2744140625 0.0205078125 0.033203125
0 0.7822265625 0.2763671875 0.033203125 0.033203125
0 0.76953125 0.279296875 0.033203125 0.033203125
0 0.9111328125 0.279296875 0.033203125 0.033203125
0 0.7568359375 0.2822265625 0.033203125 0.033203125
0 0.8955078125 0.283203125 0.033203125 0.033203125
0 0.880859375 0.2841796875 0.033203125 0.033203125
0 0.8671875 0.2880859375 0.033203125 0.033203125
0 0.7431640625 0.2900390625 0.033203125 0.033203125
0 0.8525390625 0.2919921875 0.033203125 0.033203125
0 0.7314453125 0.2939453125 0.033203125 0.033203125
0 0.7177734375 0.2958984375 0.033203125 0.033203125
0 0.705078125 0.296875 0.033203125 0.033203125
0 0.8349609375 0.2978515625 0.033203125 0.033203125
0 0.8203125 0.302734375 0.033203125 0.033203125
0 0.806640625 0.3076171875 0.033203125 0.033203125
0 0.7919921875 0.3125 0.033203125 0.033203125
0 0.77734375 0.3154296875 0.033203125 0.033203125
0 0.90625 0.3154296875 0.033203125 0.033203125
0 0.89453125 0.3193359375 0.033203125 0.033203125
0 0.7646484375 0.3212890625 0.033203125 0.033203125
0 0.87890625 0.3212890625 0.033203125 0.033203125
0 0.7509765625 0.322265625 0.033203125 0.033203125
0 0.861328125 0.3232421875 0.033203125 0.033203125
0 0.7373046875 0.326171875 0.033203125 0.033203125
0 0.8515625 0.328125 0.033203125 0.033203125
0 0.7265625 0.3310546875 0.033203125 0.033203125
0 0.8369140625 0.333984375 0.033203125 0.033203125
0 0.712890625 0.3349609375 0.033203125 0.033203125
0 0.8369140625 0.3349609375 0.033203125 0.033203125
0 0.8203125 0.3388671875 0.033203125 0.033203125
0 0.7998046875 0.3447265625 0.033203125 0.033203125
0 0.9287109375 0.3466796875 0.033203125 0.033203125
0 0.9130859375 0.3486328125 0.033203125 0.033203125
0 0.7822265625 0.3515625 0.033203125 0.033203125
0 0.8974609375 0.3515625 0.033203125 0.033203125
0 0.7685546875 0.3544921875 0.033203125 0.033203125
0 0.7529296875 0.357421875 0.033203125 0.033203125
0 0.8828125 0.357421875 0.033203125 0.033203125
0 0.8662109375 0.361328125 0.033203125 0.033203125
0 0.740234375 0.3623046875 0.033203125 0.033203125
0 0.8515625 0.365234375 0.033203125 0.033203125
0 0.72265625 0.3671875 0.033203125 0.033203125
0 0.83984375 0.3701171875 0.033203125 0.033203125
0 0.826171875 0.3740234375 0.033203125 0.033203125
0 0.8115234375 0.3798828125 0.033203125 0.033203125
0 0.9267578125 0.3798828125 0.033203125 0.033203125
0 0.794921875 0.3818359375 0.033203125 0.033203125
0 0.9130859375 0.3857421875 0.033203125 0.033203125
0 0.783203125 0.388671875 0.033203125 0.033203125
0 0.8955078125 0.388671875 0.033203125 0.033203125
0 0.7705078125 0.3896484375 0.033203125 0.033203125
0 0.8828125 0.390625 0.033203125 0.033203125
0 0.8662109375 0.3955078125 0.033203125 0.033203125
0 0.7548828125 0.3974609375 0.033203125 0.033203125
0 0.8525390625 0.4013671875 0.033203125 0.033203125
0 0.7392578125 0.4033203125 0.033203125 0.033203125
0 0.83984375 0.4052734375 0.033203125 0.033203125
0 0.8232421875 0.4072265625 0.033203125 0.033203125
0 0.8134765625 0.4111328125 0.033203125 0.033203125
0 0.798828125 0.41796875 0.033203125 0.033203125
0 0.78515625 0.4208984375 0.033203125 0.033203125
0 0.7705078125 0.4248046875 0.033203125 0.033203125
0 0.7568359375 0.4287109375 0.033203125 0.033203125
0 0.74609375 0.4365234375 0.033203125 0.033203125
0 0.7958984375 0.4541015625 0.033203125 0.033203125
0 0.7783203125 0.458984375 0.033203125 0.033203125
0 0.763671875 0.46484375 0.033203125 0.033203125
0 0.74609375 0.4697265625 0.033203125 0.033203125
0 0.810546875 0.484375 0.033203125 0.033203125
0 0.890625 0.486328125 0.033203125 0.033203125
0 0.7978515625 0.4892578125 0.033203125 0.033203125
0 0.904296875 0.4892578125 0.033203125 0.033203125
0 0.7861328125 0.494140625 0.033203125 0.033203125
0 0.771484375 0.4970703125 0.033203125 0.033203125
0 0.8759765625 0.4970703125 0.033203125 0.033203125
0 0.7587890625 0.5 0.033203125 0.033203125
0 0.8623046875 0.501953125 0.033203125 0.033203125
0 0.8466796875 0.5068359375 0.033203125 0.033203125
0 0.8330078125 0.5166015625 0.033203125 0.033203125
0 0.923828125 0.51953125 0.033203125 0.033203125
0 0.8173828125 0.525390625 0.033203125 0.033203125
0 0.9052734375 0.52734375 0.033203125 0.033203125
0 0.8916015625 0.5283203125 0.033203125 0.033203125
0 0.8779296875 0.5361328125 0.033203125 0.033203125
0 0.8642578125 0.5390625 0.033203125 0.033203125
0 0.9560546875 0.5439453125 0.033203125 0.033203125
0 0.94140625 0.5517578125 0.033203125 0.033203125
0 0.9248046875 0.5537109375 0.033203125 0.033203125
0 0.91015625 0.55859375 0.033203125 0.033203125
0 0.958984375 0.5810546875 0.033203125 0.033203125
0 0.98779296875 0.59765625 0.0244140625 0.033203125