0 0.0126953125 0.013671875 0.025390625 0.02734375
0 0.1259765625 0.0400390625 0.033203125 0.033203125
0 0.0107421875 0.1162109375 0.021484375 0.033203125
0 0.01123046875 0.1162109375 0.0224609375 0.033203125
0 0.12890625 0.1318359375 0.033203125 0.033203125
0 0.0146484375 0.1337890625 0.029296875 0.033203125
0 0.12109375 0.1484375 0.033203125 0.033203125
0 0.009765625 0.1630859375 0.01953125 0.033203125
0 0.26953125 0.1630859375 0.033203125 0.033203125
0 0.203125 0.1640625 0.033203125 0.033203125
0 0.3349609375 0.1640625 0.033203125 0.033203125
0 0.2275390625 0.1650390625 0.033203125 0.033203125
0 0.25 0.1650390625 0.033203125 0.033203125
0 0.3115234375 0.166015625 0.033203125 0.033203125
0 0.35546875 0.166015625 0.033203125 0.033203125
0 0.18359375 0.1669921875 0.033203125 0.033203125
0 0.2880859375 0.1689453125 0.033203125 0.033203125
0 0.01171875 0.1806640625 0.0234375 0.033203125
0 0.5888671875 0.1845703125 0.033203125 0.033203125
0 0.625 0.1865234375 0.033203125 0.033203125
0 0.1240234375 0.2177734375 0.033203125 0.033203125
0 0.58203125 0.2431640625 0.033203125 0.033203125
0 0.1826171875 0.244140625 0.033203125 0.033203125
0 0.2509765625 0.2470703125 0.033203125 0.033203125
0 0.3369140625 0.2470703125 0.033203125 0.033203125
0 0.357421875 0.2470703125 0.033203125 0.033203125
0 0.2060546875 0.248046875 0.033203125 0.033203125
0 0.2734375 0.248046875 0.033203125 0.033203125
0 0.3134765625 0.2490234375 0.033203125 0.033203125
0 0.37890625 0.2490234375 0.033203125 0.033203125
0 0.0107421875 0.2529296875 0.021484375 0.033203125
0 0.6259765625 0.26171875 0.033203125 0.033203125
0 0.5830078125 0.2626953125 0.033203125 0.033203125
0 0.1240234375 0.26953125 0.033203125 0.033203125
0 0.3740234375 0.2822265625 0.033203125 0.033203125
0 0.58203125 0.2822265625 0.033203125 0.033203125
0 0.2861328125 0.2841796875 0.033203125 0.033203125
0 0.224609375 0.28515625 0.033203125 0.033203125
0 0.30859375 0.28515625 0.033203125 0.033203125
0 0.6181640625 0.28515625 0.033203125 0.033203125
0 0.201171875 0.2861328125 0.033203125 0.033203125
0 0.2470703125 0.2861328125 0.033203125 0.033203125
0 0.3525390625 0.2861328125 0.033203125 0.033203125
0 0.3330078125 0.287109375 0.033203125 0.033203125
0 0.3974609375 0.2880859375 0.033203125 0.033203125
0 0.125 0.2890625 0.033203125 0.033203125
0 0.2685546875 0.2890625 0.033203125 0.033203125
0 0.619140625 0.3046875 0.033203125 0.033203125
0 0.5830078125 0.318359375 0.033203125 0.033203125
0 0.615234375 0.3408203125 0.033203125 0.033203125
0 0.580078125 0.341796875 0.033203125 0.033203125
0 0.615234375 0.341796875 0.033203125 0.033203125
0 0.1240234375 0.359375 0.033203125 0.033203125
0 0.201171875 0.3642578125 0.033203125 0.033203125
0 0.2470703125 0.3642578125 0.033203125 0.033203125
0 0.380859375 0.3642578125 0.033203125 0.033203125
0 0.314453125 0.365234375 0.033203125 0.033203125
0 0.2685546875 0.3662109375 0.033203125 0.033203125
0 0.2900390625 0.3662109375 0.033203125 0.033203125
0 0.314453125 0.3662109375 0.033203125 0.033203125
0 0.3974609375 0.3662109375 0.033203125 0.033203125
0 0.3369140625 0.3681640625 0.033203125 0.033203125
0 0.3564453125 0.369140625 0.033203125 0.033203125
0 0.1962890625 0.3994140625 0.033203125 0.033203125
0 0.2509765625 0.3994140625 0.033203125 0.033203125
0 0.2138671875 0.4052734375 0.033203125 0.033203125
0 0.2734375 0.4296875 0.033203125 0.033203125
0 0.1171875 0.4306640625 0.033203125 0.033203125
0 0.1669921875 0.4306640625 0.033203125 0.033203125
0 0.2744140625 0.447265625 0.033203125 0.033203125
0 0.275390625 0.46484375 0.033203125 0.033203125
0 0.1689453125 0.4658203125 0.033203125 0.033203125
0 0.1669921875 0.4833984375 0.033203125 0.033203125
0 0.00830078125 0.5 0.0166015625 0.033203125
0 0.1669921875 0.501953125 0.033203125 0.033203125
0 0.2724609375 0.50390625 0.033203125 0.033203125
0 0.1220703125 0.51953125 0.033203125 0.033203125
0 0.2734375 0.521484375 0.033203125 0.033203125
0 0.1240234375 0.537109375 0.033203125 0.033203125
0 0.0078125 0.5654296875 0.015625 0.033203125
0 0.169921875 0.5712890625 0.033203125 0.033203125
0 0.1142578125 0.59375 0.033203125 0.033203125