0 0.173828125 0.021484375 0.033203125 0.033203125
0 0.5498046875 0.03515625 0.033203125 0.033203125
0 0.7978515625 0.03515625 0.033203125 0.033203125
0 0.669921875 0.0361328125 0.033203125 0.033203125
0 0.65234375 0.037109375 0.033203125 0.033203125
0 0.7421875 0.0380859375 0.033203125 0.033203125
0 0.7783203125 0.0380859375 0.033203125 0.033203125
0 0.6005859375 0.0390625 0.033203125 0.033203125
0 0.6181640625 0.0400390625 0.033203125 0.033203125
0 0.689453125 0.0400390625 0.033203125 0.033203125
0 0.7060546875 0.0400390625 0.033203125 0.033203125
0 0.7236328125 0.0400390625 0.033203125 0.033203125
0 0.634765625 0.0419921875 0.033203125 0.033203125
0 0.927734375 0.12890625 0.033203125 0.033203125
0 0.7080078125 0.1328125 0.033203125 0.033203125
0 0.6396484375 0.1337890625 0.033203125 0.033203125
0 0.658203125 0.1337890625 0.033203125 0.033203125
0 0.5712890625 0.134765625 0.033203125 0.033203125
0 0.794921875 0.1357421875 0.033203125 0.033203125
0 0.4345703125 0.138671875 0.033203125 0.033203125
0 0.453125 0.140625 0.033203125 0.033203125
0 0.47265625 0.1416015625 0.033203125 0.033203125
0 0.92578125 0.1630859375 0.033203125 0.033203125
0 0.92578125 0.2041015625 0.033203125 0.033203125
0 0.927734375 0.2470703125 0.033203125 0.033203125
0 0.92578125 0.2802734375 0.033203125 0.033203125
0 0.015625 0.28125 0.03125 0.033203125
0 0.03125 0.32421875 0.033203125 0.033203125
0 0.3916015625 0.3271484375 0.033203125 0.033203125
0 0.484375 0.3271484375 0.033203125 0.033203125
0 0.92578125 0.328125 0.033203125 0.033203125
0 0.4267578125 0.4091796875 0.033203125 0.033203125
0 0.4072265625 0.41015625 0.033203125 0.033203125
0 0.029296875 0.4111328125 0.033203125 0.033203125
0 0.4462890625 0.4111328125 0.033203125 0.033203125
0 0.3466796875 0.4130859375 0.033203125 0.033203125
0 0.3642578125 0.4130859375 0.033203125 0.033203125
0 0.380859375 0.4130859375 0.033203125 0.033203125
0 0.0126953125 0.4482421875 0.025390625 0.033203125
0 0.029296875 0.4482421875 0.033203125 0.033203125
0 0.4453125 0.451171875 0.033203125 0.033203125
0 0.9267578125 0.46875 0.033203125 0.033203125
0 0.7734375 0.5224609375 0.033203125 0.033203125
0 0.802734375 0.5224609375 0.033203125 0.033203125
0 0.751953125 0.5244140625 0.033203125 0.033203125
0 0.0126953125 0.5390625 0.025390625 0.033203125
0 0.5732421875 0.541015625 0.033203125 0.033203125
0 0.0283203125 0.54296875 0.033203125 0.033203125
0 0.046875 0.54296875 0.033203125 0.033203125
0 0.01416015625 0.5732421875 0.0283203125 0.033203125
0 0.029296875 0.57421875 0.033203125 0.033203125
0 0.5771484375 0.580078125 0.033203125 0.033203125
0 0.2109375 0.61328125 0.033203125 0.033203125
0 0.552734375 0.61328125 0.033203125 0.033203125
0 0.044921875 0.6650390625 0.033203125 0.033203125
0 0.01220703125 0.666015625 0.0244140625 0.033203125
0 0.0263671875 0.66796875 0.033203125 0.033203125
0 0.58203125 0.703125 0.033203125 0.033203125
0 0.576171875 0.7216796875 0.033203125 0.033203125
0 0.578125 0.7412109375 0.033203125 0.033203125
0 0.212890625 0.7451171875 0.033203125 0.033203125
0 0.8125 0.755859375 0.033203125 0.033203125
0 0.578125 0.7578125 0.033203125 0.033203125
0 0.4365234375 0.974609375 0.033203125 0.033203125
0 0.4345703125 0.9765625 0.033203125 0.033203125
0 0.4365234375 0.9765625 0.033203125 0.033203125