0 0.0244140625 0.0556640625 0.033203125 0.033203125
0 0.0439453125 0.056640625 0.033203125 0.033203125
0 0.0087890625 0.0576171875 0.017578125 0.033203125
0 0.064453125 0.0595703125 0.033203125 0.033203125
0 0.08203125 0.0615234375 0.033203125 0.033203125
0 0.255859375 0.0654296875 0.033203125 0.033203125
0 0.2744140625 0.0654296875 0.033203125 0.033203125
0 0.2958984375 0.0654296875 0.033203125 0.033203125
0 0.2744140625 0.06640625 0.033203125 0.033203125
0 0.1083984375 0.1181640625 0.033203125 0.033203125
0 0.064453125 0.1201171875 0.033203125 0.033203125
0 0.08984375 0.1220703125 0.033203125 0.033203125
0 0.01220703125 0.123046875 0.0244140625 0.033203125
0 0.0439453125 0.123046875 0.033203125 0.033203125
0 0.166015625 0.15234375 0.033203125 0.033203125
0 0.275390625 0.1689453125 0.033203125 0.033203125
0 0.4228515625 0.1875 0.033203125 0.033203125
0 0.4580078125 0.1884765625 0.033203125 0.033203125
0 0.166015625 0.1953125 0.033203125 0.033203125
0 0.490234375 0.1962890625 0.033203125 0.033203125
0 0.4384765625 0.2138671875 0.033203125 0.033203125
0 0.4150390625 0.21484375 0.033203125 0.033203125
0 0.4609375 0.21484375 0.033203125 0.033203125
0 0.5859375 0.2216796875 0.033203125 0.033203125
0 0.515625 0.2236328125 0.033203125 0.033203125
0 0.6015625 0.2265625 0.033203125 0.033203125
0 0.5595703125 0.2294921875 0.033203125 0.033203125
0 0.1650390625 0.232421875 0.033203125 0.033203125
0 0.62109375 0.232421875 0.033203125 0.033203125
0 0.66015625 0.232421875 0.033203125 0.033203125
0 0.6396484375 0.2333984375 0.033203125 0.033203125
0 0.166015625 0.265625 0.033203125 0.033203125
0 0.5 0.2734375 0.033203125 0.033203125
0 0.4345703125 0.2744140625 0.033203125 0.033203125
0 0.4765625 0.2744140625 0.033203125 0.033203125
0 0.681640625 0.27734375 0.033203125 0.033203125
0 0.6064453125 0.2783203125 0.033203125 0.033203125
0 0.4599609375 0.279296875 0.033203125 0.033203125
0 0.5322265625 0.28125 0.033203125 0.033203125
0 0.162109375 0.3056640625 0.033203125 0.033203125
0 0.0947265625 0.32421875 0.033203125 0.033203125
0 0.1630859375 0.341796875 0.033203125 0.033203125
0 0.9208984375 0.34765625 0.033203125 0.033203125
0 0.0322265625 0.349609375 0.033203125 0.033203125
0 0.0986328125 0.353515625 0.033203125 0.033203125
0 0.9267578125 0.3671875 0.033203125 0.033203125
0 0.6181640625 0.369140625 0.033203125 0.033203125
0 0.095703125 0.3837890625 0.033203125 0.033203125
0 0.1640625 0.3837890625 0.033203125 0.033203125
0 0.927734375 0.390625 0.033203125 0.033203125
0 0.70703125 0.40234375 0.033203125 0.033203125
0 0.708984375 0.404296875 0.033203125 0.033203125
0 0.9326171875 0.40625 0.033203125 0.033203125
0 0.9345703125 0.40625 0.033203125 0.033203125
0 0.09375 0.4072265625 0.033203125 0.033203125
0 0.7421875 0.419921875 0.033203125 0.033203125
0 0.83203125 0.419921875 0.033203125 0.033203125
0 0.939453125 0.4306640625 0.033203125 0.033203125
0 0.939453125 0.431640625 0.033203125 0.033203125
0 0.7421875 0.4384765625 0.033203125 0.033203125
0 0.6142578125 0.451171875 0.033203125 0.033203125
0 0.7392578125 0.4521484375 0.033203125 0.033203125
0 0.7021484375 0.4541015625 0.033203125 0.033203125
0 0.8330078125 0.455078125 0.033203125 0.033203125
0 0.740234375 0.47265625 0.033203125 0.033203125
0 0.986328125 0.4765625 0.02734375 0.033203125
0 0.009765625 0.48046875 0.01953125 0.033203125
0 0.0966796875 0.4833984375 0.033203125 0.033203125
0 0.6171875 0.4912109375 0.033203125 0.033203125
0 0.8330078125 0.4912109375 0.033203125 0.033203125
0 0.869140625 0.4921875 0.033203125 0.033203125
0 0.0380859375 0.498046875 0.033203125 0.033203125
0 0.0107421875 0.4990234375 0.021484375 0.033203125
0 0.0966796875 0.5068359375 0.033203125 0.033203125
0 0.8271484375 0.5078125 0.033203125 0.033203125
0 0.03515625 0.5126953125 0.033203125 0.033203125
0 0.0087890625 0.5146484375 0.017578125 0.033203125
0 0.87109375 0.517578125 0.033203125 0.033203125
0 0.0966796875 0.525390625 0.033203125 0.033203125
0 0.1630859375 0.525390625 0.033203125 0.033203125
0 0.01171875 0.533203125 0.0234375 0.033203125
0 0.0966796875 0.5498046875 0.033203125 0.033203125
0 0.87109375 0.5498046875 0.033203125 0.033203125
0 0.00927734375 0.556640625 0.0185546875 0.033203125
0 0.97265625 0.5595703125 0.033203125 0.033203125
0 0.9873046875 0.5625 0.025390625 0.033203125
0 0.8291015625 0.564453125 0.033203125 0.033203125
0 0.0078125 0.5732421875 0.015625 0.033203125
0 0.0966796875 0.5751953125 0.033203125 0.033203125
0 0.7392578125 0.578125 0.033203125 0.033203125
0 0.701171875 0.5791015625 0.033203125 0.033203125
0 0.8271484375 0.5810546875 0.033203125 0.033203125
0 0.87109375 0.5859375 0.033203125 0.033203125
0 0.00927734375 0.591796875 0.0185546875 0.033203125
0 0.9873046875 0.591796875 0.025390625 0.033203125
0 0.9736328125 0.5927734375 0.033203125 0.033203125
0 0.955078125 0.59375 0.033203125 0.033203125
0 0.099609375 0.5986328125 0.033203125 0.033203125
0 0.736328125 0.5986328125 0.033203125 0.033203125
0 0.1640625 0.6015625 0.033203125 0.033203125
0 0.8681640625 0.6044921875 0.033203125 0.033203125
0 0.03515625 0.6064453125 0.033203125 0.033203125
0 0.6123046875 0.611328125 0.033203125 0.033203125
0 0.6982421875 0.6142578125 0.033203125 0.033203125
0 0.73828125 0.615234375 0.033203125 0.033203125
0 0.8310546875 0.6162109375 0.033203125 0.033203125
0 0.0947265625 0.6171875 0.033203125 0.033203125
0 0.869140625 0.623046875 0.033203125 0.033203125
0 0.6142578125 0.6298828125 0.033203125 0.033203125
0 0.7060546875 0.6318359375 0.033203125 0.033203125
0 0.7373046875 0.6328125 0.033203125 0.033203125
0 0.1630859375 0.63671875 0.033203125 0.033203125
0 0.0947265625 0.6376953125 0.033203125 0.033203125
0 0.869140625 0.640625 0.033203125 0.033203125
0 0.01025390625 0.6435546875 0.0205078125 0.033203125
0 0.6123046875 0.6484375 0.033203125 0.033203125
0 0.7392578125 0.6494140625 0.033203125 0.033203125
0 0.8330078125 0.6513671875 0.033203125 0.033203125
0 0.0341796875 0.654296875 0.033203125 0.033203125
0 0.87109375 0.6552734375 0.033203125 0.033203125
0 0.09375 0.6572265625 0.033203125 0.033203125
0 0.8291015625 0.666015625 0.033203125 0.033203125
0 0.740234375 0.66796875 0.033203125 0.033203125
0 0.01025390625 0.6689453125 0.0205078125 0.033203125
0 0.037109375 0.671875 0.033203125 0.033203125
0 0.095703125 0.6748046875 0.033203125 0.033203125
0 0.8681640625 0.67578125 0.033203125 0.033203125
0 0.9541015625 0.6806640625 0.033203125 0.033203125
0 0.97265625 0.6806640625 0.033203125 0.033203125
0 0.98779296875 0.6806640625 0.0244140625 0.033203125
0 0.61328125 0.6845703125 0.033203125 0.033203125
0 0.740234375 0.685546875 0.033203125 0.033203125
0 0.828125 0.6865234375 0.033203125 0.033203125
0 0.873046875 0.693359375 0.033203125 0.033203125
0 0.6123046875 0.7021484375 0.033203125 0.033203125
0 0.61328125 0.7021484375 0.033203125 0.033203125
0 0.8291015625 0.703125 0.033203125 0.033203125
0 0.953125 0.71484375 0.033203125 0.033203125
0 0.740234375 0.716796875 0.033203125 0.033203125
0 0.97265625 0.716796875 0.033203125 0.033203125
0 0.986328125 0.716796875 0.02734375 0.033203125
0 0.7041015625 0.71875 0.033203125 0.033203125
0 0.87109375 0.7265625 0.033203125 0.033203125
0 0.0888671875 0.73828125 0.033203125 0.033203125
0 0.8291015625 0.7392578125 0.033203125 0.033203125
0 0.0224609375 0.7421875 0.033203125 0.033203125
0 0.8271484375 0.7568359375 0.033203125 0.033203125
0 0.08984375 0.7578125 0.033203125 0.033203125
0 0.021484375 0.7587890625 0.033203125 0.033203125
0 0.865234375 0.7626953125 0.033203125 0.033203125
0 0.8271484375 0.7734375 0.033203125 0.033203125
0 0.0205078125 0.7744140625 0.033203125 0.033203125
0 0.0888671875 0.7744140625 0.033203125 0.033203125
0 0.1591796875 0.775390625 0.033203125 0.033203125
0 0.01953125 0.791015625 0.033203125 0.033203125
0 0.083984375 0.791015625 0.033203125 0.033203125
0 0.8681640625 0.7939453125 0.033203125 0.033203125
0 0.970703125 0.796875 0.033203125 0.033203125
0 0.8984375 0.798828125 0.033203125 0.033203125
0 0.935546875 0.798828125 0.033203125 0.033203125
0 0.9541015625 0.798828125 0.033203125 0.033203125
0 0.91796875 0.7998046875 0.033203125 0.033203125
0 0.7783203125 0.80078125 0.033203125 0.033203125
0 0.98681640625 0.80078125 0.0263671875 0.033203125
0 0.8291015625 0.8017578125 0.033203125 0.033203125
0 0.849609375 0.8017578125 0.033203125 0.033203125
0 0.76171875 0.8037109375 0.033203125 0.033203125
0 0.814453125 0.8037109375 0.033203125 0.033203125
0 0.083984375 0.806640625 0.033203125 0.033203125
0 0.794921875 0.806640625 0.033203125 0.033203125
0 0.01611328125 0.8115234375 0.0322265625 0.033203125
0 0.0859375 0.826171875 0.033203125 0.033203125
0 0.017578125 0.828125 0.033203125 0.033203125
0 0.97265625 0.8310546875 0.033203125 0.033203125
0 0.9541015625 0.8330078125 0.033203125 0.033203125
0 0.98681640625 0.833984375 0.0263671875 0.033203125
0 0.9345703125 0.8349609375 0.033203125 0.033203125
0 0.9169921875 0.8369140625 0.033203125 0.033203125
0 0.7177734375 0.8408203125 0.033203125 0.033203125
0 0.015625 0.8427734375 0.03125 0.033203125
0 0.0859375 0.8427734375 0.033203125 0.033203125
0 0.16015625 0.8427734375 0.033203125 0.033203125
0 0.7177734375 0.857421875 0.033203125 0.033203125
0 0.3251953125 0.8681640625 0.033203125 0.033203125
0 0.7138671875 0.8740234375 0.033203125 0.033203125
0 0.853515625 0.8779296875 0.033203125 0.033203125
0 0.810546875 0.8798828125 0.033203125 0.033203125
0 0.716796875 0.8896484375 0.033203125 0.033203125
0 0.8125 0.892578125 0.033203125 0.033203125
0 0.84765625 0.8974609375 0.033203125 0.033203125
0 0.3232421875 0.904296875 0.033203125 0.033203125
0 0.7177734375 0.9111328125 0.033203125 0.033203125
0 0.81640625 0.9140625 0.033203125 0.033203125
0 0.8505859375 0.9150390625 0.033203125 0.033203125
0 0.96875 0.91796875 0.033203125 0.033203125
0 0.98486328125 0.9189453125 0.0302734375 0.033203125
0 0.9140625 0.9208984375 0.033203125 0.033203125
0 0.93359375 0.9208984375 0.033203125 0.033203125
0 0.9521484375 0.9228515625 0.033203125 0.033203125
0 0.810546875 0.9296875 0.033203125 0.033203125
0 0.71875 0.931640625 0.033203125 0.033203125
0 0.0087890625 0.9453125 0.017578125 0.033203125
0 0.0849609375 0.9482421875 0.033203125 0.033203125
0 0.7158203125 0.9482421875 0.033203125 0.033203125
0 0.931640625 0.9541015625 0.033203125 0.033203125
0 0.9501953125 0.9541015625 0.033203125 0.033203125
0 0.970703125 0.9541015625 0.033203125 0.033203125
0 0.1572265625 0.955078125 0.033203125 0.033203125
0 0.9853515625 0.955078125 0.029296875 0.033203125
0 0.912109375 0.95703125 0.033203125 0.033203125
0 0.0869140625 0.96484375 0.033203125 0.033203125
0 0.8076171875 0.9658203125 0.033203125 0.033203125
0 0.7177734375 0.966796875 0.033203125 0.033203125
0 0.8447265625 0.96875 0.033203125 0.033203125
0 0.7197265625 0.982421875 0.033203125 0.033203125
0 0.71875 0.9833984375 0.033203125 0.033203125
0 0.0849609375 0.98388671875 0.033203125 0.0322265625
0 0.8125 0.98388671875 0.033203125 0.0322265625
0 0.84765625 0.98388671875 0.033203125 0.0322265625