0 0.8916015625 0.11328125 0.033203125 0.033203125
0 0.9375 0.1708984375 0.033203125 0.033203125
0 0.8828125 0.7529296875 0.033203125 0.033203125
0 0.7763671875 0.7587890625 0.033203125 0.033203125
0 0.880859375 0.7744140625 0.033203125 0.033203125
0 0.7734375 0.7919921875 0.033203125 0.033203125
0 0.5126953125 0.8017578125 0.033203125 0.033203125
0 0.771484375 0.8271484375 0.033203125 0.033203125
0 0.8798828125 0.828125 0.033203125 0.033203125
0 0.7734375 0.8447265625 0.033203125 0.033203125
0 0.8798828125 0.8515625 0.033203125 0.033203125
0 0.7744140625 0.86328125 0.033203125 0.033203125
0 0.9609375 0.8779296875 0.033203125 0.033203125
0 0.9423828125 0.87890625 0.033203125 0.033203125
0 0.92578125 0.880859375 0.033203125 0.033203125
0 0.88671875 0.8818359375 0.033203125 0.033203125
0 0.99072265625 0.8818359375 0.0185546875 0.033203125
0 0.7744140625 0.8828125 0.033203125 0.033203125
0 0.9072265625 0.884765625 0.033203125 0.033203125
0 0.771484375 0.90234375 0.033203125 0.033203125
0 0.7724609375 0.9189453125 0.033203125 0.033203125
0 0.7724609375 0.935546875 0.033203125 0.033203125
0 0.7744140625 0.9541015625 0.033203125 0.033203125
0 0.7734375 0.9716796875 0.033203125 0.033203125
0 0.8896484375 0.9794921875 0.033203125 0.033203125
0 0.9072265625 0.9833984375 0.033203125 0.033203125
0 0.923828125 0.9833984375 0.033203125 0.033203125
0 0.9404296875 0.9833984375 0.033203125 0.033203125
0 0.7744140625 0.986328125 0.033203125 0.02734375