0 0.6806640625 0.0361328125 0.033203125 0.033203125
0 0.287109375 0.6328125 0.033203125 0.033203125
0 0.02734375 0.6708984375 0.033203125 0.033203125
0 0.0791015625 0.6708984375 0.033203125 0.033203125
0 0.1171875 0.6708984375 0.033203125 0.033203125
0 0.0126953125 0.671875 0.025390625 0.033203125
0 0.1357421875 0.671875 0.033203125 0.033203125
0 0.09765625 0.6728515625 0.033203125 0.033203125
0 0.0615234375 0.673828125 0.033203125 0.033203125
0 0.1533203125 0.673828125 0.033203125 0.033203125
0 0.171875 0.681640625 0.033203125 0.033203125
0 0.2060546875 0.681640625 0.033203125 0.033203125
0 0.27734375 0.681640625 0.033203125 0.033203125
0 0.294921875 0.681640625 0.033203125 0.033203125
0 0.2578125 0.68359375 0.033203125 0.033203125
0 0.2255859375 0.6865234375 0.033203125 0.033203125
0 0.2431640625 0.6865234375 0.033203125 0.033203125
0 0.330078125 0.6884765625 0.033203125 0.033203125
0 0.01123046875 0.74609375 0.0224609375 0.033203125
0 0.01123046875 0.767578125 0.0224609375 0.033203125
0 0.2431640625 0.78515625 0.033203125 0.033203125
0 0.080078125 0.7861328125 0.033203125 0.033203125
0 0.1005859375 0.787109375 0.033203125 0.033203125
0 0.1171875 0.787109375 0.033203125 0.033203125
0 0.134765625 0.787109375 0.033203125 0.033203125
0 0.1865234375 0.787109375 0.033203125 0.033203125
0 0.220703125 0.787109375 0.033203125 0.033203125
0 0.3134765625 0.787109375 0.033203125 0.033203125
0 0.404296875 0.787109375 0.033203125 0.033203125
0 0.294921875 0.7880859375 0.033203125 0.033203125
0 0.009765625 0.7890625 0.01953125 0.033203125
0 0.154296875 0.7890625 0.033203125 0.033203125
0 0.1552734375 0.7890625 0.033203125 0.033203125
0 0.474609375 0.7900390625 0.033203125 0.033203125
0 0.455078125 0.791015625 0.033203125 0.033203125
0 0.3486328125 0.7919921875 0.033203125 0.033203125
0 0.0078125 0.8037109375 0.015625 0.033203125
0 0.080078125 0.822265625 0.033203125 0.033203125
0 0.01123046875 0.8232421875 0.0224609375 0.033203125
0 0.16796875 0.8232421875 0.033203125 0.033203125
0 0.2060546875 0.8232421875 0.033203125 0.033203125
0 0.1865234375 0.82421875 0.033203125 0.033203125
0 0.09765625 0.8271484375 0.033203125 0.033203125
0 0.4052734375 0.8291015625 0.033203125 0.033203125
0 0.1494140625 0.83203125 0.033203125 0.033203125
0 0.3828125 0.83203125 0.033203125 0.033203125
0 0.1162109375 0.8330078125 0.033203125 0.033203125
0 0.1171875 0.8330078125 0.033203125 0.033203125
0 0.00927734375 0.8427734375 0.0185546875 0.033203125
0 0.2431640625 0.90625 0.033203125 0.033203125
0 0.0615234375 0.9091796875 0.033203125 0.033203125
0 0.0986328125 0.9091796875 0.033203125 0.033203125
0 0.0810546875 0.9111328125 0.033203125 0.033203125
0 0.150390625 0.9111328125 0.033203125 0.033203125
0 0.1865234375 0.9111328125 0.033203125 0.033203125
0 0.1328125 0.912109375 0.033203125 0.033203125
0 0.310546875 0.95703125 0.033203125 0.033203125
0 0.3466796875 0.9580078125 0.033203125 0.033203125
0 0.36328125 0.9580078125 0.033203125 0.033203125
0 0.3798828125 0.9580078125 0.033203125 0.033203125