0 0.0322265625 0.0595703125 0.033203125 0.033203125
0 0.3251953125 0.0654296875 0.033203125 0.033203125
0 0.8955078125 0.06640625 0.033203125 0.033203125
0 0.3935546875 0.068359375 0.033203125 0.033203125
0 0.4384765625 0.072265625 0.033203125 0.033203125
0 0.1015625 0.0888671875 0.033203125 0.033203125
0 0.1533203125 0.091796875 0.033203125 0.033203125
0 0.673828125 0.15625 0.033203125 0.033203125
0 0.65625 0.169921875 0.033203125 0.033203125
0 0.6953125 0.2685546875 0.033203125 0.033203125
0 0.080078125 0.3603515625 0.033203125 0.033203125
0 0.6943359375 0.373046875 0.033203125 0.033203125
0 0.6318359375 0.400390625 0.033203125 0.033203125
0 0.6708984375 0.40234375 0.033203125 0.033203125
0 0.6962890625 0.416015625 0.033203125 0.033203125
0 0.6943359375 0.4853515625 0.033203125 0.033203125
0 0.6943359375 0.52734375 0.033203125 0.033203125
0 0.6767578125 0.6435546875 0.033203125 0.033203125
0 0.5224609375 0.7021484375 0.033203125 0.033203125
0 0.5244140625 0.8134765625 0.033203125 0.033203125
0 0.5234375 0.853515625 0.033203125 0.033203125
0 0.5234375 0.919921875 0.033203125 0.033203125
0 0.1337890625 0.9208984375 0.033203125 0.033203125
0 0.1025390625 0.921875 0.033203125 0.033203125
0 0.0859375 0.9228515625 0.033203125 0.033203125
0 0.1171875 0.9248046875 0.033203125 0.033203125
0 0.1650390625 0.92578125 0.033203125 0.033203125
0 0.712890625 0.94140625 0.033203125 0.033203125
0 0.5234375 0.958984375 0.033203125 0.033203125
0 0.67578125 0.970703125 0.033203125 0.033203125
0 0.521484375 0.990234375 0.033203125 0.01953125