0 0.5634765625 0.00830078125 0.033203125 0.0166015625
0 0.537109375 0.01025390625 0.033203125 0.0205078125
0 0.103515625 0.013671875 0.033203125 0.02734375
0 0.1689453125 0.0302734375 0.033203125 0.033203125
0 0.0771484375 0.060546875 0.033203125 0.033203125
0 0.626953125 0.1396484375 0.033203125 0.033203125
0 0.8984375 0.1494140625 0.033203125 0.033203125
0 0.3154296875 0.166015625 0.033203125 0.033203125
0 0.2412109375 0.2392578125 0.033203125 0.033203125
0 0.904296875 0.2490234375 0.033203125 0.033203125
0 0.2041015625 0.251953125 0.033203125 0.033203125
0 0.16796875 0.3212890625 0.033203125 0.033203125
0 0.28125 0.330078125 0.033203125 0.033203125
0 0.6630859375 0.380859375 0.033203125 0.033203125
0 0.0419921875 0.41796875 0.033203125 0.033203125
0 0.197265625 0.4287109375 0.033203125 0.033203125
0 0.6865234375 0.4296875 0.033203125 0.033203125
0 0.919921875 0.4541015625 0.033203125 0.033203125
0 0.0078125 0.4677734375 0.015625 0.033203125
0 0.9013671875 0.5126953125 0.033203125 0.033203125