0 0.5966796875 0.015625 0.033203125 0.03125
0 0.68359375 0.0380859375 0.033203125 0.033203125
0 0.71875 0.0419921875 0.033203125 0.033203125
0 0.703125 0.048828125 0.033203125 0.033203125
0 0.9697265625 0.052734375 0.033203125 0.033203125
0 0.8837890625 0.091796875 0.033203125 0.033203125
0 0.650390625 0.115234375 0.033203125 0.033203125
0 0.037109375 0.1689453125 0.033203125 0.033203125
0 0.01953125 0.169921875 0.033203125 0.033203125
0 0.08984375 0.171875 0.033203125 0.033203125
0 0.177734375 0.171875 0.033203125 0.033203125
0 0.1083984375 0.1728515625 0.033203125 0.033203125
0 0.142578125 0.1728515625 0.033203125 0.033203125
0 0.708984375 0.1953125 0.033203125 0.033203125
0 0.0361328125 0.2109375 0.033203125 0.033203125
0 0.9755859375 0.2138671875 0.033203125 0.033203125
0 0.0361328125 0.29296875 0.033203125 0.033203125
0 0.0546875 0.298828125 0.033203125 0.033203125
0 0.01953125 0.2998046875 0.033203125 0.033203125
0 0.0908203125 0.302734375 0.033203125 0.033203125
0 0.9736328125 0.345703125 0.033203125 0.033203125
0 0.6943359375 0.373046875 0.033203125 0.033203125
0 0.6953125 0.392578125 0.033203125 0.033203125
0 0.9736328125 0.396484375 0.033203125 0.033203125
0 0.720703125 0.49609375 0.033203125 0.033203125
0 0.72265625 0.515625 0.033203125 0.033203125
0 0.3486328125 0.5244140625 0.033203125 0.033203125
0 0.37109375 0.52734375 0.033203125 0.033203125
0 0.3896484375 0.52734375 0.033203125 0.033203125
0 0.6220703125 0.5380859375 0.033203125 0.033203125
0 0.5888671875 0.55859375 0.033203125 0.033203125
0 0.58203125 0.5732421875 0.033203125 0.033203125
0 0.47265625 0.5888671875 0.033203125 0.033203125
0 0.583984375 0.58984375 0.033203125 0.033203125
0 0.4208984375 0.5927734375 0.033203125 0.033203125
0 0.970703125 0.6025390625 0.033203125 0.033203125
0 0.58203125 0.6083984375 0.033203125 0.033203125
0 0.2177734375 0.61328125 0.033203125 0.033203125
0 0.4248046875 0.6171875 0.033203125 0.033203125
0 0.28515625 0.6240234375 0.033203125 0.033203125
0 0.474609375 0.6259765625 0.033203125 0.033203125
0 0.4189453125 0.6337890625 0.033203125 0.033203125
0 0.970703125 0.640625 0.033203125 0.033203125
0 0.28125 0.6640625 0.033203125 0.033203125
0 0.474609375 0.66796875 0.033203125 0.033203125
0 0.419921875 0.6826171875 0.033203125 0.033203125
0 0.287109375 0.7099609375 0.033203125 0.033203125
0 0.0556640625 0.712890625 0.033203125 0.033203125
0 0.69921875 0.71484375 0.033203125 0.033203125
0 0.7177734375 0.71484375 0.033203125 0.033203125
0 0.73828125 0.7158203125 0.033203125 0.033203125
0 0.630859375 0.716796875 0.033203125 0.033203125
0 0.6484375 0.716796875 0.033203125 0.033203125
0 0.7568359375 0.716796875 0.033203125 0.033203125
0 0.8095703125 0.716796875 0.033203125 0.033203125
0 0.84375 0.716796875 0.033203125 0.033203125
0 0.7734375 0.7177734375 0.033203125 0.033203125
0 0.7919921875 0.7177734375 0.033203125 0.033203125
0 0.611328125 0.71875 0.033203125 0.033203125
0 0.6669921875 0.71875 0.033203125 0.033203125
0 0.6826171875 0.7197265625 0.033203125 0.033203125
0 0.41796875 0.72265625 0.033203125 0.033203125
0 0.052734375 0.7294921875 0.033203125 0.033203125
0 0.28515625 0.7294921875 0.033203125 0.033203125
0 0.421875 0.7421875 0.033203125 0.033203125
0 0.05078125 0.7470703125 0.033203125 0.033203125
0 0.2841796875 0.7490234375 0.033203125 0.033203125
0 0.41796875 0.7587890625 0.033203125 0.033203125
0 0.2158203125 0.76171875 0.033203125 0.033203125
0 0.0546875 0.765625 0.033203125 0.033203125
0 0.283203125 0.771484375 0.033203125 0.033203125
0 0.283203125 0.7919921875 0.033203125 0.033203125
0 0.419921875 0.7958984375 0.033203125 0.033203125
0 0.4716796875 0.8046875 0.033203125 0.033203125
0 0.2197265625 0.8076171875 0.033203125 0.033203125
0 0.95703125 0.8076171875 0.033203125 0.033203125
0 0.283203125 0.8095703125 0.033203125 0.033203125
0 0.419921875 0.814453125 0.033203125 0.033203125
0 0.771484375 0.814453125 0.033203125 0.033203125
0 0.7021484375 0.81640625 0.033203125 0.033203125
0 0.6845703125 0.8173828125 0.033203125 0.033203125
0 0.62890625 0.818359375 0.033203125 0.033203125
0 0.7509765625 0.818359375 0.033203125 0.033203125
0 0.73046875 0.8193359375 0.033203125 0.033203125
0 0.7880859375 0.8193359375 0.033203125 0.033203125
0 0.6474609375 0.822265625 0.033203125 0.033203125
0 0.2197265625 0.826171875 0.033203125 0.033203125
0 0.416015625 0.83203125 0.033203125 0.033203125
0 0.958984375 0.8515625 0.033203125 0.033203125
0 0.28125 0.8525390625 0.033203125 0.033203125
0 0.421875 0.8701171875 0.033203125 0.033203125
0 0.2822265625 0.8740234375 0.033203125 0.033203125
0 0.416015625 0.8876953125 0.033203125 0.033203125
0 0.95703125 0.8935546875 0.033203125 0.033203125
0 0.4892578125 0.908203125 0.033203125 0.033203125
0 0.2822265625 0.9169921875 0.033203125 0.033203125
0 0.4892578125 0.935546875 0.033203125 0.033203125
0 0.958984375 0.939453125 0.033203125 0.033203125
0 0.4169921875 0.9599609375 0.033203125 0.033203125
0 0.279296875 0.9794921875 0.033203125 0.033203125
0 0.95703125 0.98486328125 0.033203125 0.0302734375
0 0.4140625 0.9892578125 0.033203125 0.021484375
0 0.27734375 0.99072265625 0.033203125 0.0185546875