0 0.55078125 0.1279296875 0.033203125 0.033203125
0 0.5205078125 0.1298828125 0.033203125 0.033203125
0 0.3955078125 0.130859375 0.033203125 0.033203125
0 0.8046875 0.130859375 0.033203125 0.033203125
0 0.5732421875 0.1328125 0.033203125 0.033203125
0 0.62890625 0.1328125 0.033203125 0.033203125
0 0.6650390625 0.1328125 0.033203125 0.033203125
0 0.6806640625 0.1328125 0.033203125 0.033203125
0 0.609375 0.134765625 0.033203125 0.033203125
0 0.7509765625 0.134765625 0.033203125 0.033203125
0 0.7685546875 0.134765625 0.033203125 0.033203125
0 0.822265625 0.134765625 0.033203125 0.033203125
0 0.8427734375 0.134765625 0.033203125 0.033203125
0 0.6474609375 0.1357421875 0.033203125 0.033203125
0 0.69921875 0.1357421875 0.033203125 0.033203125
0 0.7177734375 0.13671875 0.033203125 0.033203125
0 0.7353515625 0.13671875 0.033203125 0.033203125
0 0.787109375 0.1884765625 0.033203125 0.033203125
0 0.748046875 0.193359375 0.033203125 0.033203125
0 0.8046875 0.193359375 0.033203125 0.033203125
0 0.8447265625 0.1962890625 0.033203125 0.033203125
0 0.8037109375 0.2783203125 0.033203125 0.033203125
0 0.7333984375 0.279296875 0.033203125 0.033203125
0 0.8408203125 0.279296875 0.033203125 0.033203125
0 0.76953125 0.283203125 0.033203125 0.033203125
0 0.044921875 0.3251953125 0.033203125 0.033203125
0 0.0751953125 0.3271484375 0.033203125 0.033203125
0 0.1865234375 0.328125 0.033203125 0.033203125
0 0.041015625 0.4091796875 0.033203125 0.033203125
0 0.201171875 0.4111328125 0.033203125 0.033203125
0 0.01220703125 0.4150390625 0.0244140625 0.033203125
0 0.1318359375 0.4150390625 0.033203125 0.033203125
0 0.01171875 0.462890625 0.0234375 0.033203125
0 0.0771484375 0.46484375 0.033203125 0.033203125
0 0.0595703125 0.4658203125 0.033203125 0.033203125
0 0.1142578125 0.4658203125 0.033203125 0.033203125
0 0.1328125 0.4658203125 0.033203125 0.033203125
0 0.0966796875 0.4677734375 0.033203125 0.033203125
0 0.0439453125 0.46875 0.033203125 0.033203125
0 0.203125 0.46875 0.033203125 0.033203125
0 0.0244140625 0.470703125 0.033203125 0.033203125
0 0.4072265625 0.470703125 0.033203125 0.033203125
0 0.056640625 0.552734375 0.033203125 0.033203125
0 0.021484375 0.5537109375 0.033203125 0.033203125
0 0.076171875 0.5537109375 0.033203125 0.033203125
0 0.0107421875 0.5556640625 0.021484375 0.033203125
0 0.8173828125 0.5556640625 0.033203125 0.033203125
0 0.04296875 0.556640625 0.033203125 0.033203125
0 0.111328125 0.5576171875 0.033203125 0.033203125
0 0.0205078125 0.607421875 0.033203125 0.033203125
0 0.01025390625 0.6083984375 0.0205078125 0.033203125
0 0.041015625 0.6083984375 0.033203125 0.033203125
0 0.05859375 0.6083984375 0.033203125 0.033203125
0 0.0927734375 0.6083984375 0.033203125 0.033203125
0 0.0732421875 0.6103515625 0.033203125 0.033203125
0 0.1103515625 0.6103515625 0.033203125 0.033203125
0 0.146484375 0.6103515625 0.033203125 0.033203125
0 0.1279296875 0.611328125 0.033203125 0.033203125
0 0.0927734375 0.7041015625 0.033203125 0.033203125
0 0.0400390625 0.705078125 0.033203125 0.033203125
0 0.0771484375 0.7060546875 0.033203125 0.033203125
0 0.146484375 0.7060546875 0.033203125 0.033203125
0 0.0107421875 0.70703125 0.021484375 0.033203125
0 0.0205078125 0.70703125 0.033203125 0.033203125
0 0.12890625 0.7080078125 0.033203125 0.033203125
0 0.1650390625 0.7080078125 0.033203125 0.033203125
0 0.056640625 0.708984375 0.033203125 0.033203125
0 0.1103515625 0.708984375 0.033203125 0.033203125
0 0.2177734375 0.7109375 0.033203125 0.033203125
0 0.1845703125 0.7138671875 0.033203125 0.033203125
0 0.7177734375 0.81640625 0.033203125 0.033203125
0 0.869140625 0.8408203125 0.033203125 0.033203125
0 0.0361328125 0.841796875 0.033203125 0.033203125
0 0.1005859375 0.8642578125 0.033203125 0.033203125
0 0.6943359375 0.8671875 0.033203125 0.033203125
0 0.8408203125 0.87109375 0.033203125 0.033203125
0 0.2177734375 0.8916015625 0.033203125 0.033203125
0 0.4599609375 0.943359375 0.033203125 0.033203125
0 0.9248046875 0.9482421875 0.033203125 0.033203125