0 0.1591796875 0.1103515625 0.033203125 0.033203125
0 0.25390625 0.130859375 0.033203125 0.033203125
0 0.3076171875 0.2099609375 0.033203125 0.033203125
0 0.5234375 0.244140625 0.033203125 0.033203125
0 0.32421875 0.3212890625 0.033203125 0.033203125
0 0.3427734375 0.3232421875 0.033203125 0.033203125
0 0.3779296875 0.3271484375 0.033203125 0.033203125
0 0.3603515625 0.3291015625 0.033203125 0.033203125
0 0.3251953125 0.3564453125 0.033203125 0.033203125
0 0.3408203125 0.359375 0.033203125 0.033203125
0 0.412109375 0.3623046875 0.033203125 0.033203125
0 0.359375 0.3642578125 0.033203125 0.033203125
0 0.3955078125 0.365234375 0.033203125 0.033203125
0 0.412109375 0.44140625 0.033203125 0.033203125
0 0.4658203125 0.443359375 0.033203125 0.033203125
0 0.4130859375 0.474609375 0.033203125 0.033203125
0 0.44921875 0.474609375 0.033203125 0.033203125
0 0.4296875 0.4794921875 0.033203125 0.033203125
0 0.5224609375 0.4814453125 0.033203125 0.033203125
0 0.5009765625 0.482421875 0.033203125 0.033203125
0 0.203125 0.55859375 0.033203125 0.033203125
0 0.537109375 0.5712890625 0.033203125 0.033203125
0 0.4482421875 0.5732421875 0.033203125 0.033203125
0 0.5 0.5732421875 0.033203125 0.033203125
0 0.4130859375 0.5751953125 0.033203125 0.033203125
0 0.486328125 0.5751953125 0.033203125 0.033203125
0 0.375 0.591796875 0.033203125 0.033203125
0 0.501953125 0.607421875 0.033203125 0.033203125
0 0.10546875 0.6279296875 0.033203125 0.033203125
0 0.625 0.8798828125 0.033203125 0.033203125