0 0.3310546875 0.0185546875 0.033203125 0.033203125
0 0.705078125 0.0283203125 0.033203125 0.033203125
0 0.7265625 0.029296875 0.033203125 0.033203125
0 0.6845703125 0.03125 0.033203125 0.033203125
0 0.2822265625 0.052734375 0.033203125 0.033203125
0 0.021484375 0.0673828125 0.033203125 0.033203125
0 0.0859375 0.09765625 0.033203125 0.033203125
0 0.2822265625 0.099609375 0.033203125 0.033203125
0 0.326171875 0.099609375 0.033203125 0.033203125
0 0.0185546875 0.1005859375 0.033203125 0.033203125
0 0.1064453125 0.1015625 0.033203125 0.033203125
0 0.3076171875 0.1015625 0.033203125 0.033203125
0 0.349609375 0.1025390625 0.033203125 0.033203125
0 0.482421875 0.1416015625 0.033203125 0.033203125
0 0.458984375 0.142578125 0.033203125 0.033203125
0 0.5068359375 0.142578125 0.033203125 0.033203125
0 0.5771484375 0.142578125 0.033203125 0.033203125
0 0.6455078125 0.1435546875 0.033203125 0.033203125
0 0.529296875 0.14453125 0.033203125 0.033203125
0 0.5517578125 0.14453125 0.033203125 0.033203125
0 0.69140625 0.14453125 0.033203125 0.033203125
0 0.712890625 0.14453125 0.033203125 0.033203125
0 0.59765625 0.1455078125 0.033203125 0.033203125
0 0.666015625 0.1455078125 0.033203125 0.033203125
0 0.435546875 0.146484375 0.033203125 0.033203125
0 0.6171875 0.1474609375 0.033203125 0.033203125
0 0.21875 0.17578125 0.033203125 0.033203125
0 0.373046875 0.17578125 0.033203125 0.033203125
0 0.392578125 0.17578125 0.033203125 0.033203125
0 0.3095703125 0.1767578125 0.033203125 0.033203125
0 0.203125 0.177734375 0.033203125 0.033203125
0 0.875 0.181640625 0.033203125 0.033203125
0 0.880859375 0.2080078125 0.033203125 0.033203125
0 0.2412109375 0.212890625 0.033203125 0.033203125
0 0.166015625 0.21484375 0.033203125 0.033203125
0 0.2646484375 0.2158203125 0.033203125 0.033203125
0 0.2861328125 0.2158203125 0.033203125 0.033203125
0 0.322265625 0.2158203125 0.033203125 0.033203125
0 0.337890625 0.2158203125 0.033203125 0.033203125
0 0.3046875 0.216796875 0.033203125 0.033203125
0 0.357421875 0.216796875 0.033203125 0.033203125
0 0.3935546875 0.2177734375 0.033203125 0.033203125
0 0.376953125 0.21875 0.033203125 0.033203125
0 0.7177734375 0.2197265625 0.033203125 0.033203125
0 0.5712890625 0.224609375 0.033203125 0.033203125
0 0.87109375 0.2255859375 0.033203125 0.033203125
0 0.7353515625 0.228515625 0.033203125 0.033203125
0 0.87109375 0.25 0.033203125 0.033203125
0 0.8017578125 0.251953125 0.033203125 0.033203125
0 0.9267578125 0.2763671875 0.033203125 0.033203125
0 0.87109375 0.27734375 0.033203125 0.033203125
0 0.2470703125 0.30078125 0.033203125 0.033203125
0 0.8720703125 0.30078125 0.033203125 0.033203125
0 0.0859375 0.3017578125 0.033203125 0.033203125
0 0.115234375 0.3017578125 0.033203125 0.033203125
0 0.2333984375 0.3017578125 0.033203125 0.033203125
0 0.798828125 0.302734375 0.033203125 0.033203125
0 0.2880859375 0.3046875 0.033203125 0.033203125
0 0.376953125 0.3046875 0.033203125 0.033203125
0 0.2666015625 0.306640625 0.033203125 0.033203125
0 0.3935546875 0.30859375 0.033203125 0.033203125
0 0.9296875 0.3193359375 0.033203125 0.033203125
0 0.8720703125 0.328125 0.033203125 0.033203125
0 0.21484375 0.333984375 0.033203125 0.033203125
0 0.265625 0.3388671875 0.033203125 0.033203125
0 0.341796875 0.33984375 0.033203125 0.033203125
0 0.25 0.3408203125 0.033203125 0.033203125
0 0.376953125 0.3408203125 0.033203125 0.033203125
0 0.3935546875 0.3427734375 0.033203125 0.033203125
0 0.8720703125 0.3544921875 0.033203125 0.033203125
0 0.8720703125 0.37890625 0.033203125 0.033203125
0 0.87109375 0.4033203125 0.033203125 0.033203125
0 0.80078125 0.4091796875 0.033203125 0.033203125
0 0.353515625 0.4208984375 0.033203125 0.033203125
0 0.337890625 0.421875 0.033203125 0.033203125
0 0.3720703125 0.421875 0.033203125 0.033203125
0 0.150390625 0.4248046875 0.033203125 0.033203125
0 0.869140625 0.4306640625 0.033203125 0.033203125
0 0.0205078125 0.4521484375 0.033203125 0.033203125
0 0.99072265625 0.46875 0.0185546875 0.033203125
0 0.78125 0.4931640625 0.033203125 0.033203125
0 0.162109375 0.5009765625 0.033203125 0.033203125
0 0.0986328125 0.50390625 0.033203125 0.033203125
0 0.357421875 0.5263671875 0.033203125 0.033203125
0 0.3642578125 0.5625 0.033203125 0.033203125
0 0.01318359375 0.56640625 0.0263671875 0.033203125
0 0.35546875 0.576171875 0.033203125 0.033203125
0 0.359375 0.5947265625 0.033203125 0.033203125
0 0.029296875 0.6962890625 0.033203125 0.033203125
0 0.0126953125 0.69921875 0.025390625 0.033203125
0 0.083984375 0.701171875 0.033203125 0.033203125
0 0.0625 0.7685546875 0.033203125 0.033203125
0 0.162109375 0.7724609375 0.033203125 0.033203125
0 0.66015625 0.81640625 0.033203125 0.033203125
0 0.0546875 0.8583984375 0.033203125 0.033203125
0 0.1044921875 0.8583984375 0.033203125 0.033203125
0 0.1279296875 0.859375 0.033203125 0.033203125
0 0.177734375 0.859375 0.033203125 0.033203125
0 0.626953125 0.8603515625 0.033203125 0.033203125
0 0.6025390625 0.861328125 0.033203125 0.033203125
0 0.564453125 0.9130859375 0.033203125 0.033203125
0 0.3486328125 0.9189453125 0.033203125 0.033203125
0 0.41796875 0.923828125 0.033203125 0.033203125
0 0.5625 0.93359375 0.033203125 0.033203125
0 0.3193359375 0.9365234375 0.033203125 0.033203125
0 0.349609375 0.9365234375 0.033203125 0.033203125
0 0.4921875 0.9404296875 0.033203125 0.033203125
0 0.4208984375 0.9423828125 0.033203125 0.033203125
0 0.55859375 0.951171875 0.033203125 0.033203125
0 0.3203125 0.9521484375 0.033203125 0.033203125
0 0.3544921875 0.9521484375 0.033203125 0.033203125
0 0.490234375 0.95703125 0.033203125 0.033203125
0 0.42578125 0.962890625 0.033203125 0.033203125
0 0.3212890625 0.9677734375 0.033203125 0.033203125
0 0.5625 0.96875 0.033203125 0.033203125
0 0.35546875 0.9697265625 0.033203125 0.033203125
0 0.3212890625 0.98388671875 0.033203125 0.0322265625
0 0.9208984375 0.984375 0.033203125 0.03125
0 0.490234375 0.98828125 0.033203125 0.0234375