0 0.1533203125 0.0283203125 0.033203125 0.033203125
0 0.173828125 0.0283203125 0.033203125 0.033203125
0 0.150390625 0.08203125 0.033203125 0.033203125
0 0.171875 0.0869140625 0.033203125 0.033203125
0 0.1708984375 0.1279296875 0.033203125 0.033203125
0 0.1533203125 0.1396484375 0.033203125 0.033203125
0 0.1708984375 0.416015625 0.033203125 0.033203125
0 0.3671875 0.4794921875 0.033203125 0.033203125
0 0.400390625 0.505859375 0.033203125 0.033203125
0 0.1689453125 0.5654296875 0.033203125 0.033203125
0 0.3056640625 0.8681640625 0.033203125 0.033203125