0 0.9248046875 0.01220703125 0.033203125 0.0244140625
0 0.955078125 0.0400390625 0.033203125 0.033203125
0 0.91796875 0.04296875 0.033203125 0.033203125
0 0.939453125 0.04296875 0.033203125 0.033203125
0 0.2451171875 0.0625 0.033203125 0.033203125
0 0.01025390625 0.0810546875 0.0205078125 0.033203125
0 0.2265625 0.09765625 0.033203125 0.033203125
0 0.1240234375 0.109375 0.033203125 0.033203125
0 0.703125 0.13671875 0.033203125 0.033203125
0 0.73828125 0.1376953125 0.033203125 0.033203125
0 0.7197265625 0.1396484375 0.033203125 0.033203125
0 0.4814453125 0.15625 0.033203125 0.033203125
0 0.126953125 0.158203125 0.033203125 0.033203125
0 0.1220703125 0.17578125 0.033203125 0.033203125
0 0.2041015625 0.1962890625 0.033203125 0.033203125
0 0.4794921875 0.205078125 0.033203125 0.033203125
0 0.125 0.2255859375 0.033203125 0.033203125
0 0.55859375 0.2294921875 0.033203125 0.033203125
0 0.7783203125 0.2373046875 0.033203125 0.033203125
0 0.9384765625 0.240234375 0.033203125 0.033203125
0 0.6015625 0.3251953125 0.033203125 0.033203125
0 0.6904296875 0.3369140625 0.033203125 0.033203125
0 0.1669921875 0.3583984375 0.033203125 0.033203125
0 0.650390625 0.3583984375 0.033203125 0.033203125
0 0.6962890625 0.361328125 0.033203125 0.033203125
0 0.3935546875 0.3740234375 0.033203125 0.033203125
0 0.7412109375 0.37890625 0.033203125 0.033203125
0 0.642578125 0.3818359375 0.033203125 0.033203125
0 0.6904296875 0.3828125 0.033203125 0.033203125
0 0.806640625 0.3828125 0.033203125 0.033203125
0 0.76953125 0.400390625 0.033203125 0.033203125
0 0.6533203125 0.4013671875 0.033203125 0.033203125
0 0.7197265625 0.4033203125 0.033203125 0.033203125
0 0.8173828125 0.4033203125 0.033203125 0.033203125
0 0.318359375 0.412109375 0.033203125 0.033203125
0 0.6337890625 0.4365234375 0.033203125 0.033203125
0 0.328125 0.4384765625 0.033203125 0.033203125
0 0.07421875 0.44140625 0.033203125 0.033203125
0 0.478515625 0.453125 0.033203125 0.033203125
0 0.92578125 0.46875 0.033203125 0.033203125
0 0.513671875 0.5234375 0.033203125 0.033203125
0 0.724609375 0.5888671875 0.033203125 0.033203125
0 0.6630859375 0.619140625 0.033203125 0.033203125
0 0.5634765625 0.6318359375 0.033203125 0.033203125
0 0.6650390625 0.6357421875 0.033203125 0.033203125
0 0.6611328125 0.65625 0.033203125 0.033203125
0 0.4931640625 0.69140625 0.033203125 0.033203125
0 0.5068359375 0.8564453125 0.033203125 0.033203125
0 0.75390625 0.93359375 0.033203125 0.033203125
0 0.5751953125 0.9443359375 0.033203125 0.033203125
0 0.7509765625 0.947265625 0.033203125 0.033203125
0 0.6591796875 0.9501953125 0.033203125 0.033203125
0 0.3193359375 0.958984375 0.033203125 0.033203125
0 0.66015625 0.9716796875 0.033203125 0.033203125
0 0.7490234375 0.9716796875 0.033203125 0.033203125
0 0.7861328125 0.98388671875 0.033203125 0.0322265625
0 0.7490234375 0.98486328125 0.033203125 0.0302734375