0 0.79296875 0.0126953125 0.033203125 0.025390625
0 0.5009765625 0.052734375 0.033203125 0.033203125
0 0.5029296875 0.0703125 0.033203125 0.033203125
0 0.84375 0.0830078125 0.033203125 0.033203125
0 0.5029296875 0.087890625 0.033203125 0.033203125
0 0.5068359375 0.1064453125 0.033203125 0.033203125
0 0.763671875 0.111328125 0.033203125 0.033203125
0 0.51171875 0.142578125 0.033203125 0.033203125
0 0.7646484375 0.1689453125 0.033203125 0.033203125
0 0.5068359375 0.181640625 0.033203125 0.033203125
0 0.8525390625 0.189453125 0.033203125 0.033203125
0 0.7646484375 0.2099609375 0.033203125 0.033203125
0 0.7646484375 0.2490234375 0.033203125 0.033203125
0 0.8935546875 0.2724609375 0.033203125 0.033203125
0 0.7626953125 0.2880859375 0.033203125 0.033203125
0 0.8916015625 0.3310546875 0.033203125 0.033203125
0 0.4287109375 0.375 0.033203125 0.033203125
0 0.8916015625 0.3837890625 0.033203125 0.033203125
0 0.7607421875 0.4560546875 0.033203125 0.033203125
0 0.1005859375 0.474609375 0.033203125 0.033203125
0 0.138671875 0.474609375 0.033203125 0.033203125
0 0.12109375 0.4765625 0.033203125 0.033203125
0 0.02734375 0.478515625 0.033203125 0.033203125
0 0.224609375 0.478515625 0.033203125 0.033203125
0 0.30078125 0.5439453125 0.033203125 0.033203125
0 0.302734375 0.544921875 0.033203125 0.033203125
0 0.0986328125 0.55859375 0.033203125 0.033203125
0 0.0439453125 0.560546875 0.033203125 0.033203125
0 0.0126953125 0.5615234375 0.025390625 0.033203125
0 0.02734375 0.5625 0.033203125 0.033203125
0 0.0810546875 0.5625 0.033203125 0.033203125
0 0.1201171875 0.564453125 0.033203125 0.033203125
0 0.0625 0.5673828125 0.033203125 0.033203125
0 0.3955078125 0.5771484375 0.033203125 0.033203125
0 0.484375 0.58203125 0.033203125 0.033203125
0 0.0810546875 0.5966796875 0.033203125 0.033203125
0 0.1220703125 0.5966796875 0.033203125 0.033203125
0 0.044921875 0.59765625 0.033203125 0.033203125
0 0.01220703125 0.5986328125 0.0244140625 0.033203125
0 0.0126953125 0.5986328125 0.025390625 0.033203125
0 0.02734375 0.5986328125 0.033203125 0.033203125
0 0.0634765625 0.5986328125 0.033203125 0.033203125
0 0.099609375 0.599609375 0.033203125 0.033203125
0 0.396484375 0.6123046875 0.033203125 0.033203125
0 0.763671875 0.6142578125 0.033203125 0.033203125
0 0.48828125 0.6357421875 0.033203125 0.033203125
0 0.7666015625 0.638671875 0.033203125 0.033203125
0 0.3955078125 0.64453125 0.033203125 0.033203125
0 0.484375 0.65234375 0.033203125 0.033203125
0 0.7646484375 0.662109375 0.033203125 0.033203125
0 0.4873046875 0.66796875 0.033203125 0.033203125
0 0.060546875 0.6787109375 0.033203125 0.033203125
0 0.080078125 0.6787109375 0.033203125 0.033203125
0 0.337890625 0.6787109375 0.033203125 0.033203125
0 0.396484375 0.6787109375 0.033203125 0.033203125
0 0.025390625 0.6806640625 0.033203125 0.033203125
0 0.044921875 0.6806640625 0.033203125 0.033203125
0 0.01318359375 0.6826171875 0.0263671875 0.033203125
0 0.0986328125 0.6826171875 0.033203125 0.033203125
0 0.1181640625 0.6826171875 0.033203125 0.033203125
0 0.4853515625 0.685546875 0.033203125 0.033203125
0 0.7646484375 0.6865234375 0.033203125 0.033203125
0 0.39453125 0.697265625 0.033203125 0.033203125
0 0.7646484375 0.7109375 0.033203125 0.033203125
0 0.1533203125 0.7119140625 0.033203125 0.033203125
0 0.05859375 0.7138671875 0.033203125 0.033203125
0 0.1357421875 0.71484375 0.033203125 0.033203125
0 0.3974609375 0.71484375 0.033203125 0.033203125
0 0.025390625 0.7158203125 0.033203125 0.033203125
0 0.0419921875 0.7158203125 0.033203125 0.033203125
0 0.09765625 0.7158203125 0.033203125 0.033203125
0 0.275390625 0.7158203125 0.033203125 0.033203125
0 0.01171875 0.7177734375 0.0234375 0.033203125
0 0.080078125 0.7197265625 0.033203125 0.033203125
0 0.115234375 0.7197265625 0.033203125 0.033203125
0 0.3955078125 0.748046875 0.033203125 0.033203125
0 0.486328125 0.7626953125 0.033203125 0.033203125
0 0.31640625 0.763671875 0.033203125 0.033203125
0 0.88671875 0.76953125 0.033203125 0.033203125
0 0.271484375 0.7734375 0.033203125 0.033203125
0 0.4853515625 0.7802734375 0.033203125 0.033203125
0 0.7646484375 0.783203125 0.033203125 0.033203125
0 0.3115234375 0.787109375 0.033203125 0.033203125
0 0.271484375 0.7890625 0.033203125 0.033203125
0 0.484375 0.796875 0.033203125 0.033203125
0 0.0126953125 0.798828125 0.025390625 0.033203125
0 0.080078125 0.798828125 0.033203125 0.033203125
0 0.1845703125 0.798828125 0.033203125 0.033203125
0 0.025390625 0.7998046875 0.033203125 0.033203125
0 0.0625 0.80078125 0.033203125 0.033203125
0 0.0966796875 0.80078125 0.033203125 0.033203125
0 0.1142578125 0.80078125 0.033203125 0.033203125
0 0.04296875 0.8017578125 0.033203125 0.033203125
0 0.1513671875 0.8017578125 0.033203125 0.033203125
0 0.1337890625 0.8037109375 0.033203125 0.033203125
0 0.16796875 0.8037109375 0.033203125 0.033203125
0 0.2744140625 0.8076171875 0.033203125 0.033203125
0 0.3134765625 0.8076171875 0.033203125 0.033203125
0 0.2744140625 0.8251953125 0.033203125 0.033203125
0 0.7666015625 0.830078125 0.033203125 0.033203125
0 0.310546875 0.8310546875 0.033203125 0.033203125
0 0.01220703125 0.83203125 0.0244140625 0.033203125
0 0.0419921875 0.83203125 0.033203125 0.033203125
0 0.025390625 0.8330078125 0.033203125 0.033203125
0 0.4833984375 0.8330078125 0.033203125 0.033203125
0 0.060546875 0.833984375 0.033203125 0.033203125
0 0.078125 0.833984375 0.033203125 0.033203125
0 0.18359375 0.833984375 0.033203125 0.033203125
0 0.1142578125 0.8359375 0.033203125 0.033203125
0 0.0947265625 0.8369140625 0.033203125 0.033203125
0 0.1513671875 0.8369140625 0.033203125 0.033203125
0 0.16796875 0.837890625 0.033203125 0.033203125
0 0.130859375 0.83984375 0.033203125 0.033203125
0 0.2734375 0.8408203125 0.033203125 0.033203125
0 0.3046875 0.8466796875 0.033203125 0.033203125
0 0.2724609375 0.8583984375 0.033203125 0.033203125
0 0.30859375 0.8642578125 0.033203125 0.033203125
0 0.7646484375 0.8779296875 0.033203125 0.033203125
0 0.2744140625 0.87890625 0.033203125 0.033203125
0 0.3115234375 0.8828125 0.033203125 0.033203125
0 0.26953125 0.8955078125 0.033203125 0.033203125
0 0.76171875 0.90234375 0.033203125 0.033203125
0 0.3095703125 0.90625 0.033203125 0.033203125
0 0.271484375 0.9130859375 0.033203125 0.033203125
0 0.1123046875 0.9208984375 0.033203125 0.033203125
0 0.025390625 0.921875 0.033203125 0.033203125
0 0.01220703125 0.9228515625 0.0244140625 0.033203125
0 0.0771484375 0.9228515625 0.033203125 0.033203125
0 0.0947265625 0.9228515625 0.033203125 0.033203125
0 0.1845703125 0.9228515625 0.033203125 0.033203125
0 0.060546875 0.9248046875 0.033203125 0.033203125
0 0.1298828125 0.9248046875 0.033203125 0.033203125
0 0.1484375 0.92578125 0.033203125 0.033203125
0 0.166015625 0.92578125 0.033203125 0.033203125
0 0.0419921875 0.9287109375 0.033203125 0.033203125
0 0.271484375 0.9296875 0.033203125 0.033203125
0 0.3095703125 0.9296875 0.033203125 0.033203125
0 0.2705078125 0.94921875 0.033203125 0.033203125
0 0.01123046875 0.9560546875 0.0224609375 0.033203125
0 0.05859375 0.9560546875 0.033203125 0.033203125
0 0.0224609375 0.95703125 0.033203125 0.033203125
0 0.076171875 0.95703125 0.033203125 0.033203125
0 0.091796875 0.95703125 0.033203125 0.033203125
0 0.1103515625 0.95703125 0.033203125 0.033203125
0 0.0400390625 0.9580078125 0.033203125 0.033203125
0 0.1484375 0.9599609375 0.033203125 0.033203125
0 0.166015625 0.9599609375 0.033203125 0.033203125
0 0.18359375 0.9609375 0.033203125 0.033203125
0 0.130859375 0.962890625 0.033203125 0.033203125
0 0.275390625 0.96484375 0.033203125 0.033203125
0 0.271484375 0.984375 0.033203125 0.03125
0 0.416015625 0.98876953125 0.033203125 0.0224609375
0 0.595703125 0.990234375 0.033203125 0.01953125