0 0.3662109375 0.01025390625 0.033203125 0.0205078125
0 0.2783203125 0.033203125 0.033203125 0.033203125
0 0.642578125 0.056640625 0.033203125 0.033203125
0 0.6591796875 0.056640625 0.033203125 0.033203125
0 0.67578125 0.0595703125 0.033203125 0.033203125
0 0.2763671875 0.0712890625 0.033203125 0.033203125
0 0.8125 0.078125 0.033203125 0.033203125
0 0.689453125 0.095703125 0.033203125 0.033203125
0 0.275390625 0.115234375 0.033203125 0.033203125
0 0.6044921875 0.13671875 0.033203125 0.033203125
0 0.638671875 0.1376953125 0.033203125 0.033203125
0 0.658203125 0.1376953125 0.033203125 0.033203125
0 0.5849609375 0.1396484375 0.033203125 0.033203125
0 0.8095703125 0.1474609375 0.033203125 0.033203125
0 0.810546875 0.1669921875 0.033203125 0.033203125
0 0.9833984375 0.2509765625 0.033203125 0.033203125
0 0.98388671875 0.2509765625 0.0322265625 0.033203125
0 0.4482421875 0.251953125 0.033203125 0.033203125
0 0.966796875 0.251953125 0.033203125 0.033203125
0 0.94921875 0.25390625 0.033203125 0.033203125
0 0.89453125 0.255859375 0.033203125 0.033203125
0 0.9296875 0.255859375 0.033203125 0.033203125
0 0.3212890625 0.2587890625 0.033203125 0.033203125
0 0.546875 0.263671875 0.033203125 0.033203125
0 0.5869140625 0.263671875 0.033203125 0.033203125
0 0.6259765625 0.2646484375 0.033203125 0.033203125
0 0.6064453125 0.265625 0.033203125 0.033203125
0 0.2978515625 0.3408203125 0.033203125 0.033203125
0 0.345703125 0.3603515625 0.033203125 0.033203125
0 0.212890625 0.37109375 0.033203125 0.033203125
0 0.1982421875 0.4169921875 0.033203125 0.033203125
0 0.296875 0.43359375 0.033203125 0.033203125
0 0.2900390625 0.5390625 0.033203125 0.033203125
0 0.3193359375 0.5419921875 0.033203125 0.033203125
0 0.5390625 0.5703125 0.033203125 0.033203125
0 0.341796875 0.5771484375 0.033203125 0.033203125
0 0.537109375 0.6044921875 0.033203125 0.033203125
0 0.21484375 0.611328125 0.033203125 0.033203125
0 0.53515625 0.623046875 0.033203125 0.033203125
0 0.095703125 0.6279296875 0.033203125 0.033203125
0 0.1298828125 0.6279296875 0.033203125 0.033203125
0 0.322265625 0.6376953125 0.033203125 0.033203125
0 0.294921875 0.6435546875 0.033203125 0.033203125
0 0.935546875 0.654296875 0.033203125 0.033203125
0 0.5390625 0.6552734375 0.033203125 0.033203125
0 0.8466796875 0.658203125 0.033203125 0.033203125
0 0.5380859375 0.693359375 0.033203125 0.033203125
0 0.5361328125 0.7080078125 0.033203125 0.033203125
0 0.0927734375 0.708984375 0.033203125 0.033203125
0 0.0537109375 0.7099609375 0.033203125 0.033203125
0 0.53515625 0.728515625 0.033203125 0.033203125
0 0.53515625 0.7626953125 0.033203125 0.033203125
0 0.53515625 0.78125 0.033203125 0.033203125
0 0.5341796875 0.798828125 0.033203125 0.033203125
0 0.3935546875 0.806640625 0.033203125 0.033203125
0 0.8505859375 0.8076171875 0.033203125 0.033203125
0 0.9306640625 0.8173828125 0.033203125 0.033203125
0 0.5341796875 0.818359375 0.033203125 0.033203125
0 0.8486328125 0.8291015625 0.033203125 0.033203125
0 0.29296875 0.833984375 0.033203125 0.033203125
0 0.935546875 0.8359375 0.033203125 0.033203125
0 0.53515625 0.8544921875 0.033203125 0.033203125
0 0.4384765625 0.8583984375 0.033203125 0.033203125
0 0.8876953125 0.8818359375 0.033203125 0.033203125
0 0.3173828125 0.904296875 0.033203125 0.033203125
0 0.9287109375 0.904296875 0.033203125 0.033203125
0 0.3408203125 0.91796875 0.033203125 0.033203125
0 0.5341796875 0.9248046875 0.033203125 0.033203125
0 0.29296875 0.9423828125 0.033203125 0.033203125
0 0.6171875 0.9736328125 0.033203125 0.033203125
0 0.935546875 0.978515625 0.033203125 0.033203125
0 0.6181640625 0.98828125 0.033203125 0.0234375