0 0.802734375 0.01416015625 0.033203125 0.0283203125
0 0.77734375 0.0234375 0.033203125 0.033203125
0 0.7490234375 0.0478515625 0.033203125 0.033203125
0 0.466796875 0.080078125 0.033203125 0.033203125
0 0.4326171875 0.3134765625 0.033203125 0.033203125
0 0.98828125 0.39453125 0.0234375 0.033203125
0 0.05859375 0.638671875 0.033203125 0.033203125
0 0.9287109375 0.642578125 0.033203125 0.033203125
0 0.9638671875 0.6435546875 0.033203125 0.033203125
0 0.94921875 0.6513671875 0.033203125 0.033203125
0 0.6337890625 0.73828125 0.033203125 0.033203125
0 0.6328125 0.7607421875 0.033203125 0.033203125