0 0.2578125 0.0576171875 0.033203125 0.033203125
0 0.8935546875 0.1748046875 0.033203125 0.033203125
0 0.9306640625 0.232421875 0.033203125 0.033203125
0 0.01416015625 0.451171875 0.0283203125 0.033203125
0 0.0341796875 0.4541015625 0.033203125 0.033203125
0 0.2919921875 0.6875 0.033203125 0.033203125
0 0.4677734375 0.712890625 0.033203125 0.033203125
0 0.755859375 0.712890625 0.033203125 0.033203125
0 0.5576171875 0.7138671875 0.033203125 0.033203125
0 0.3974609375 0.71484375 0.033203125 0.033203125
0 0.4150390625 0.71484375 0.033203125 0.033203125
0 0.486328125 0.71484375 0.033203125 0.033203125
0 0.5732421875 0.71484375 0.033203125 0.033203125
0 0.6298828125 0.71484375 0.033203125 0.033203125
0 0.666015625 0.71484375 0.033203125 0.033203125
0 0.736328125 0.71484375 0.033203125 0.033203125
0 0.7744140625 0.71484375 0.033203125 0.033203125
0 0.43359375 0.7158203125 0.033203125 0.033203125
0 0.4501953125 0.7158203125 0.033203125 0.033203125
0 0.541015625 0.7158203125 0.033203125 0.033203125
0 0.6826171875 0.7158203125 0.033203125 0.033203125
0 0.5224609375 0.716796875 0.033203125 0.033203125
0 0.59375 0.716796875 0.033203125 0.033203125
0 0.71875 0.716796875 0.033203125 0.033203125
0 0.611328125 0.7177734375 0.033203125 0.033203125
0 0.6474609375 0.7177734375 0.033203125 0.033203125
0 0.8251953125 0.7177734375 0.033203125 0.033203125
0 0.8427734375 0.71875 0.033203125 0.033203125
0 0.7890625 0.7197265625 0.033203125 0.033203125
0 0.505859375 0.720703125 0.033203125 0.033203125
0 0.810546875 0.7216796875 0.033203125 0.033203125
0 0.7021484375 0.7275390625 0.033203125 0.033203125
0 0.3955078125 0.802734375 0.033203125 0.033203125
0 0.4150390625 0.8037109375 0.033203125 0.033203125
0 0.43359375 0.8046875 0.033203125 0.033203125
0 0.4501953125 0.8046875 0.033203125 0.033203125
0 0.466796875 0.8046875 0.033203125 0.033203125
0 0.484375 0.8046875 0.033203125 0.033203125
0 0.6796875 0.8046875 0.033203125 0.033203125
0 0.5390625 0.8056640625 0.033203125 0.033203125
0 0.5576171875 0.8056640625 0.033203125 0.033203125
0 0.6103515625 0.8056640625 0.033203125 0.033203125
0 0.7890625 0.8056640625 0.033203125 0.033203125
0 0.5029296875 0.806640625 0.033203125 0.033203125
0 0.8408203125 0.806640625 0.033203125 0.033203125
0 0.5751953125 0.8076171875 0.033203125 0.033203125
0 0.8056640625 0.8076171875 0.033203125 0.033203125
0 0.8232421875 0.8076171875 0.033203125 0.033203125
0 0.5224609375 0.80859375 0.033203125 0.033203125
0 0.591796875 0.80859375 0.033203125 0.033203125
0 0.697265625 0.80859375 0.033203125 0.033203125
0 0.716796875 0.80859375 0.033203125 0.033203125
0 0.736328125 0.8095703125 0.033203125 0.033203125
0 0.7666015625 0.8115234375 0.033203125 0.033203125
0 0.8623046875 0.8115234375 0.033203125 0.033203125
0 0.8984375 0.8447265625 0.033203125 0.033203125
0 0.9853515625 0.8671875 0.029296875 0.033203125
0 0.8994140625 0.888671875 0.033203125 0.033203125
0 0.98583984375 0.8984375 0.0283203125 0.033203125
0 0.8974609375 0.9072265625 0.033203125 0.033203125
0 0.896484375 0.9248046875 0.033203125 0.033203125
0 0.984375 0.931640625 0.03125 0.033203125
0 0.8955078125 0.9423828125 0.033203125 0.033203125
0 0.9345703125 0.9501953125 0.033203125 0.033203125
0 0.896484375 0.9609375 0.033203125 0.033203125
0 0.984375 0.9677734375 0.03125 0.033203125
0 0.89453125 0.98388671875 0.033203125 0.0322265625