0 0.27734375 0.01220703125 0.033203125 0.0244140625
0 0.109375 0.0400390625 0.033203125 0.033203125
0 0.2333984375 0.0400390625 0.033203125 0.033203125
0 0.494140625 0.041015625 0.033203125 0.033203125
0 0.53515625 0.04296875 0.033203125 0.033203125
0 0.017578125 0.0478515625 0.033203125 0.033203125
0 0.625 0.05078125 0.033203125 0.033203125
0 0.41015625 0.0537109375 0.033203125 0.033203125
0 0.10546875 0.07421875 0.033203125 0.033203125
0 0.017578125 0.0810546875 0.033203125 0.033203125
0 0.10546875 0.091796875 0.033203125 0.033203125
0 0.2353515625 0.09375 0.033203125 0.033203125
0 0.2744140625 0.095703125 0.033203125 0.033203125
0 0.0166015625 0.099609375 0.033203125 0.033203125
0 0.107421875 0.1083984375 0.033203125 0.033203125
0 0.537109375 0.11328125 0.033203125 0.033203125
0 0.494140625 0.115234375 0.033203125 0.033203125
0 0.279296875 0.1162109375 0.033203125 0.033203125
0 0.0166015625 0.1201171875 0.033203125 0.033203125
0 0.4921875 0.130859375 0.033203125 0.033203125
0 0.279296875 0.1318359375 0.033203125 0.033203125
0 0.0166015625 0.134765625 0.033203125 0.033203125
0 0.279296875 0.1484375 0.033203125 0.033203125
0 0.2392578125 0.150390625 0.033203125 0.033203125
0 0.4921875 0.150390625 0.033203125 0.033203125
0 0.015625 0.15625 0.03125 0.033203125
0 0.537109375 0.1640625 0.033203125 0.033203125
0 0.14453125 0.1669921875 0.033203125 0.033203125
0 0.623046875 0.1669921875 0.033203125 0.033203125
0 0.2783203125 0.16796875 0.033203125 0.033203125
0 0.66796875 0.169921875 0.033203125 0.033203125
0 0.279296875 0.181640625 0.033203125 0.033203125
0 0.1474609375 0.1826171875 0.033203125 0.033203125
0 0.4921875 0.18359375 0.033203125 0.033203125
0 0.5341796875 0.18359375 0.033203125 0.033203125
0 0.2373046875 0.1865234375 0.033203125 0.033203125
0 0.1513671875 0.201171875 0.033203125 0.033203125
0 0.4912109375 0.201171875 0.033203125 0.033203125
0 0.533203125 0.203125 0.033203125 0.033203125
0 0.6220703125 0.2041015625 0.033203125 0.033203125
0 0.4052734375 0.212890625 0.033203125 0.033203125
0 0.3671875 0.2138671875 0.033203125 0.033203125
0 0.5341796875 0.21875 0.033203125 0.033203125
0 0.146484375 0.2197265625 0.033203125 0.033203125
0 0.2353515625 0.2197265625 0.033203125 0.033203125
0 0.361328125 0.232421875 0.033203125 0.033203125
0 0.2392578125 0.2373046875 0.033203125 0.033203125
0 0.4892578125 0.2373046875 0.033203125 0.033203125
0 0.5361328125 0.2392578125 0.033203125 0.033203125
0 0.53515625 0.255859375 0.033203125 0.033203125
0 0.623046875 0.255859375 0.033203125 0.033203125
0 0.4921875 0.275390625 0.033203125 0.033203125
0 0.5341796875 0.275390625 0.033203125 0.033203125
0 0.619140625 0.28515625 0.033203125 0.033203125
0 0.5341796875 0.2919921875 0.033203125 0.033203125
0 0.5341796875 0.3115234375 0.033203125 0.033203125
0 0.4970703125 0.32421875 0.033203125 0.033203125
0 0.5341796875 0.326171875 0.033203125 0.033203125
0 0.619140625 0.3291015625 0.033203125 0.033203125
0 0.6630859375 0.3291015625 0.033203125 0.033203125
0 0.490234375 0.3427734375 0.033203125 0.033203125
0 0.5322265625 0.345703125 0.033203125 0.033203125
0 0.4931640625 0.3818359375 0.033203125 0.033203125
0 0.537109375 0.3828125 0.033203125 0.033203125
0 0.4033203125 0.390625 0.033203125 0.033203125
0 0.49609375 0.3984375 0.033203125 0.033203125
0 0.619140625 0.400390625 0.033203125 0.033203125
0 0.4033203125 0.4091796875 0.033203125 0.033203125
0 0.53125 0.41796875 0.033203125 0.033203125
0 0.755859375 0.41796875 0.033203125 0.033203125
0 0.623046875 0.431640625 0.033203125 0.033203125
0 0.662109375 0.431640625 0.033203125 0.033203125
0 0.533203125 0.4345703125 0.033203125 0.033203125
0 0.7587890625 0.4404296875 0.033203125 0.033203125
0 0.6201171875 0.4521484375 0.033203125 0.033203125
0 0.5322265625 0.453125 0.033203125 0.033203125
0 0.662109375 0.455078125 0.033203125 0.033203125
0 0.7568359375 0.458984375 0.033203125 0.033203125
0 0.4912109375 0.46875 0.033203125 0.033203125
0 0.53125 0.4697265625 0.033203125 0.033203125
0 0.6181640625 0.470703125 0.033203125 0.033203125
0 0.4013671875 0.4765625 0.033203125 0.033203125
0 0.755859375 0.4775390625 0.033203125 0.033203125
0 0.626953125 0.4873046875 0.033203125 0.033203125
0 0.4921875 0.48828125 0.033203125 0.033203125
0 0.662109375 0.490234375 0.033203125 0.033203125
0 0.4013671875 0.494140625 0.033203125 0.033203125
0 0.755859375 0.4970703125 0.033203125 0.033203125
0 0.6181640625 0.50390625 0.033203125 0.033203125
0 0.494140625 0.5048828125 0.033203125 0.033203125
0 0.6640625 0.5048828125 0.033203125 0.033203125
0 0.75390625 0.513671875 0.033203125 0.033203125
0 0.4921875 0.5224609375 0.033203125 0.033203125
0 0.630859375 0.5224609375 0.033203125 0.033203125
0 0.5322265625 0.5244140625 0.033203125 0.033203125
0 0.7529296875 0.5390625 0.033203125 0.033203125
0 0.6162109375 0.541015625 0.033203125 0.033203125
0 0.6640625 0.54296875 0.033203125 0.033203125
0 0.6220703125 0.5556640625 0.033203125 0.033203125
0 0.7587890625 0.560546875 0.033203125 0.033203125
0 0.6591796875 0.5625 0.033203125 0.033203125
0 0.619140625 0.576171875 0.033203125 0.033203125
0 0.7529296875 0.578125 0.033203125 0.033203125
0 0.6640625 0.580078125 0.033203125 0.033203125
0 0.6181640625 0.5947265625 0.033203125 0.033203125
0 0.6611328125 0.5947265625 0.033203125 0.033203125
0 0.662109375 0.6142578125 0.033203125 0.033203125
0 0.619140625 0.6328125 0.033203125 0.033203125
0 0.658203125 0.6337890625 0.033203125 0.033203125
0 0.9873046875 0.6640625 0.025390625 0.033203125
0 0.9013671875 0.666015625 0.033203125 0.033203125
0 0.8798828125 0.6669921875 0.033203125 0.033203125
0 0.9716796875 0.6669921875 0.033203125 0.033203125