0 0.287109375 0.0078125 0.033203125 0.015625
0 0.40625 0.01171875 0.033203125 0.0234375
0 0.3330078125 0.0166015625 0.033203125 0.033203125
0 0.287109375 0.017578125 0.033203125 0.033203125
0 0.2275390625 0.0224609375 0.033203125 0.033203125
0 0.08984375 0.0302734375 0.033203125 0.033203125
0 0.01953125 0.0361328125 0.033203125 0.033203125
0 0.2890625 0.0361328125 0.033203125 0.033203125
0 0.3291015625 0.037109375 0.033203125 0.033203125
0 0.2890625 0.0546875 0.033203125 0.033203125
0 0.544921875 0.05859375 0.033203125 0.033203125
0 0.1904296875 0.0595703125 0.033203125 0.033203125
0 0.2265625 0.060546875 0.033203125 0.033203125
0 0.08984375 0.0615234375 0.033203125 0.033203125
0 0.3271484375 0.0634765625 0.033203125 0.033203125
0 0.9609375 0.0673828125 0.033203125 0.033203125
0 0.0185546875 0.0693359375 0.033203125 0.033203125
0 0.291015625 0.07421875 0.033203125 0.033203125
0 0.783203125 0.076171875 0.033203125 0.033203125
0 0.806640625 0.078125 0.033203125 0.033203125
0 0.330078125 0.080078125 0.033203125 0.033203125
0 0.5869140625 0.083984375 0.033203125 0.033203125
0 0.01611328125 0.0869140625 0.0322265625 0.033203125
0 0.330078125 0.095703125 0.033203125 0.033203125
0 0.404296875 0.09765625 0.033203125 0.033203125
0 0.0830078125 0.0986328125 0.033203125 0.033203125
0 0.783203125 0.099609375 0.033203125 0.033203125
0 0.1845703125 0.1005859375 0.033203125 0.033203125
0 0.935546875 0.1005859375 0.033203125 0.033203125
0 0.185546875 0.1015625 0.033203125 0.033203125
0 0.892578125 0.1015625 0.033203125 0.033203125
0 0.9111328125 0.1015625 0.033203125 0.033203125
0 0.8291015625 0.1025390625 0.033203125 0.033203125
0 0.845703125 0.1025390625 0.033203125 0.033203125
0 0.8720703125 0.1044921875 0.033203125 0.033203125
0 0.955078125 0.1044921875 0.033203125 0.033203125
0 0.9755859375 0.10546875 0.033203125 0.033203125
0 0.328125 0.115234375 0.033203125 0.033203125
0 0.1240234375 0.1162109375 0.033203125 0.033203125
0 0.216796875 0.119140625 0.033203125 0.033203125
0 0.017578125 0.1201171875 0.033203125 0.033203125
0 0.287109375 0.1357421875 0.033203125 0.033203125
0 0.017578125 0.13671875 0.033203125 0.033203125
0 0.087890625 0.1494140625 0.033203125 0.033203125
0 0.3271484375 0.1494140625 0.033203125 0.033203125
0 0.1259765625 0.1513671875 0.033203125 0.033203125
0 0.017578125 0.1552734375 0.033203125 0.033203125
0 0.775390625 0.1640625 0.033203125 0.033203125
0 0.8681640625 0.1669921875 0.033203125 0.033203125
0 0.400390625 0.169921875 0.033203125 0.033203125
0 0.892578125 0.171875 0.033203125 0.033203125
0 0.95703125 0.171875 0.033203125 0.033203125
0 0.830078125 0.1728515625 0.033203125 0.033203125
0 0.8505859375 0.1728515625 0.033203125 0.033203125
0 0.9150390625 0.1728515625 0.033203125 0.033203125
0 0.9384765625 0.1728515625 0.033203125 0.033203125
0 0.017578125 0.18359375 0.033203125 0.033203125
0 0.0859375 0.19921875 0.033203125 0.033203125
0 0.7265625 0.201171875 0.033203125 0.033203125
0 0.9091796875 0.201171875 0.033203125 0.033203125
0 0.84375 0.203125 0.033203125 0.033203125
0 0.875 0.203125 0.033203125 0.033203125
0 0.0185546875 0.2041015625 0.033203125 0.033203125
0 0.7578125 0.2041015625 0.033203125 0.033203125
0 0.978515625 0.2041015625 0.033203125 0.033203125
0 0.861328125 0.2060546875 0.033203125 0.033203125
0 0.92578125 0.2060546875 0.033203125 0.033203125
0 0.943359375 0.20703125 0.033203125 0.033203125
0 0.9892578125 0.20703125 0.021484375 0.033203125
0 0.8271484375 0.208984375 0.033203125 0.033203125
0 0.9609375 0.208984375 0.033203125 0.033203125
0 0.0166015625 0.220703125 0.033203125 0.033203125
0 0.4794921875 0.2216796875 0.033203125 0.033203125
0 0.083984375 0.2333984375 0.033203125 0.033203125
0 0.0859375 0.2490234375 0.033203125 0.033203125
0 0.0908203125 0.267578125 0.033203125 0.033203125
0 0.0185546875 0.271484375 0.033203125 0.033203125
0 0.4814453125 0.275390625 0.033203125 0.033203125
0 0.888671875 0.2841796875 0.033203125 0.033203125
0 0.95703125 0.2841796875 0.033203125 0.033203125
0 0.8056640625 0.28515625 0.033203125 0.033203125
0 0.837890625 0.28515625 0.033203125 0.033203125
0 0.9873046875 0.28515625 0.025390625 0.033203125
0 0.97265625 0.2861328125 0.033203125 0.033203125
0 0.0888671875 0.287109375 0.033203125 0.033203125
0 0.822265625 0.287109375 0.033203125 0.033203125
0 0.9375 0.287109375 0.033203125 0.033203125
0 0.857421875 0.2880859375 0.033203125 0.033203125
0 0.873046875 0.2880859375 0.033203125 0.033203125
0 0.013671875 0.3037109375 0.02734375 0.033203125
0 0.0908203125 0.3037109375 0.033203125 0.033203125
0 0.62109375 0.3134765625 0.033203125 0.033203125
0 0.087890625 0.318359375 0.033203125 0.033203125
0 0.478515625 0.318359375 0.033203125 0.033203125
0 0.0146484375 0.3232421875 0.029296875 0.033203125
0 0.728515625 0.3232421875 0.033203125 0.033203125
0 0.74609375 0.328125 0.033203125 0.033203125
0 0.92578125 0.3310546875 0.033203125 0.033203125
0 0.0859375 0.3369140625 0.033203125 0.033203125
0 0.013671875 0.337890625 0.02734375 0.033203125
0 0.1669921875 0.33984375 0.033203125 0.033203125
0 0.220703125 0.3408203125 0.033203125 0.033203125
0 0.1455078125 0.341796875 0.033203125 0.033203125
0 0.1259765625 0.3427734375 0.033203125 0.033203125
0 0.298828125 0.3427734375 0.033203125 0.033203125
0 0.3330078125 0.3427734375 0.033203125 0.033203125
0 0.373046875 0.3427734375 0.033203125 0.033203125
0 0.2802734375 0.34375 0.033203125 0.033203125
0 0.2626953125 0.349609375 0.033203125 0.033203125
0 0.0859375 0.3505859375 0.033203125 0.033203125
0 0.01123046875 0.3564453125 0.0224609375 0.033203125
0 0.583984375 0.36328125 0.033203125 0.033203125
0 0.013671875 0.37109375 0.02734375 0.033203125
0 0.0859375 0.3779296875 0.033203125 0.033203125
0 0.01220703125 0.3876953125 0.0244140625 0.033203125
0 0.0859375 0.3974609375 0.033203125 0.033203125
0 0.16796875 0.4052734375 0.033203125 0.033203125
0 0.150390625 0.40625 0.033203125 0.033203125
0 0.01318359375 0.4072265625 0.0263671875 0.033203125
0 0.203125 0.4072265625 0.033203125 0.033203125
0 0.23828125 0.4072265625 0.033203125 0.033203125
0 0.2216796875 0.408203125 0.033203125 0.033203125
0 0.0849609375 0.41015625 0.033203125 0.033203125
0 0.255859375 0.41015625 0.033203125 0.033203125
0 0.330078125 0.4111328125 0.033203125 0.033203125
0 0.291015625 0.412109375 0.033203125 0.033203125
0 0.2734375 0.4140625 0.033203125 0.033203125
0 0.3095703125 0.416015625 0.033203125 0.033203125
0 0.01416015625 0.421875 0.0283203125 0.033203125
0 0.708984375 0.4228515625 0.033203125 0.033203125
0 0.724609375 0.42578125 0.033203125 0.033203125
0 0.88671875 0.4267578125 0.033203125 0.033203125
0 0.7861328125 0.427734375 0.033203125 0.033203125
0 0.0849609375 0.4287109375 0.033203125 0.033203125
0 0.904296875 0.4287109375 0.033203125 0.033203125
0 0.9560546875 0.4287109375 0.033203125 0.033203125
0 0.740234375 0.4296875 0.033203125 0.033203125
0 0.7734375 0.4306640625 0.033203125 0.033203125
0 0.7548828125 0.431640625 0.033203125 0.033203125
0 0.37109375 0.44140625 0.033203125 0.033203125
0 0.2275390625 0.4423828125 0.033203125 0.033203125
0 0.205078125 0.443359375 0.033203125 0.033203125
0 0.3515625 0.443359375 0.033203125 0.033203125
0 0.08203125 0.4462890625 0.033203125 0.033203125
0 0.2607421875 0.4462890625 0.033203125 0.033203125
0 0.3154296875 0.447265625 0.033203125 0.033203125
0 0.0849609375 0.4658203125 0.033203125 0.033203125
0 0.623046875 0.484375 0.033203125 0.033203125
0 0.048828125 0.486328125 0.033203125 0.033203125
0 0.025390625 0.4892578125 0.033203125 0.033203125
0 0.5810546875 0.5146484375 0.033203125 0.033203125
0 0.25390625 0.5166015625 0.033203125 0.033203125
0 0.271484375 0.5166015625 0.033203125 0.033203125
0 0.21875 0.517578125 0.033203125 0.033203125
0 0.291015625 0.5185546875 0.033203125 0.033203125
0 0.3232421875 0.5185546875 0.033203125 0.033203125
0 0.3623046875 0.5185546875 0.033203125 0.033203125
0 0.30859375 0.5205078125 0.033203125 0.033203125
0 0.3447265625 0.5244140625 0.033203125 0.033203125
0 0.09375 0.5400390625 0.033203125 0.033203125
0 0.0224609375 0.5458984375 0.033203125 0.033203125
0 0.8525390625 0.5478515625 0.033203125 0.033203125
0 0.2626953125 0.548828125 0.033203125 0.033203125
0 0.28125 0.548828125 0.033203125 0.033203125
0 0.8046875 0.548828125 0.033203125 0.033203125
0 0.2060546875 0.55078125 0.033203125 0.033203125
0 0.306640625 0.55078125 0.033203125 0.033203125
0 0.1845703125 0.552734375 0.033203125 0.033203125
0 0.244140625 0.552734375 0.033203125 0.033203125
0 0.7099609375 0.62109375 0.033203125 0.033203125
0 0.330078125 0.6357421875 0.033203125 0.033203125
0 0.29296875 0.638671875 0.033203125 0.033203125
0 0.2509765625 0.640625 0.033203125 0.033203125
0 0.611328125 0.662109375 0.033203125 0.033203125
0 0.021484375 0.7763671875 0.033203125 0.033203125
0 0.6044921875 0.83203125 0.033203125 0.033203125
0 0.23828125 0.8330078125 0.033203125 0.033203125
0 0.3212890625 0.8369140625 0.033203125 0.033203125
0 0.0244140625 0.865234375 0.033203125 0.033203125
0 0.02734375 0.884765625 0.033203125 0.033203125
0 0.7197265625 0.884765625 0.033203125 0.033203125
0 0.025390625 0.9033203125 0.033203125 0.033203125
0 0.02734375 0.9189453125 0.033203125 0.033203125
0 0.5791015625 0.9345703125 0.033203125 0.033203125
0 0.021484375 0.955078125 0.033203125 0.033203125
0 0.3310546875 0.98388671875 0.033203125 0.0322265625
0 0.6015625 0.984375 0.033203125 0.03125
0 0.3701171875 0.9873046875 0.033203125 0.025390625