0 0.2353515625 0.00830078125 0.033203125 0.0166015625
0 0.2431640625 0.025390625 0.033203125 0.033203125
0 0.248046875 0.0439453125 0.033203125 0.033203125
0 0.244140625 0.0654296875 0.033203125 0.033203125
0 0.244140625 0.06640625 0.033203125 0.033203125
0 0.3759765625 0.7373046875 0.033203125 0.033203125
0 0.017578125 0.7568359375 0.033203125 0.033203125
0 0.37109375 0.7783203125 0.033203125 0.033203125
0 0.3740234375 0.7939453125 0.033203125 0.033203125
0 0.376953125 0.81640625 0.033203125 0.033203125
0 0.3759765625 0.8359375 0.033203125 0.033203125