0 0.666015625 0.1279296875 0.033203125 0.033203125
0 0.9072265625 0.283203125 0.033203125 0.033203125
0 0.4404296875 0.3115234375 0.033203125 0.033203125
0 0.6220703125 0.3115234375 0.033203125 0.033203125
0 0.3994140625 0.3330078125 0.033203125 0.033203125
0 0.9765625 0.3623046875 0.033203125 0.033203125
0 0.98974609375 0.3642578125 0.0205078125 0.033203125
0 0.0205078125 0.6357421875 0.033203125 0.033203125
0 0.521484375 0.6787109375 0.033203125 0.033203125
0 0.23828125 0.796875 0.033203125 0.033203125
0 0.0205078125 0.82421875 0.033203125 0.033203125
0 0.783203125 0.9072265625 0.033203125 0.033203125
0 0.0185546875 0.966796875 0.033203125 0.033203125