0 0.2314453125 0.279296875 0.033203125 0.033203125
0 0.373046875 0.2939453125 0.033203125 0.033203125
0 0.373046875 0.294921875 0.033203125 0.033203125
0 0.4716796875 0.296875 0.033203125 0.033203125
0 0.3720703125 0.3154296875 0.033203125 0.033203125
0 0.3740234375 0.353515625 0.033203125 0.033203125
0 0.375 0.373046875 0.033203125 0.033203125
0 0.2353515625 0.3779296875 0.033203125 0.033203125
0 0.3681640625 0.390625 0.033203125 0.033203125
0 0.4716796875 0.3984375 0.033203125 0.033203125
0 0.4716796875 0.41796875 0.033203125 0.033203125
0 0.470703125 0.439453125 0.033203125 0.033203125
0 0.228515625 0.4580078125 0.033203125 0.033203125
0 0.333984375 0.47265625 0.033203125 0.033203125
0 0.470703125 0.5390625 0.033203125 0.033203125
0 0.2333984375 0.5751953125 0.033203125 0.033203125
0 0.365234375 0.58984375 0.033203125 0.033203125
0 0.466796875 0.59765625 0.033203125 0.033203125
0 0.46875 0.6171875 0.033203125 0.033203125
0 0.3662109375 0.6513671875 0.033203125 0.033203125
0 0.46875 0.654296875 0.033203125 0.033203125
0 0.46875 0.67578125 0.033203125 0.033203125
0 0.2265625 0.6767578125 0.033203125 0.033203125
0 0.2265625 0.677734375 0.033203125 0.033203125
0 0.33203125 0.6904296875 0.033203125 0.033203125
0 0.3681640625 0.712890625 0.033203125 0.033203125
0 0.23046875 0.7138671875 0.033203125 0.033203125
0 0.3349609375 0.7138671875 0.033203125 0.033203125
0 0.33203125 0.7314453125 0.033203125 0.033203125
0 0.3720703125 0.7333984375 0.033203125 0.033203125
0 0.326171875 0.75 0.033203125 0.033203125
0 0.3681640625 0.7509765625 0.033203125 0.033203125
0 0.3642578125 0.767578125 0.033203125 0.033203125
0 0.330078125 0.771484375 0.033203125 0.033203125
0 0.2314453125 0.7763671875 0.033203125 0.033203125
0 0.4638671875 0.7958984375 0.033203125 0.033203125
0 0.36328125 0.8095703125 0.033203125 0.033203125
0 0.328125 0.810546875 0.033203125 0.033203125
0 0.46875 0.814453125 0.033203125 0.033203125
0 0.2265625 0.818359375 0.033203125 0.033203125
0 0.3271484375 0.8291015625 0.033203125 0.033203125
0 0.365234375 0.830078125 0.033203125 0.033203125
0 0.46875 0.8359375 0.033203125 0.033203125
0 0.466796875 0.8544921875 0.033203125 0.033203125
0 0.3203125 0.8671875 0.033203125 0.033203125
0 0.36328125 0.8681640625 0.033203125 0.033203125
0 0.466796875 0.9326171875 0.033203125 0.033203125
0 0.32421875 0.9697265625 0.033203125 0.033203125
0 0.3671875 0.98681640625 0.033203125 0.0263671875