0 0.873046875 0.00830078125 0.033203125 0.0166015625
0 0.896484375 0.00830078125 0.033203125 0.0166015625
0 0.9208984375 0.00927734375 0.033203125 0.0185546875
0 0.7783203125 0.009765625 0.033203125 0.01953125
0 0.9443359375 0.009765625 0.033203125 0.01953125
0 0.96875 0.009765625 0.033203125 0.01953125
0 0.736328125 0.0146484375 0.033203125 0.029296875
0 0.208984375 0.0205078125 0.033203125 0.033203125
0 0.2080078125 0.03515625 0.033203125 0.033203125
0 0.724609375 0.0478515625 0.033203125 0.033203125
0 0.2353515625 0.05078125 0.033203125 0.033203125
0 0.5888671875 0.0517578125 0.033203125 0.033203125
0 0.2333984375 0.0537109375 0.033203125 0.033203125
0 0.50390625 0.0537109375 0.033203125 0.033203125
0 0.537109375 0.0537109375 0.033203125 0.033203125
0 0.4365234375 0.0556640625 0.033203125 0.033203125
0 0.47265625 0.0556640625 0.033203125 0.033203125
0 0.48828125 0.0556640625 0.033203125 0.033203125
0 0.57421875 0.0556640625 0.033203125 0.033203125
0 0.6064453125 0.0556640625 0.033203125 0.033203125
0 0.6259765625 0.0556640625 0.033203125 0.033203125
0 0.5205078125 0.056640625 0.033203125 0.033203125
0 0.5556640625 0.056640625 0.033203125 0.033203125
0 0.6435546875 0.056640625 0.033203125 0.033203125
0 0.6630859375 0.05859375 0.033203125 0.033203125
0 0.4560546875 0.0595703125 0.033203125 0.033203125
0 0.234375 0.0673828125 0.033203125 0.033203125
0 0.7294921875 0.08203125 0.033203125 0.033203125
0 0.31640625 0.0849609375 0.033203125 0.033203125
0 0.58984375 0.0869140625 0.033203125 0.033203125
0 0.5400390625 0.087890625 0.033203125 0.033203125
0 0.5556640625 0.087890625 0.033203125 0.033203125
0 0.4365234375 0.0908203125 0.033203125 0.033203125
0 0.5078125 0.0908203125 0.033203125 0.033203125
0 0.455078125 0.091796875 0.033203125 0.033203125
0 0.4716796875 0.091796875 0.033203125 0.033203125
0 0.490234375 0.091796875 0.033203125 0.033203125
0 0.5234375 0.091796875 0.033203125 0.033203125
0 0.572265625 0.091796875 0.033203125 0.033203125
0 0.6064453125 0.091796875 0.033203125 0.033203125
0 0.6396484375 0.091796875 0.033203125 0.033203125
0 0.6611328125 0.091796875 0.033203125 0.033203125
0 0.2216796875 0.0986328125 0.033203125 0.033203125
0 0.3232421875 0.1005859375 0.033203125 0.033203125
0 0.220703125 0.1171875 0.033203125 0.033203125
0 0.7294921875 0.142578125 0.033203125 0.033203125
0 0.2421875 0.146484375 0.033203125 0.033203125
0 0.185546875 0.1474609375 0.033203125 0.033203125
0 0.08203125 0.1484375 0.033203125 0.033203125
0 0.185546875 0.1484375 0.033203125 0.033203125
0 0.7919921875 0.1494140625 0.033203125 0.033203125
0 0.4365234375 0.154296875 0.033203125 0.033203125
0 0.2978515625 0.1552734375 0.033203125 0.033203125
0 0.4873046875 0.15625 0.033203125 0.033203125
0 0.4716796875 0.1572265625 0.033203125 0.033203125
0 0.5908203125 0.158203125 0.033203125 0.033203125
0 0.505859375 0.1591796875 0.033203125 0.033203125
0 0.572265625 0.1591796875 0.033203125 0.033203125
0 0.6240234375 0.1591796875 0.033203125 0.033203125
0 0.455078125 0.16015625 0.033203125 0.033203125
0 0.6064453125 0.16015625 0.033203125 0.033203125
0 0.5234375 0.1611328125 0.033203125 0.033203125
0 0.5400390625 0.1611328125 0.033203125 0.033203125
0 0.5576171875 0.1611328125 0.033203125 0.033203125
0 0.55859375 0.1611328125 0.033203125 0.033203125
0 0.640625 0.1611328125 0.033203125 0.033203125
0 0.66015625 0.162109375 0.033203125 0.033203125
0 0.6591796875 0.26171875 0.033203125 0.033203125
0 0.6455078125 0.5869140625 0.033203125 0.033203125
0 0.6865234375 0.5869140625 0.033203125 0.033203125
0 0.6240234375 0.58984375 0.033203125 0.033203125
0 0.6640625 0.5908203125 0.033203125 0.033203125
0 0.6015625 0.5927734375 0.033203125 0.033203125
0 0.6845703125 0.6533203125 0.033203125 0.033203125
0 0.587890625 0.6572265625 0.033203125 0.033203125
0 0.603515625 0.658203125 0.033203125 0.033203125
0 0.6162109375 0.658203125 0.033203125 0.033203125
0 0.5673828125 0.6591796875 0.033203125 0.033203125
0 0.521484375 0.66015625 0.033203125 0.033203125
0 0.5537109375 0.66015625 0.033203125 0.033203125
0 0.6708984375 0.66015625 0.033203125 0.033203125
0 0.6376953125 0.6611328125 0.033203125 0.033203125
0 0.4091796875 0.6630859375 0.033203125 0.033203125
0 0.654296875 0.6650390625 0.033203125 0.033203125
0 0.400390625 0.6845703125 0.033203125 0.033203125
0 0.482421875 0.7255859375 0.033203125 0.033203125
0 0.5205078125 0.7255859375 0.033203125 0.033203125
0 0.6376953125 0.7314453125 0.033203125 0.033203125
0 0.6005859375 0.7421875 0.033203125 0.033203125
0 0.48828125 0.744140625 0.033203125 0.033203125
0 0.6357421875 0.7509765625 0.033203125 0.033203125
0 0.5205078125 0.7607421875 0.033203125 0.033203125
0 0.59765625 0.7607421875 0.033203125 0.033203125
0 0.6376953125 0.7685546875 0.033203125 0.033203125
0 0.5986328125 0.7783203125 0.033203125 0.033203125
0 0.4853515625 0.7841796875 0.033203125 0.033203125
0 0.63671875 0.7861328125 0.033203125 0.033203125
0 0.59765625 0.7919921875 0.033203125 0.033203125
0 0.521484375 0.794921875 0.033203125 0.033203125
0 0.63671875 0.8017578125 0.033203125 0.033203125
0 0.599609375 0.80859375 0.033203125 0.033203125
0 0.63671875 0.814453125 0.033203125 0.033203125
0 0.521484375 0.8251953125 0.033203125 0.033203125
0 0.5986328125 0.826171875 0.033203125 0.033203125
0 0.6376953125 0.8515625 0.033203125 0.033203125
0 0.521484375 0.859375 0.033203125 0.033203125
0 0.6396484375 0.8701171875 0.033203125 0.033203125
0 0.6923828125 0.9267578125 0.033203125 0.033203125
0 0.3974609375 0.9287109375 0.033203125 0.033203125
0 0.6318359375 0.9365234375 0.033203125 0.033203125
0 0.5078125 0.9814453125 0.033203125 0.033203125
0 0.6435546875 0.9814453125 0.033203125 0.033203125
0 0.5517578125 0.982421875 0.033203125 0.033203125
0 0.3974609375 0.9833984375 0.033203125 0.033203125
0 0.607421875 0.9833984375 0.033203125 0.033203125
0 0.400390625 0.99072265625 0.033203125 0.0185546875
0 0.548828125 0.99072265625 0.033203125 0.0185546875