0 0.521484375 0.01953125 0.033203125 0.033203125
0 0.1357421875 0.037109375 0.033203125 0.033203125
0 0.8935546875 0.0771484375 0.033203125 0.033203125
0 0.9130859375 0.078125 0.033203125 0.033203125
0 0.1396484375 0.0908203125 0.033203125 0.033203125
0 0.1748046875 0.091796875 0.033203125 0.033203125
0 0.158203125 0.09375 0.033203125 0.033203125
0 0.2646484375 0.0947265625 0.033203125 0.033203125
0 0.5244140625 0.099609375 0.033203125 0.033203125
0 0.685546875 0.1005859375 0.033203125 0.033203125
0 0.650390625 0.1015625 0.033203125 0.033203125
0 0.66796875 0.103515625 0.033203125 0.033203125
0 0.80078125 0.103515625 0.033203125 0.033203125
0 0.6328125 0.1044921875 0.033203125 0.033203125
0 0.818359375 0.10546875 0.033203125 0.033203125
0 0.8720703125 0.109375 0.033203125 0.033203125
0 0.4990234375 0.1318359375 0.033203125 0.033203125
0 0.392578125 0.1328125 0.033203125 0.033203125
0 0.009765625 0.1455078125 0.01953125 0.033203125
0 0.017578125 0.146484375 0.033203125 0.033203125
0 0.0498046875 0.1494140625 0.033203125 0.033203125
0 0.0654296875 0.1513671875 0.033203125 0.033203125
0 0.6552734375 0.189453125 0.033203125 0.033203125
0 0.6728515625 0.1923828125 0.033203125 0.033203125
0 0.8154296875 0.1923828125 0.033203125 0.033203125
0 0.833984375 0.1923828125 0.033203125 0.033203125
0 0.69140625 0.1943359375 0.033203125 0.033203125
0 0.7255859375 0.1943359375 0.033203125 0.033203125
0 0.7451171875 0.1953125 0.033203125 0.033203125
0 0.849609375 0.1953125 0.033203125 0.033203125
0 0.8681640625 0.1962890625 0.033203125 0.033203125
0 0.884765625 0.1982421875 0.033203125 0.033203125
0 0.064453125 0.23828125 0.033203125 0.033203125
0 0.0078125 0.2421875 0.015625 0.033203125
0 0.01611328125 0.2421875 0.0322265625 0.033203125
0 0.0302734375 0.2421875 0.033203125 0.033203125
0 0.5205078125 0.26953125 0.033203125 0.033203125
0 0.724609375 0.27734375 0.033203125 0.033203125
0 0.7080078125 0.2783203125 0.033203125 0.033203125
0 0.779296875 0.2802734375 0.033203125 0.033203125
0 0.8154296875 0.2802734375 0.033203125 0.033203125
0 0.76171875 0.2822265625 0.033203125 0.033203125
0 0.8662109375 0.283203125 0.033203125 0.033203125
0 0.744140625 0.28515625 0.033203125 0.033203125
0 0.798828125 0.28515625 0.033203125 0.033203125
0 0.669921875 0.2861328125 0.033203125 0.033203125
0 0.849609375 0.2861328125 0.033203125 0.033203125
0 0.96484375 0.294921875 0.033203125 0.033203125
0 0.99072265625 0.2998046875 0.0185546875 0.033203125
0 0.51953125 0.3095703125 0.033203125 0.033203125
0 0.8505859375 0.3203125 0.033203125 0.033203125
0 0.77734375 0.3212890625 0.033203125 0.033203125
0 0.796875 0.322265625 0.033203125 0.033203125
0 0.7607421875 0.32421875 0.033203125 0.033203125
0 0.7431640625 0.326171875 0.033203125 0.033203125
0 0.830078125 0.3271484375 0.033203125 0.033203125
0 0.6708984375 0.328125 0.033203125 0.033203125
0 0.39453125 0.3330078125 0.033203125 0.033203125
0 0.99072265625 0.33984375 0.0185546875 0.033203125
0 0.3935546875 0.3759765625 0.033203125 0.033203125
0 0.849609375 0.40625 0.033203125 0.033203125
0 0.8857421875 0.416015625 0.033203125 0.033203125
0 0.8115234375 0.41796875 0.033203125 0.033203125
0 0.779296875 0.4658203125 0.033203125 0.033203125
0 0.8955078125 0.466796875 0.033203125 0.033203125
0 0.931640625 0.46875 0.033203125 0.033203125
0 0.755859375 0.47265625 0.033203125 0.033203125
0 0.3916015625 0.498046875 0.033203125 0.033203125
0 0.974609375 0.5478515625 0.033203125 0.033203125
0 0.07421875 0.5751953125 0.033203125 0.033203125
0 0.3896484375 0.5888671875 0.033203125 0.033203125
0 0.970703125 0.5888671875 0.033203125 0.033203125
0 0.970703125 0.611328125 0.033203125 0.033203125
0 0.748046875 0.62109375 0.033203125 0.033203125
0 0.3896484375 0.6298828125 0.033203125 0.033203125
0 0.037109375 0.6357421875 0.033203125 0.033203125
0 0.431640625 0.6376953125 0.033203125 0.033203125
0 0.8291015625 0.6435546875 0.033203125 0.033203125
0 0.96875 0.6474609375 0.033203125 0.033203125
0 0.5146484375 0.666015625 0.033203125 0.033203125
0 0.966796875 0.6669921875 0.033203125 0.033203125
0 0.9287109375 0.669921875 0.033203125 0.033203125
0 0.3896484375 0.6748046875 0.033203125 0.033203125
0 0.9677734375 0.6865234375 0.033203125 0.033203125
0 0.9287109375 0.6923828125 0.033203125 0.033203125
0 0.609375 0.7353515625 0.033203125 0.033203125
0 0.19140625 0.7880859375 0.033203125 0.033203125
0 0.20703125 0.7890625 0.033203125 0.033203125
0 0.2216796875 0.7900390625 0.033203125 0.033203125
0 0.2587890625 0.7900390625 0.033203125 0.033203125
0 0.2421875 0.79296875 0.033203125 0.033203125
0 0.3095703125 0.794921875 0.033203125 0.033203125
0 0.98681640625 0.798828125 0.0263671875 0.033203125
0 0.861328125 0.802734375 0.033203125 0.033203125
0 0.88671875 0.806640625 0.033203125 0.033203125
0 0.693359375 0.810546875 0.033203125 0.033203125
0 0.01611328125 0.818359375 0.0322265625 0.033203125
0 0.048828125 0.818359375 0.033203125 0.033203125
0 0.9228515625 0.82421875 0.033203125 0.033203125
0 0.7353515625 0.826171875 0.033203125 0.033203125
0 0.697265625 0.830078125 0.033203125 0.033203125
0 0.826171875 0.83203125 0.033203125 0.033203125
0 0.9404296875 0.8349609375 0.033203125 0.033203125
0 0.7255859375 0.8486328125 0.033203125 0.033203125
0 0.513671875 0.853515625 0.033203125 0.033203125
0 0.193359375 0.873046875 0.033203125 0.033203125
0 0.4482421875 0.900390625 0.033203125 0.033203125
0 0.044921875 0.91015625 0.033203125 0.033203125
0 0.1875 0.9287109375 0.033203125 0.033203125
0 0.0322265625 0.9443359375 0.033203125 0.033203125
0 0.1904296875 0.947265625 0.033203125 0.033203125
0 0.2958984375 0.9619140625 0.033203125 0.033203125
0 0.1875 0.9638671875 0.033203125 0.033203125
0 0.7861328125 0.96875 0.033203125 0.033203125
0 0.1875 0.9794921875 0.033203125 0.033203125
0 0.3037109375 0.98046875 0.033203125 0.033203125
0 0.1875 0.98974609375 0.033203125 0.0205078125
0 0.30078125 0.990234375 0.033203125 0.01953125