0 0.658203125 0.09765625 0.033203125 0.033203125
0 0.9423828125 0.119140625 0.033203125 0.033203125
0 0.984375 0.12109375 0.03125 0.033203125
0 0.6650390625 0.2529296875 0.033203125 0.033203125
0 0.8837890625 0.25390625 0.033203125 0.033203125
0 0.7373046875 0.2587890625 0.033203125 0.033203125
0 0.8310546875 0.259765625 0.033203125 0.033203125
0 0.7939453125 0.263671875 0.033203125 0.033203125
0 0.869140625 0.3349609375 0.033203125 0.033203125
0 0.767578125 0.3427734375 0.033203125 0.033203125
0 0.8818359375 0.3779296875 0.033203125 0.033203125
0 0.935546875 0.3798828125 0.033203125 0.033203125
0 0.900390625 0.3818359375 0.033203125 0.033203125
0 0.7685546875 0.4599609375 0.033203125 0.033203125
0 0.5859375 0.5849609375 0.033203125 0.033203125
0 0.0830078125 0.623046875 0.033203125 0.033203125
0 0.3115234375 0.6845703125 0.033203125 0.033203125
0 0.34375 0.7001953125 0.033203125 0.033203125
0 0.2998046875 0.703125 0.033203125 0.033203125
0 0.3935546875 0.705078125 0.033203125 0.033203125
0 0.455078125 0.705078125 0.033203125 0.033203125
0 0.4970703125 0.705078125 0.033203125 0.033203125
0 0.55078125 0.7060546875 0.033203125 0.033203125
0 0.3017578125 0.7421875 0.033203125 0.033203125
0 0.5107421875 0.7841796875 0.033203125 0.033203125
0 0.7490234375 0.814453125 0.033203125 0.033203125
0 0.33984375 0.8173828125 0.033203125 0.033203125
0 0.390625 0.8193359375 0.033203125 0.033203125
0 0.416015625 0.8193359375 0.033203125 0.033203125
0 0.4423828125 0.8203125 0.033203125 0.033203125
0 0.4697265625 0.8203125 0.033203125 0.033203125
0 0.2958984375 0.822265625 0.033203125 0.033203125
0 0.9228515625 0.82421875 0.033203125 0.033203125
0 0.6591796875 0.8271484375 0.033203125 0.033203125
0 0.5556640625 0.9052734375 0.033203125 0.033203125
0 0.5556640625 0.951171875 0.033203125 0.033203125
0 0.060546875 0.9775390625 0.033203125 0.033203125