0 0.3154296875 0.0126953125 0.033203125 0.025390625
0 0.4248046875 0.0126953125 0.033203125 0.025390625
0 0.37109375 0.0146484375 0.033203125 0.029296875
0 0.3349609375 0.01513671875 0.033203125 0.0302734375
0 0.353515625 0.01513671875 0.033203125 0.0302734375
0 0.38671875 0.015625 0.033203125 0.03125
0 0.98583984375 0.0322265625 0.0283203125 0.033203125
0 0.4619140625 0.0380859375 0.033203125 0.033203125
0 0.2919921875 0.0390625 0.033203125 0.033203125
0 0.4599609375 0.052734375 0.033203125 0.033203125
0 0.28515625 0.05859375 0.033203125 0.033203125
0 0.365234375 0.0654296875 0.033203125 0.033203125
0 0.0830078125 0.0703125 0.033203125 0.033203125
0 0.02734375 0.0712890625 0.033203125 0.033203125
0 0.4619140625 0.0712890625 0.033203125 0.033203125
0 0.28515625 0.076171875 0.033203125 0.033203125
0 0.3671875 0.08203125 0.033203125 0.033203125
0 0.98486328125 0.08203125 0.0302734375 0.033203125
0 0.45703125 0.08984375 0.033203125 0.033203125
0 0.28515625 0.09375 0.033203125 0.033203125
0 0.1103515625 0.09765625 0.033203125 0.033203125
0 0.3681640625 0.1015625 0.033203125 0.033203125
0 0.0439453125 0.1044921875 0.033203125 0.033203125
0 0.0263671875 0.107421875 0.033203125 0.033203125
0 0.02734375 0.107421875 0.033203125 0.033203125
0 0.28515625 0.109375 0.033203125 0.033203125
0 0.4560546875 0.109375 0.033203125 0.033203125
0 0.369140625 0.119140625 0.033203125 0.033203125
0 0.1416015625 0.1201171875 0.033203125 0.033203125
0 0.4560546875 0.126953125 0.033203125 0.033203125
0 0.2890625 0.1298828125 0.033203125 0.033203125
0 0.3662109375 0.1376953125 0.033203125 0.033203125
0 0.28515625 0.1484375 0.033203125 0.033203125
0 0.2861328125 0.1669921875 0.033203125 0.033203125
0 0.58203125 0.18359375 0.033203125 0.033203125
0 0.8095703125 0.2041015625 0.033203125 0.033203125
0 0.8701171875 0.205078125 0.033203125 0.033203125
0 0.8349609375 0.2060546875 0.033203125 0.033203125
0 0.8515625 0.20703125 0.033203125 0.033203125
0 0.5849609375 0.216796875 0.033203125 0.033203125
0 0.3505859375 0.2255859375 0.033203125 0.033203125
0 0.3681640625 0.2255859375 0.033203125 0.033203125
0 0.50390625 0.2255859375 0.033203125 0.033203125
0 0.33203125 0.2275390625 0.033203125 0.033203125
0 0.314453125 0.228515625 0.033203125 0.033203125
0 0.01953125 0.2294921875 0.033203125 0.033203125
0 0.9482421875 0.2294921875 0.033203125 0.033203125
0 0.3857421875 0.23046875 0.033203125 0.033203125
0 0.44140625 0.23046875 0.033203125 0.033203125
0 0.9013671875 0.23046875 0.033203125 0.033203125
0 0.5771484375 0.2353515625 0.033203125 0.033203125
0 0.498046875 0.24609375 0.033203125 0.033203125
0 0.53125 0.25390625 0.033203125 0.033203125
0 0.49609375 0.263671875 0.033203125 0.033203125
0 0.2705078125 0.26953125 0.033203125 0.033203125
0 0.58203125 0.26953125 0.033203125 0.033203125
0 0.4990234375 0.28125 0.033203125 0.033203125
0 0.2724609375 0.2880859375 0.033203125 0.033203125
0 0.4970703125 0.296875 0.033203125 0.033203125
0 0.275390625 0.3037109375 0.033203125 0.033203125
0 0.58203125 0.3037109375 0.033203125 0.033203125
0 0.4296875 0.306640625 0.033203125 0.033203125
0 0.4453125 0.310546875 0.033203125 0.033203125
0 0.498046875 0.3154296875 0.033203125 0.033203125
0 0.3662109375 0.3212890625 0.033203125 0.033203125
0 0.271484375 0.322265625 0.033203125 0.033203125
0 0.583984375 0.322265625 0.033203125 0.033203125
0 0.49609375 0.33203125 0.033203125 0.033203125
0 0.5791015625 0.337890625 0.033203125 0.033203125
0 0.2724609375 0.34375 0.033203125 0.033203125
0 0.4990234375 0.3515625 0.033203125 0.033203125
0 0.90234375 0.3525390625 0.033203125 0.033203125
0 0.94140625 0.353515625 0.033203125 0.033203125
0 0.58203125 0.357421875 0.033203125 0.033203125
0 0.2685546875 0.3603515625 0.033203125 0.033203125
0 0.498046875 0.3701171875 0.033203125 0.033203125
0 0.8349609375 0.3740234375 0.033203125 0.033203125
0 0.869140625 0.3740234375 0.033203125 0.033203125
0 0.853515625 0.375 0.033203125 0.033203125
0 0.5009765625 0.3876953125 0.033203125 0.033203125
0 0.2685546875 0.39453125 0.033203125 0.033203125
0 0.4970703125 0.40625 0.033203125 0.033203125
0 0.271484375 0.4130859375 0.033203125 0.033203125
0 0.4990234375 0.421875 0.033203125 0.033203125
0 0.9892578125 0.423828125 0.021484375 0.033203125
0 0.271484375 0.43359375 0.033203125 0.033203125
0 0.5 0.439453125 0.033203125 0.033203125
0 0.5048828125 0.458984375 0.033203125 0.033203125
0 0.98974609375 0.4658203125 0.0205078125 0.033203125
0 0.5009765625 0.474609375 0.033203125 0.033203125
0 0.5029296875 0.494140625 0.033203125 0.033203125
0 0.9892578125 0.5166015625 0.021484375 0.033203125
0 0.4345703125 0.615234375 0.033203125 0.033203125
0 0.474609375 0.6162109375 0.033203125 0.033203125
0 0.3828125 0.6171875 0.033203125 0.033203125
0 0.6396484375 0.6181640625 0.033203125 0.033203125
0 0.599609375 0.619140625 0.033203125 0.033203125
0 0.0126953125 0.73046875 0.025390625 0.033203125
0 0.3662109375 0.73828125 0.033203125 0.033203125
0 0.4814453125 0.7412109375 0.033203125 0.033203125
0 0.4267578125 0.7421875 0.033203125 0.033203125
0 0.744140625 0.875 0.033203125 0.033203125
0 0.7080078125 0.8759765625 0.033203125 0.033203125
0 0.7626953125 0.8759765625 0.033203125 0.033203125
0 0.798828125 0.8759765625 0.033203125 0.033203125
0 0.880859375 0.8779296875 0.033203125 0.033203125
0 0.900390625 0.9140625 0.033203125 0.033203125
0 0.83984375 0.953125 0.033203125 0.033203125
0 0.83984375 0.970703125 0.033203125 0.033203125
0 0.8349609375 0.98779296875 0.033203125 0.0244140625