0 0.3486328125 0.01123046875 0.033203125 0.0224609375
0 0.220703125 0.0302734375 0.033203125 0.033203125
0 0.3212890625 0.0361328125 0.033203125 0.033203125
0 0.3017578125 0.0517578125 0.033203125 0.033203125
0 0.22265625 0.0712890625 0.033203125 0.033203125
0 0.322265625 0.0849609375 0.033203125 0.033203125
0 0.21875 0.1259765625 0.033203125 0.033203125
0 0.21875 0.1650390625 0.033203125 0.033203125
0 0.509765625 0.1689453125 0.033203125 0.033203125
0 0.4501953125 0.169921875 0.033203125 0.033203125
0 0.4326171875 0.171875 0.033203125 0.033203125
0 0.490234375 0.171875 0.033203125 0.033203125
0 0.4755859375 0.1748046875 0.033203125 0.033203125
0 0.5078125 0.2294921875 0.033203125 0.033203125
0 0.431640625 0.2314453125 0.033203125 0.033203125
0 0.6494140625 0.232421875 0.033203125 0.033203125
0 0.548828125 0.234375 0.033203125 0.033203125
0 0.6884765625 0.24609375 0.033203125 0.033203125
0 0.9716796875 0.24609375 0.033203125 0.033203125
0 0.7578125 0.265625 0.033203125 0.033203125
0 0.9033203125 0.2666015625 0.033203125 0.033203125
0 0.970703125 0.2666015625 0.033203125 0.033203125
0 0.87109375 0.26953125 0.033203125 0.033203125
0 0.3447265625 0.271484375 0.033203125 0.033203125
0 0.830078125 0.2763671875 0.033203125 0.033203125
0 0.9658203125 0.283203125 0.033203125 0.033203125
0 0.755859375 0.2880859375 0.033203125 0.033203125
0 0.8818359375 0.291015625 0.033203125 0.033203125
0 0.0166015625 0.2958984375 0.033203125 0.033203125
0 0.0537109375 0.2958984375 0.033203125 0.033203125
0 0.07421875 0.296875 0.033203125 0.033203125
0 0.0927734375 0.2978515625 0.033203125 0.033203125
0 0.03515625 0.298828125 0.033203125 0.033203125
0 0.3447265625 0.3095703125 0.033203125 0.033203125
0 0.21875 0.3232421875 0.033203125 0.033203125
0 0.7578125 0.3427734375 0.033203125 0.033203125
0 0.3447265625 0.3466796875 0.033203125 0.033203125
0 0.87109375 0.3466796875 0.033203125 0.033203125
0 0.91015625 0.361328125 0.033203125 0.033203125
0 0.875 0.36328125 0.033203125 0.033203125
0 0.873046875 0.380859375 0.033203125 0.033203125
0 0.962890625 0.3828125 0.033203125 0.033203125
0 0.7509765625 0.3974609375 0.033203125 0.033203125
0 0.9091796875 0.4052734375 0.033203125 0.033203125
0 0.8701171875 0.4169921875 0.033203125 0.033203125
0 0.9638671875 0.421875 0.033203125 0.033203125
0 0.6689453125 0.4501953125 0.033203125 0.033203125
0 0.689453125 0.451171875 0.033203125 0.033203125
0 0.7060546875 0.451171875 0.033203125 0.033203125
0 0.7236328125 0.4580078125 0.033203125 0.033203125
0 0.7578125 0.470703125 0.033203125 0.033203125
0 0.8857421875 0.4716796875 0.033203125 0.033203125
0 0.2158203125 0.5244140625 0.033203125 0.033203125
0 0.7470703125 0.544921875 0.033203125 0.033203125
0 0.705078125 0.5478515625 0.033203125 0.033203125
0 0.8857421875 0.548828125 0.033203125 0.033203125
0 0.21484375 0.5673828125 0.033203125 0.033203125
0 0.6865234375 0.572265625 0.033203125 0.033203125
0 0.5419921875 0.5908203125 0.033203125 0.033203125
0 0.68359375 0.5908203125 0.033203125 0.033203125
0 0.90234375 0.591796875 0.033203125 0.033203125
0 0.21875 0.6162109375 0.033203125 0.033203125
0 0.7763671875 0.630859375 0.033203125 0.033203125
0 0.6884765625 0.634765625 0.033203125 0.033203125
0 0.3408203125 0.6396484375 0.033203125 0.033203125
0 0.818359375 0.6474609375 0.033203125 0.033203125
0 0.6884765625 0.6484375 0.033203125 0.033203125
0 0.990234375 0.6484375 0.01953125 0.033203125
0 0.2138671875 0.66015625 0.033203125 0.033203125
0 0.78125 0.6630859375 0.033203125 0.033203125
0 0.685546875 0.6640625 0.033203125 0.033203125
0 0.904296875 0.673828125 0.033203125 0.033203125
0 0.7763671875 0.6787109375 0.033203125 0.033203125
0 0.818359375 0.6806640625 0.033203125 0.033203125
0 0.685546875 0.681640625 0.033203125 0.033203125
0 0.2119140625 0.6962890625 0.033203125 0.033203125
0 0.6826171875 0.6962890625 0.033203125 0.033203125
0 0.779296875 0.6962890625 0.033203125 0.033203125
0 0.7763671875 0.7138671875 0.033203125 0.033203125
0 0.814453125 0.7158203125 0.033203125 0.033203125
0 0.33984375 0.7197265625 0.033203125 0.033203125
0 0.99072265625 0.7197265625 0.0185546875 0.033203125
0 0.7783203125 0.7294921875 0.033203125 0.033203125
0 0.685546875 0.7353515625 0.033203125 0.033203125
0 0.208984375 0.744140625 0.033203125 0.033203125
0 0.7744140625 0.748046875 0.033203125 0.033203125
0 0.6865234375 0.7509765625 0.033203125 0.033203125
0 0.775390625 0.765625 0.033203125 0.033203125
0 0.6845703125 0.767578125 0.033203125 0.033203125
0 0.9052734375 0.7685546875 0.033203125 0.033203125
0 0.98876953125 0.775390625 0.0224609375 0.033203125
0 0.6845703125 0.7822265625 0.033203125 0.033203125
0 0.990234375 0.791015625 0.01953125 0.033203125
0 0.98828125 0.80859375 0.0234375 0.033203125
0 0.900390625 0.8203125 0.033203125 0.033203125
0 0.98876953125 0.8291015625 0.0224609375 0.033203125
0 0.685546875 0.8330078125 0.033203125 0.033203125
0 0.2060546875 0.849609375 0.033203125 0.033203125
0 0.68359375 0.8544921875 0.033203125 0.033203125
0 0.4208984375 0.865234375 0.033203125 0.033203125
0 0.68359375 0.8720703125 0.033203125 0.033203125
0 0.8095703125 0.98046875 0.033203125 0.033203125
0 0.58203125 0.98779296875 0.033203125 0.0244140625
0 0.4951171875 0.98828125 0.033203125 0.0234375