0 0.142578125 0.015625 0.033203125 0.03125
0 0.6728515625 0.0166015625 0.033203125 0.033203125
0 0.5712890625 0.1103515625 0.033203125 0.033203125
0 0.626953125 0.19140625 0.033203125 0.033203125
0 0.8896484375 0.2353515625 0.033203125 0.033203125
0 0.962890625 0.392578125 0.033203125 0.033203125
0 0.923828125 0.517578125 0.033203125 0.033203125
0 0.1103515625 0.56640625 0.033203125 0.033203125
0 0.111328125 0.56640625 0.033203125 0.033203125
0 0.2587890625 0.591796875 0.033203125 0.033203125
0 0.46875 0.591796875 0.033203125 0.033203125
0 0.1103515625 0.6103515625 0.033203125 0.033203125
0 0.953125 0.6708984375 0.033203125 0.033203125
0 0.48046875 0.720703125 0.033203125 0.033203125
0 0.3125 0.736328125 0.033203125 0.033203125
0 0.9853515625 0.7509765625 0.029296875 0.033203125
0 0.98583984375 0.80078125 0.0283203125 0.033203125
0 0.98876953125 0.8681640625 0.0224609375 0.033203125
0 0.71484375 0.8740234375 0.033203125 0.033203125
0 0.166015625 0.9140625 0.033203125 0.033203125
0 0.806640625 0.919921875 0.033203125 0.033203125
0 0.9501953125 0.96484375 0.033203125 0.033203125