0 0.3896484375 0.01123046875 0.033203125 0.0224609375
0 0.2744140625 0.01220703125 0.033203125 0.0244140625
0 0.1669921875 0.013671875 0.033203125 0.02734375
0 0.0693359375 0.01416015625 0.033203125 0.0283203125
0 0.3154296875 0.0205078125 0.033203125 0.033203125
0 0.1669921875 0.0263671875 0.033203125 0.033203125
0 0.275390625 0.02734375 0.033203125 0.033203125
0 0.072265625 0.0361328125 0.033203125 0.033203125
0 0.275390625 0.04296875 0.033203125 0.033203125
0 0.3916015625 0.05078125 0.033203125 0.033203125
0 0.392578125 0.0517578125 0.033203125 0.033203125
0 0.076171875 0.0595703125 0.033203125 0.033203125
0 0.1689453125 0.076171875 0.033203125 0.033203125
0 0.0419921875 0.0791015625 0.033203125 0.033203125
0 0.068359375 0.11328125 0.033203125 0.033203125
0 0.7607421875 0.123046875 0.033203125 0.033203125
0 0.0654296875 0.1357421875 0.033203125 0.033203125
0 0.033203125 0.158203125 0.033203125 0.033203125
0 0.9619140625 0.1787109375 0.033203125 0.033203125
0 0.7998046875 0.2470703125 0.033203125 0.033203125
0 0.990234375 0.275390625 0.01953125 0.033203125
0 0.9814453125 0.2763671875 0.033203125 0.033203125
0 0.962890625 0.27734375 0.033203125 0.033203125
0 0.9404296875 0.3173828125 0.033203125 0.033203125
0 0.98046875 0.376953125 0.033203125 0.033203125
0 0.990234375 0.376953125 0.01953125 0.033203125
0 0.9091796875 0.37890625 0.033203125 0.033203125
0 0.759765625 0.4375 0.033203125 0.033203125
0 0.2509765625 0.5498046875 0.033203125 0.033203125
0 0.318359375 0.6123046875 0.033203125 0.033203125
0 0.65234375 0.64453125 0.033203125 0.033203125
0 0.30078125 0.66796875 0.033203125 0.033203125
0 0.1015625 0.7099609375 0.033203125 0.033203125
0 0.4169921875 0.712890625 0.033203125 0.033203125
0 0.466796875 0.7158203125 0.033203125 0.033203125
0 0.34375 0.7177734375 0.033203125 0.033203125
0 0.556640625 0.71875 0.033203125 0.033203125
0 0.5751953125 0.7197265625 0.033203125 0.033203125
0 0.0517578125 0.7333984375 0.033203125 0.033203125
0 0.0556640625 0.7509765625 0.033203125 0.033203125
0 0.931640625 0.7509765625 0.033203125 0.033203125
0 0.056640625 0.7685546875 0.033203125 0.033203125
0 0.25 0.7685546875 0.033203125 0.033203125
0 0.29296875 0.7705078125 0.033203125 0.033203125
0 0.380859375 0.7861328125 0.033203125 0.033203125
0 0.2529296875 0.8154296875 0.033203125 0.033203125
0 0.3125 0.8154296875 0.033203125 0.033203125
0 0.2939453125 0.8388671875 0.033203125 0.033203125
0 0.41796875 0.859375 0.033203125 0.033203125
0 0.296875 0.8603515625 0.033203125 0.033203125
0 0.2529296875 0.8623046875 0.033203125 0.033203125
0 0.2509765625 0.8896484375 0.033203125 0.033203125
0 0.376953125 0.8916015625 0.033203125 0.033203125
0 0.2900390625 0.8955078125 0.033203125 0.033203125
0 0.2509765625 0.9140625 0.033203125 0.033203125
0 0.375 0.9169921875 0.033203125 0.033203125
0 0.1806640625 0.9267578125 0.033203125 0.033203125
0 0.2919921875 0.9296875 0.033203125 0.033203125
0 0.25 0.9365234375 0.033203125 0.033203125
0 0.37890625 0.9482421875 0.033203125 0.033203125
0 0.1787109375 0.9501953125 0.033203125 0.033203125
0 0.25 0.9658203125 0.033203125 0.033203125
0 0.3759765625 0.96875 0.033203125 0.033203125
0 0.1806640625 0.97265625 0.033203125 0.033203125
0 0.6689453125 0.9755859375 0.033203125 0.033203125
0 0.244140625 0.986328125 0.033203125 0.02734375
0 0.3759765625 0.98779296875 0.033203125 0.0244140625
0 0.1787109375 0.98828125 0.033203125 0.0234375