0 0.1728515625 0.00830078125 0.033203125 0.0166015625
0 0.5029296875 0.009765625 0.033203125 0.01953125
0 0.0986328125 0.01318359375 0.033203125 0.0263671875
0 0.0634765625 0.0146484375 0.033203125 0.029296875
0 0.173828125 0.0166015625 0.033203125 0.033203125
0 0.58984375 0.0166015625 0.033203125 0.033203125
0 0.0947265625 0.0283203125 0.033203125 0.033203125
0 0.5830078125 0.03125 0.033203125 0.033203125
0 0.5029296875 0.033203125 0.033203125 0.033203125
0 0.173828125 0.0390625 0.033203125 0.033203125
0 0.0927734375 0.04296875 0.033203125 0.033203125
0 0.0546875 0.0439453125 0.033203125 0.033203125
0 0.5849609375 0.046875 0.033203125 0.033203125
0 0.5009765625 0.0546875 0.033203125 0.033203125
0 0.0625 0.05859375 0.033203125 0.033203125
0 0.09765625 0.05859375 0.033203125 0.033203125
0 0.173828125 0.0615234375 0.033203125 0.033203125
0 0.5859375 0.0673828125 0.033203125 0.033203125
0 0.056640625 0.07421875 0.033203125 0.033203125
0 0.171875 0.0751953125 0.033203125 0.033203125
0 0.095703125 0.078125 0.033203125 0.033203125
0 0.326171875 0.080078125 0.033203125 0.033203125
0 0.5830078125 0.083984375 0.033203125 0.033203125
0 0.498046875 0.0849609375 0.033203125 0.033203125
0 0.2060546875 0.0927734375 0.033203125 0.033203125
0 0.056640625 0.095703125 0.033203125 0.033203125
0 0.580078125 0.1015625 0.033203125 0.033203125
0 0.0927734375 0.109375 0.033203125 0.033203125
0 0.171875 0.1103515625 0.033203125 0.033203125
0 0.0595703125 0.111328125 0.033203125 0.033203125
0 0.326171875 0.115234375 0.033203125 0.033203125
0 0.587890625 0.1201171875 0.033203125 0.033203125
0 0.0595703125 0.125 0.033203125 0.033203125
0 0.0927734375 0.126953125 0.033203125 0.033203125
0 0.1728515625 0.1298828125 0.033203125 0.033203125
0 0.205078125 0.130859375 0.033203125 0.033203125
0 0.5029296875 0.1318359375 0.033203125 0.033203125
0 0.5859375 0.140625 0.033203125 0.033203125
0 0.0615234375 0.1435546875 0.033203125 0.033203125
0 0.09375 0.14453125 0.033203125 0.033203125
0 0.2080078125 0.1455078125 0.033203125 0.033203125
0 0.169921875 0.158203125 0.033203125 0.033203125
0 0.056640625 0.16015625 0.033203125 0.033203125
0 0.0927734375 0.162109375 0.033203125 0.033203125
0 0.3310546875 0.1640625 0.033203125 0.033203125
0 0.205078125 0.166015625 0.033203125 0.033203125
0 0.0947265625 0.1767578125 0.033203125 0.033203125
0 0.1708984375 0.1767578125 0.033203125 0.033203125
0 0.0517578125 0.177734375 0.033203125 0.033203125
0 0.2607421875 0.1982421875 0.033203125 0.033203125
0 0.19140625 0.203125 0.033203125 0.033203125
0 0.2060546875 0.203125 0.033203125 0.033203125
0 0.2255859375 0.203125 0.033203125 0.033203125
0 0.2451171875 0.2041015625 0.033203125 0.033203125
0 0.1572265625 0.2060546875 0.033203125 0.033203125
0 0.1728515625 0.2060546875 0.033203125 0.033203125
0 0.0810546875 0.20703125 0.033203125 0.033203125
0 0.0966796875 0.20703125 0.033203125 0.033203125
0 0.06640625 0.208984375 0.033203125 0.033203125
0 0.73828125 0.2158203125 0.033203125 0.033203125
0 0.7548828125 0.2197265625 0.033203125 0.033203125
0 0.794921875 0.2197265625 0.033203125 0.033203125
0 0.880859375 0.2197265625 0.033203125 0.033203125
0 0.9169921875 0.2197265625 0.033203125 0.033203125
0 0.935546875 0.2197265625 0.033203125 0.033203125
0 0.8466796875 0.220703125 0.033203125 0.033203125
0 0.86328125 0.220703125 0.033203125 0.033203125
0 0.244140625 0.279296875 0.033203125 0.033203125
0 0.1416015625 0.28125 0.033203125 0.033203125
0 0.0751953125 0.2822265625 0.033203125 0.033203125
0 0.0615234375 0.283203125 0.033203125 0.033203125
0 0.177734375 0.283203125 0.033203125 0.033203125
0 0.2109375 0.283203125 0.033203125 0.033203125
0 0.4453125 0.283203125 0.033203125 0.033203125
0 0.1123046875 0.2841796875 0.033203125 0.033203125
0 0.0263671875 0.28515625 0.033203125 0.033203125
0 0.0419921875 0.2861328125 0.033203125 0.033203125
0 0.01171875 0.287109375 0.0234375 0.033203125
0 0.095703125 0.287109375 0.033203125 0.033203125
0 0.4814453125 0.2880859375 0.033203125 0.033203125
0 0.9189453125 0.29296875 0.033203125 0.033203125
0 0.3798828125 0.294921875 0.033203125 0.033203125
0 0.8623046875 0.294921875 0.033203125 0.033203125
0 0.8984375 0.294921875 0.033203125 0.033203125
0 0.703125 0.296875 0.033203125 0.033203125
0 0.935546875 0.298828125 0.033203125 0.033203125
0 0.7568359375 0.2998046875 0.033203125 0.033203125
0 0.7763671875 0.3017578125 0.033203125 0.033203125
0 0.0537109375 0.416015625 0.033203125 0.033203125
0 0.3447265625 0.4853515625 0.033203125 0.033203125
0 0.3935546875 0.486328125 0.033203125 0.033203125
0 0.505859375 0.486328125 0.033203125 0.033203125
0 0.54296875 0.486328125 0.033203125 0.033203125
0 0.5439453125 0.486328125 0.033203125 0.033203125
0 0.7548828125 0.4873046875 0.033203125 0.033203125
0 0.716796875 0.4892578125 0.033203125 0.033203125
0 0.794921875 0.4892578125 0.033203125 0.033203125
0 0.8818359375 0.4892578125 0.033203125 0.033203125
0 0.828125 0.4931640625 0.033203125 0.033203125
0 0.0078125 0.55078125 0.015625 0.033203125
0 0.0400390625 0.55078125 0.033203125 0.033203125
0 0.4189453125 0.55078125 0.033203125 0.033203125
0 0.45703125 0.5517578125 0.033203125 0.033203125
0 0.3359375 0.552734375 0.033203125 0.033203125
0 0.3759765625 0.552734375 0.033203125 0.033203125
0 0.373046875 0.615234375 0.033203125 0.033203125
0 0.390625 0.615234375 0.033203125 0.033203125
0 0.4404296875 0.6162109375 0.033203125 0.033203125
0 0.4775390625 0.6162109375 0.033203125 0.033203125
0 0.5009765625 0.619140625 0.033203125 0.033203125
0 0.5009765625 0.6201171875 0.033203125 0.033203125
0 0.3369140625 0.625 0.033203125 0.033203125
0 0.5927734375 0.68359375 0.033203125 0.033203125
0 0.5927734375 0.703125 0.033203125 0.033203125
0 0.603515625 0.9189453125 0.033203125 0.033203125
0 0.61328125 0.9375 0.033203125 0.033203125
0 0.6025390625 0.97265625 0.033203125 0.033203125