0 0.8720703125 0.021484375 0.033203125 0.033203125
0 0.763671875 0.0224609375 0.033203125 0.033203125
0 0.7822265625 0.0224609375 0.033203125 0.033203125
0 0.8173828125 0.0224609375 0.033203125 0.033203125
0 0.853515625 0.0224609375 0.033203125 0.033203125
0 0.9794921875 0.0224609375 0.033203125 0.033203125
0 0.8857421875 0.0234375 0.033203125 0.033203125
0 0.833984375 0.0244140625 0.033203125 0.033203125
0 0.94140625 0.0244140625 0.033203125 0.033203125
0 0.9599609375 0.0244140625 0.033203125 0.033203125
0 0.98876953125 0.0244140625 0.0224609375 0.033203125
0 0.9072265625 0.025390625 0.033203125 0.033203125
0 0.9248046875 0.0263671875 0.033203125 0.033203125
0 0.8447265625 0.0654296875 0.033203125 0.033203125
0 0.951171875 0.0654296875 0.033203125 0.033203125
0 0.8779296875 0.0673828125 0.033203125 0.033203125
0 0.9306640625 0.0673828125 0.033203125 0.033203125
0 0.9697265625 0.068359375 0.033203125 0.033203125
0 0.8974609375 0.0693359375 0.033203125 0.033203125
0 0.8623046875 0.0703125 0.033203125 0.033203125
0 0.9169921875 0.0703125 0.033203125 0.033203125
0 0.9853515625 0.0712890625 0.029296875 0.033203125
0 0.8310546875 0.1357421875 0.033203125 0.033203125
0 0.869140625 0.13671875 0.033203125 0.033203125
0 0.951171875 0.13671875 0.033203125 0.033203125
0 0.3583984375 0.15234375 0.033203125 0.033203125
0 0.5029296875 0.15234375 0.033203125 0.033203125
0 0.521484375 0.15234375 0.033203125 0.033203125
0 0.6298828125 0.15234375 0.033203125 0.033203125
0 0.64453125 0.15234375 0.033203125 0.033203125
0 0.431640625 0.1533203125 0.033203125 0.033203125
0 0.44921875 0.1533203125 0.033203125 0.033203125
0 0.4873046875 0.154296875 0.033203125 0.033203125
0 0.552734375 0.154296875 0.033203125 0.033203125
0 0.6103515625 0.154296875 0.033203125 0.033203125
0 0.830078125 0.154296875 0.033203125 0.033203125
0 0.5361328125 0.1552734375 0.033203125 0.033203125
0 0.552734375 0.1552734375 0.033203125 0.033203125
0 0.98974609375 0.1552734375 0.0205078125 0.033203125
0 0.8681640625 0.15625 0.033203125 0.033203125
0 0.9580078125 0.15625 0.033203125 0.033203125
0 0.4169921875 0.1572265625 0.033203125 0.033203125
0 0.41796875 0.1572265625 0.033203125 0.033203125
0 0.0244140625 0.1669921875 0.033203125 0.033203125
0 0.8671875 0.1708984375 0.033203125 0.033203125
0 0.951171875 0.17578125 0.033203125 0.033203125
0 0.986328125 0.17578125 0.02734375 0.033203125
0 0.828125 0.1904296875 0.033203125 0.033203125
0 0.8681640625 0.1904296875 0.033203125 0.033203125
0 0.986328125 0.1923828125 0.02734375 0.033203125
0 0.951171875 0.208984375 0.033203125 0.033203125
0 0.98583984375 0.208984375 0.0283203125 0.033203125
0 0.830078125 0.2099609375 0.033203125 0.033203125
0 0.7158203125 0.2236328125 0.033203125 0.033203125
0 0.82421875 0.2265625 0.033203125 0.033203125
0 0.869140625 0.2265625 0.033203125 0.033203125
0 0.9560546875 0.228515625 0.033203125 0.033203125
0 0.98681640625 0.228515625 0.0263671875 0.033203125
0 0.712890625 0.240234375 0.033203125 0.033203125
0 0.87109375 0.2451171875 0.033203125 0.033203125
0 0.953125 0.24609375 0.033203125 0.033203125
0 0.98583984375 0.24609375 0.0283203125 0.033203125
0 0.8310546875 0.2470703125 0.033203125 0.033203125
0 0.7197265625 0.2578125 0.033203125 0.033203125
0 0.8330078125 0.26171875 0.033203125 0.033203125
0 0.8701171875 0.2626953125 0.033203125 0.033203125
0 0.955078125 0.2626953125 0.033203125 0.033203125
0 0.986328125 0.2626953125 0.02734375 0.033203125
0 0.8310546875 0.2783203125 0.033203125 0.033203125
0 0.98583984375 0.2802734375 0.0283203125 0.033203125
0 0.94921875 0.28125 0.033203125 0.033203125
0 0.9501953125 0.296875 0.033203125 0.033203125
0 0.830078125 0.2978515625 0.033203125 0.033203125
0 0.8642578125 0.2978515625 0.033203125 0.033203125
0 0.9833984375 0.2978515625 0.033203125 0.033203125
0 0.8671875 0.3134765625 0.033203125 0.033203125
0 0.8291015625 0.314453125 0.033203125 0.033203125
0 0.9560546875 0.31640625 0.033203125 0.033203125
0 0.986328125 0.3173828125 0.02734375 0.033203125
0 0.828125 0.33203125 0.033203125 0.033203125
0 0.9521484375 0.333984375 0.033203125 0.033203125
0 0.98486328125 0.353515625 0.0302734375 0.033203125
0 0.98486328125 0.3701171875 0.0302734375 0.033203125
0 0.9853515625 0.38671875 0.029296875 0.033203125
0 0.953125 0.4052734375 0.033203125 0.033203125
0 0.9853515625 0.408203125 0.029296875 0.033203125
0 0.947265625 0.4228515625 0.033203125 0.033203125
0 0.984375 0.4228515625 0.03125 0.033203125
0 0.529296875 0.4521484375 0.033203125 0.033203125
0 0.7109375 0.6435546875 0.033203125 0.033203125
0 0.1259765625 0.67578125 0.033203125 0.033203125
0 0.716796875 0.6923828125 0.033203125 0.033203125
0 0.7109375 0.71484375 0.033203125 0.033203125
0 0.126953125 0.7705078125 0.033203125 0.033203125
0 0.1279296875 0.82421875 0.033203125 0.033203125
0 0.0751953125 0.919921875 0.033203125 0.033203125
0 0.470703125 0.9228515625 0.033203125 0.033203125
0 0.5166015625 0.9228515625 0.033203125 0.033203125
0 0.5478515625 0.9228515625 0.033203125 0.033203125
0 0.2177734375 0.94140625 0.033203125 0.033203125
0 0.822265625 0.955078125 0.033203125 0.033203125
0 0.2138671875 0.962890625 0.033203125 0.033203125