0 0.7998046875 0.0673828125 0.033203125 0.033203125
0 0.6416015625 0.1376953125 0.033203125 0.033203125
0 0.85546875 0.150390625 0.033203125 0.033203125
0 0.3427734375 0.1806640625 0.033203125 0.033203125
0 0.30859375 0.1845703125 0.033203125 0.033203125
0 0.1533203125 0.248046875 0.033203125 0.033203125
0 0.9873046875 0.251953125 0.025390625 0.033203125
0 0.7666015625 0.2529296875 0.033203125 0.033203125
0 0.37109375 0.259765625 0.033203125 0.033203125
0 0.7255859375 0.27734375 0.033203125 0.033203125
0 0.6337890625 0.279296875 0.033203125 0.033203125
0 0.685546875 0.279296875 0.033203125 0.033203125
0 0.74609375 0.357421875 0.033203125 0.033203125
0 0.7802734375 0.36328125 0.033203125 0.033203125
0 0.1513671875 0.37109375 0.033203125 0.033203125
0 0.986328125 0.3818359375 0.02734375 0.033203125
0 0.3408203125 0.4091796875 0.033203125 0.033203125
0 0.3671875 0.4228515625 0.033203125 0.033203125
0 0.28515625 0.42578125 0.033203125 0.033203125
0 0.31640625 0.4404296875 0.033203125 0.033203125
0 0.8876953125 0.470703125 0.033203125 0.033203125
0 0.8388671875 0.5078125 0.033203125 0.033203125
0 0.341796875 0.5087890625 0.033203125 0.033203125
0 0.73828125 0.5283203125 0.033203125 0.033203125
0 0.88671875 0.54296875 0.033203125 0.033203125
0 0.8349609375 0.546875 0.033203125 0.033203125
0 0.83984375 0.5830078125 0.033203125 0.033203125
0 0.87890625 0.61328125 0.033203125 0.033203125
0 0.8388671875 0.625 0.033203125 0.033203125
0 0.8798828125 0.6318359375 0.033203125 0.033203125
0 0.8818359375 0.66796875 0.033203125 0.033203125
0 0.3388671875 0.681640625 0.033203125 0.033203125
0 0.36328125 0.68359375 0.033203125 0.033203125
0 0.8369140625 0.6845703125 0.033203125 0.033203125
0 0.80859375 0.900390625 0.033203125 0.033203125
0 0.4619140625 0.98486328125 0.033203125 0.0302734375
0 0.4365234375 0.9873046875 0.033203125 0.025390625