0 0.4833984375 0.0107421875 0.033203125 0.021484375
0 0.6455078125 0.013671875 0.033203125 0.02734375
0 0.6279296875 0.01416015625 0.033203125 0.0283203125
0 0.416015625 0.0146484375 0.033203125 0.029296875
0 0.484375 0.0244140625 0.033203125 0.033203125
0 0.41796875 0.0341796875 0.033203125 0.033203125
0 0.28125 0.0419921875 0.033203125 0.033203125
0 0.2783203125 0.0615234375 0.033203125 0.033203125
0 0.8544921875 0.0966796875 0.033203125 0.033203125
0 0.193359375 0.1611328125 0.033203125 0.033203125
0 0.369140625 0.1650390625 0.033203125 0.033203125
0 0.4052734375 0.1650390625 0.033203125 0.033203125
0 0.1455078125 0.1669921875 0.033203125 0.033203125
0 0.3095703125 0.1669921875 0.033203125 0.033203125
0 0.5185546875 0.1669921875 0.033203125 0.033203125
0 0.1337890625 0.21484375 0.033203125 0.033203125
0 0.3544921875 0.2197265625 0.033203125 0.033203125
0 0.8603515625 0.259765625 0.033203125 0.033203125
0 0.87109375 0.287109375 0.033203125 0.033203125
0 0.283203125 0.30859375 0.033203125 0.033203125
0 0.123046875 0.3125 0.033203125 0.033203125
0 0.470703125 0.31640625 0.033203125 0.033203125
0 0.6279296875 0.31640625 0.033203125 0.033203125
0 0.626953125 0.3173828125 0.033203125 0.033203125
0 0.7568359375 0.318359375 0.033203125 0.033203125
0 0.962890625 0.333984375 0.033203125 0.033203125
0 0.2001953125 0.5947265625 0.033203125 0.033203125
0 0.205078125 0.615234375 0.033203125 0.033203125
0 0.205078125 0.630859375 0.033203125 0.033203125
0 0.201171875 0.6474609375 0.033203125 0.033203125
0 0.0078125 0.6748046875 0.015625 0.033203125
0 0.34375 0.712890625 0.033203125 0.033203125
0 0.01171875 0.7177734375 0.0234375 0.033203125
0 0.025390625 0.71875 0.033203125 0.033203125
0 0.05859375 0.71875 0.033203125 0.033203125
0 0.109375 0.7197265625 0.033203125 0.033203125
0 0.126953125 0.720703125 0.033203125 0.033203125
0 0.142578125 0.720703125 0.033203125 0.033203125
0 0.5341796875 0.7548828125 0.033203125 0.033203125
0 0.56640625 0.755859375 0.033203125 0.033203125
0 0.5849609375 0.759765625 0.033203125 0.033203125
0 0.619140625 0.759765625 0.033203125 0.033203125
0 0.6376953125 0.759765625 0.033203125 0.033203125
0 0.44140625 0.8115234375 0.033203125 0.033203125
0 0.478515625 0.8134765625 0.033203125 0.033203125
0 0.5302734375 0.81640625 0.033203125 0.033203125
0 0.306640625 0.833984375 0.033203125 0.033203125
0 0.3623046875 0.8349609375 0.033203125 0.033203125
0 0.2783203125 0.8359375 0.033203125 0.033203125
0 0.3798828125 0.8369140625 0.033203125 0.033203125
0 0.4443359375 0.869140625 0.033203125 0.033203125
0 0.466796875 0.873046875 0.033203125 0.033203125
0 0.12890625 0.94921875 0.033203125 0.033203125
0 0.18359375 0.94921875 0.033203125 0.033203125
0 0.0947265625 0.9501953125 0.033203125 0.033203125
0 0.2001953125 0.953125 0.033203125 0.033203125
0 0.4833984375 0.96875 0.033203125 0.033203125