0 0.767578125 0.0185546875 0.033203125 0.033203125
0 0.7802734375 0.01953125 0.033203125 0.033203125
0 0.8349609375 0.0205078125 0.033203125 0.033203125
0 0.798828125 0.021484375 0.033203125 0.033203125
0 0.6181640625 0.0439453125 0.033203125 0.033203125
0 0.572265625 0.3173828125 0.033203125 0.033203125
0 0.6123046875 0.5498046875 0.033203125 0.033203125
0 0.505859375 0.587890625 0.033203125 0.033203125
0 0.5458984375 0.5908203125 0.033203125 0.033203125
0 0.578125 0.6533203125 0.033203125 0.033203125
0 0.6689453125 0.7724609375 0.033203125 0.033203125
0 0.6083984375 0.91015625 0.033203125 0.033203125