0 0.638671875 0.044921875 0.033203125 0.033203125
0 0.01416015625 0.22265625 0.0283203125 0.033203125
0 0.697265625 0.22265625 0.033203125 0.033203125
0 0.712890625 0.259765625 0.033203125 0.033203125
0 0.71484375 0.3359375 0.033203125 0.033203125
0 0.6884765625 0.3505859375 0.033203125 0.033203125
0 0.7236328125 0.353515625 0.033203125 0.033203125
0 0.0078125 0.36328125 0.015625 0.033203125
0 0.67578125 0.384765625 0.033203125 0.033203125
0 0.67578125 0.58203125 0.033203125 0.033203125
0 0.5029296875 0.650390625 0.033203125 0.033203125
0 0.0859375 0.65234375 0.033203125 0.033203125
0 0.462890625 0.65234375 0.033203125 0.033203125
0 0.873046875 0.6591796875 0.033203125 0.033203125
0 0.966796875 0.6591796875 0.033203125 0.033203125
0 0.8251953125 0.6611328125 0.033203125 0.033203125
0 0.849609375 0.6611328125 0.033203125 0.033203125
0 0.947265625 0.6611328125 0.033203125 0.033203125
0 0.92578125 0.662109375 0.033203125 0.033203125
0 0.8037109375 0.6630859375 0.033203125 0.033203125
0 0.388671875 0.7109375 0.033203125 0.033203125
0 0.568359375 0.7265625 0.033203125 0.033203125
0 0.5947265625 0.7265625 0.033203125 0.033203125
0 0.5458984375 0.7275390625 0.033203125 0.033203125
0 0.6455078125 0.7294921875 0.033203125 0.033203125
0 0.71875 0.7294921875 0.033203125 0.033203125
0 0.6181640625 0.73046875 0.033203125 0.033203125
0 0.6923828125 0.7314453125 0.033203125 0.033203125
0 0.740234375 0.7314453125 0.033203125 0.033203125
0 0.6669921875 0.732421875 0.033203125 0.033203125
0 0.7646484375 0.7333984375 0.033203125 0.033203125
0 0.7890625 0.7333984375 0.033203125 0.033203125
0 0.01953125 0.7373046875 0.033203125 0.033203125
0 0.07421875 0.7373046875 0.033203125 0.033203125
0 0.09765625 0.740234375 0.033203125 0.033203125
0 0.98974609375 0.7548828125 0.0205078125 0.033203125
0 0.95703125 0.7578125 0.033203125 0.033203125
0 0.0458984375 0.7705078125 0.033203125 0.033203125
0 0.2568359375 0.7734375 0.033203125 0.033203125
0 0.166015625 0.7744140625 0.033203125 0.033203125
0 0.1669921875 0.775390625 0.033203125 0.033203125
0 0.8837890625 0.779296875 0.033203125 0.033203125
0 0.9814453125 0.78125 0.033203125 0.033203125
0 0.9326171875 0.783203125 0.033203125 0.033203125
0 0.0546875 0.8037109375 0.033203125 0.033203125
0 0.0576171875 0.80859375 0.033203125 0.033203125
0 0.03125 0.8095703125 0.033203125 0.033203125
0 0.115234375 0.810546875 0.033203125 0.033203125
0 0.75390625 0.814453125 0.033203125 0.033203125
0 0.7841796875 0.814453125 0.033203125 0.033203125
0 0.73046875 0.8154296875 0.033203125 0.033203125
0 0.353515625 0.81640625 0.033203125 0.033203125
0 0.4833984375 0.81640625 0.033203125 0.033203125
0 0.8076171875 0.8173828125 0.033203125 0.033203125
0 0.9287109375 0.8173828125 0.033203125 0.033203125
0 0.857421875 0.818359375 0.033203125 0.033203125
0 0.0595703125 0.8759765625 0.033203125 0.033203125
0 0.0263671875 0.876953125 0.033203125 0.033203125
0 0.04296875 0.876953125 0.033203125 0.033203125
0 0.076171875 0.876953125 0.033203125 0.033203125
0 0.1064453125 0.8779296875 0.033203125 0.033203125
0 0.125 0.8779296875 0.033203125 0.033203125
0 0.1611328125 0.8779296875 0.033203125 0.033203125
0 0.1416015625 0.87890625 0.033203125 0.033203125
0 0.3095703125 0.8876953125 0.033203125 0.033203125
0 0.6337890625 0.8896484375 0.033203125 0.033203125
0 0.287109375 0.8916015625 0.033203125 0.033203125
0 0.681640625 0.892578125 0.033203125 0.033203125
0 0.6171875 0.8935546875 0.033203125 0.033203125
0 0.6015625 0.89453125 0.033203125 0.033203125
0 0.650390625 0.89453125 0.033203125 0.033203125
0 0.583984375 0.8955078125 0.033203125 0.033203125
0 0.505859375 0.904296875 0.033203125 0.033203125
0 0.5029296875 0.9345703125 0.033203125 0.033203125
0 0.0986328125 0.94140625 0.033203125 0.033203125
0 0.0625 0.9423828125 0.033203125 0.033203125
0 0.1767578125 0.9462890625 0.033203125 0.033203125
0 0.4990234375 0.953125 0.033203125 0.033203125
0 0.0966796875 0.95703125 0.033203125 0.033203125
0 0.01171875 0.958984375 0.0234375 0.033203125
0 0.0634765625 0.958984375 0.033203125 0.033203125
0 0.4990234375 0.96875 0.033203125 0.033203125
0 0.064453125 0.9755859375 0.033203125 0.033203125
0 0.0947265625 0.9755859375 0.033203125 0.033203125
0 0.68359375 0.9775390625 0.033203125 0.033203125
0 0.599609375 0.9794921875 0.033203125 0.033203125
0 0.6162109375 0.98046875 0.033203125 0.033203125
0 0.6328125 0.98046875 0.033203125 0.033203125
0 0.6494140625 0.98046875 0.033203125 0.033203125
0 0.580078125 0.9814453125 0.033203125 0.033203125
0 0.6669921875 0.982421875 0.033203125 0.033203125
0 0.1708984375 0.98388671875 0.033203125 0.0322265625
0 0.4990234375 0.984375 0.033203125 0.03125
0 0.1005859375 0.98828125 0.033203125 0.0234375
0 0.0625 0.98876953125 0.033203125 0.0224609375
0 0.01171875 0.98974609375 0.0234375 0.0205078125
0 0.01220703125 0.98974609375 0.0244140625 0.0205078125