0 0.9638671875 0.5712890625 0.033203125 0.033203125
0 0.53125 0.5869140625 0.033203125 0.033203125
0 0.7197265625 0.587890625 0.033203125 0.033203125
0 0.8740234375 0.587890625 0.033203125 0.033203125
0 0.8359375 0.6376953125 0.033203125 0.033203125
0 0.0654296875 0.7138671875 0.033203125 0.033203125
0 0.0654296875 0.7568359375 0.033203125 0.033203125
0 0.0625 0.77734375 0.033203125 0.033203125
0 0.2685546875 0.7841796875 0.033203125 0.033203125
0 0.0625 0.798828125 0.033203125 0.033203125
0 0.271484375 0.814453125 0.033203125 0.033203125
0 0.2724609375 0.8515625 0.033203125 0.033203125
0 0.0625 0.859375 0.033203125 0.033203125
0 0.7275390625 0.8779296875 0.033203125 0.033203125
0 0.75390625 0.8798828125 0.033203125 0.033203125
0 0.7822265625 0.8798828125 0.033203125 0.033203125
0 0.8037109375 0.8798828125 0.033203125 0.033203125
0 0.271484375 0.8876953125 0.033203125 0.033203125
0 0.99072265625 0.9013671875 0.0185546875 0.033203125
0 0.265625 0.9052734375 0.033203125 0.033203125
0 0.8427734375 0.9384765625 0.033203125 0.033203125
0 0.609375 0.9453125 0.033203125 0.033203125
0 0.64453125 0.9453125 0.033203125 0.033203125
0 0.8203125 0.9462890625 0.033203125 0.033203125
0 0.693359375 0.947265625 0.033203125 0.033203125
0 0.669921875 0.94921875 0.033203125 0.033203125
0 0.27734375 0.978515625 0.033203125 0.033203125
0 0.2666015625 0.98876953125 0.033203125 0.0224609375
0 0.3525390625 0.9892578125 0.033203125 0.021484375