0 0.962890625 0.00830078125 0.033203125 0.0166015625
0 0.9404296875 0.01025390625 0.033203125 0.0205078125
0 0.189453125 0.1533203125 0.033203125 0.033203125
0 0.640625 0.1572265625 0.033203125 0.033203125
0 0.515625 0.1787109375 0.033203125 0.033203125
0 0.841796875 0.1787109375 0.033203125 0.033203125
0 0.6787109375 0.21875 0.033203125 0.033203125
0 0.4658203125 0.279296875 0.033203125 0.033203125
0 0.447265625 0.2802734375 0.033203125 0.033203125
0 0.484375 0.2822265625 0.033203125 0.033203125
0 0.2138671875 0.2958984375 0.033203125 0.033203125
0 0.6337890625 0.2958984375 0.033203125 0.033203125
0 0.5419921875 0.3173828125 0.033203125 0.033203125
0 0.2431640625 0.3212890625 0.033203125 0.033203125
0 0.6328125 0.3408203125 0.033203125 0.033203125
0 0.2431640625 0.341796875 0.033203125 0.033203125
0 0.2978515625 0.3564453125 0.033203125 0.033203125
0 0.6318359375 0.3681640625 0.033203125 0.033203125
0 0.240234375 0.3701171875 0.033203125 0.033203125
0 0.630859375 0.3876953125 0.033203125 0.033203125
0 0.6318359375 0.412109375 0.033203125 0.033203125
0 0.240234375 0.4140625 0.033203125 0.033203125
0 0.240234375 0.43359375 0.033203125 0.033203125
0 0.9248046875 0.4453125 0.033203125 0.033203125
0 0.19921875 0.4462890625 0.033203125 0.033203125
0 0.615234375 0.4462890625 0.033203125 0.033203125
0 0.7607421875 0.447265625 0.033203125 0.033203125
0 0.5771484375 0.4482421875 0.033203125 0.033203125
0 0.142578125 0.44921875 0.033203125 0.033203125
0 0.796875 0.44921875 0.033203125 0.033203125
0 0.6318359375 0.4501953125 0.033203125 0.033203125
0 0.8505859375 0.4501953125 0.033203125 0.033203125
0 0.7783203125 0.451171875 0.033203125 0.033203125
0 0.8349609375 0.4521484375 0.033203125 0.033203125
0 0.5615234375 0.4560546875 0.033203125 0.033203125
0 0.240234375 0.46875 0.033203125 0.033203125
0 0.25 0.5 0.033203125 0.033203125
0 0.1591796875 0.501953125 0.033203125 0.033203125
0 0.248046875 0.5234375 0.033203125 0.033203125
0 0.8037109375 0.544921875 0.033203125 0.033203125
0 0.8525390625 0.5458984375 0.033203125 0.033203125
0 0.73046875 0.5478515625 0.033203125 0.033203125
0 0.822265625 0.5478515625 0.033203125 0.033203125
0 0.240234375 0.5498046875 0.033203125 0.033203125
0 0.1943359375 0.5693359375 0.033203125 0.033203125
0 0.537109375 0.5712890625 0.033203125 0.033203125
0 0.51953125 0.57421875 0.033203125 0.033203125
0 0.01611328125 0.5791015625 0.0322265625 0.033203125
0 0.033203125 0.5810546875 0.033203125 0.033203125
0 0.923828125 0.5810546875 0.033203125 0.033203125
0 0.0537109375 0.58203125 0.033203125 0.033203125
0 0.50390625 0.5830078125 0.033203125 0.033203125
0 0.4853515625 0.5849609375 0.033203125 0.033203125
0 0.4658203125 0.5859375 0.033203125 0.033203125
0 0.205078125 0.5888671875 0.033203125 0.033203125
0 0.359375 0.591796875 0.033203125 0.033203125
0 0.4111328125 0.591796875 0.033203125 0.033203125
0 0.39453125 0.59375 0.033203125 0.033203125
0 0.6162109375 0.5947265625 0.033203125 0.033203125
0 0.37890625 0.595703125 0.033203125 0.033203125
0 0.6142578125 0.6123046875 0.033203125 0.033203125
0 0.9248046875 0.6201171875 0.033203125 0.033203125
0 0.0869140625 0.626953125 0.033203125 0.033203125
0 0.537109375 0.654296875 0.033203125 0.033203125
0 0.9267578125 0.65625 0.033203125 0.033203125
0 0.505859375 0.6640625 0.033203125 0.033203125
0 0.525390625 0.6640625 0.033203125 0.033203125
0 0.619140625 0.6650390625 0.033203125 0.033203125
0 0.4873046875 0.6708984375 0.033203125 0.033203125
0 0.251953125 0.6728515625 0.033203125 0.033203125
0 0.2666015625 0.6748046875 0.033203125 0.033203125
0 0.3203125 0.6767578125 0.033203125 0.033203125
0 0.3369140625 0.6767578125 0.033203125 0.033203125
0 0.28515625 0.6796875 0.033203125 0.033203125
0 0.353515625 0.6796875 0.033203125 0.033203125
0 0.4736328125 0.6796875 0.033203125 0.033203125
0 0.3720703125 0.6826171875 0.033203125 0.033203125
0 0.3916015625 0.6826171875 0.033203125 0.033203125
0 0.4091796875 0.6826171875 0.033203125 0.033203125
0 0.4248046875 0.6845703125 0.033203125 0.033203125
0 0.447265625 0.685546875 0.033203125 0.033203125
0 0.921875 0.693359375 0.033203125 0.033203125
0 0.2509765625 0.7080078125 0.033203125 0.033203125
0 0.2353515625 0.708984375 0.033203125 0.033203125
0 0.30078125 0.7109375 0.033203125 0.033203125
0 0.3359375 0.7109375 0.033203125 0.033203125
0 0.4853515625 0.7109375 0.033203125 0.033203125
0 0.287109375 0.7119140625 0.033203125 0.033203125
0 0.26953125 0.712890625 0.033203125 0.033203125
0 0.3193359375 0.712890625 0.033203125 0.033203125
0 0.37109375 0.7158203125 0.033203125 0.033203125
0 0.3876953125 0.7158203125 0.033203125 0.033203125
0 0.353515625 0.7177734375 0.033203125 0.033203125
0 0.443359375 0.7177734375 0.033203125 0.033203125
0 0.41015625 0.720703125 0.033203125 0.033203125
0 0.46875 0.720703125 0.033203125 0.033203125
0 0.4267578125 0.7216796875 0.033203125 0.033203125
0 0.9248046875 0.732421875 0.033203125 0.033203125
0 0.923828125 0.76953125 0.033203125 0.033203125
0 0.28515625 0.794921875 0.033203125 0.033203125
0 0.30078125 0.7958984375 0.033203125 0.033203125
0 0.2666015625 0.796875 0.033203125 0.033203125
0 0.35546875 0.796875 0.033203125 0.033203125
0 0.37109375 0.796875 0.033203125 0.033203125
0 0.3193359375 0.7978515625 0.033203125 0.033203125
0 0.40625 0.7998046875 0.033203125 0.033203125
0 0.3349609375 0.8017578125 0.033203125 0.033203125
0 0.388671875 0.8017578125 0.033203125 0.033203125
0 0.44140625 0.8037109375 0.033203125 0.033203125
0 0.2646484375 0.8291015625 0.033203125 0.033203125
0 0.283203125 0.8291015625 0.033203125 0.033203125
0 0.3037109375 0.8291015625 0.033203125 0.033203125
0 0.23046875 0.830078125 0.033203125 0.033203125
0 0.3193359375 0.830078125 0.033203125 0.033203125
0 0.25 0.8310546875 0.033203125 0.033203125
0 0.35546875 0.83203125 0.033203125 0.033203125
0 0.390625 0.8330078125 0.033203125 0.033203125
0 0.4033203125 0.833984375 0.033203125 0.033203125
0 0.3359375 0.8359375 0.033203125 0.033203125
0 0.373046875 0.8359375 0.033203125 0.033203125
0 0.4423828125 0.8359375 0.033203125 0.033203125
0 0.42578125 0.8369140625 0.033203125 0.033203125
0 0.5126953125 0.869140625 0.033203125 0.033203125
0 0.5400390625 0.876953125 0.033203125 0.033203125
0 0.5830078125 0.876953125 0.033203125 0.033203125
0 0.5615234375 0.8779296875 0.033203125 0.033203125
0 0.7001953125 0.880859375 0.033203125 0.033203125
0 0.7451171875 0.880859375 0.033203125 0.033203125
0 0.7666015625 0.880859375 0.033203125 0.033203125
0 0.7880859375 0.880859375 0.033203125 0.033203125
0 0.8115234375 0.8818359375 0.033203125 0.033203125
0 0.3369140625 0.92578125 0.033203125 0.033203125
0 0.39453125 0.9375 0.033203125 0.033203125
0 0.3310546875 0.94140625 0.033203125 0.033203125
0 0.7998046875 0.9453125 0.033203125 0.033203125
0 0.3291015625 0.9599609375 0.033203125 0.033203125
0 0.390625 0.974609375 0.033203125 0.033203125
0 0.3271484375 0.9755859375 0.033203125 0.033203125
0 0.3271484375 0.98974609375 0.033203125 0.0205078125