0 0.3291015625 0.0087890625 0.033203125 0.017578125
0 0.3271484375 0.044921875 0.033203125 0.033203125
0 0.716796875 0.0703125 0.033203125 0.033203125
0 0.6767578125 0.072265625 0.033203125 0.033203125
0 0.779296875 0.1376953125 0.033203125 0.033203125
0 0.4599609375 0.15234375 0.033203125 0.033203125
0 0.328125 0.205078125 0.033203125 0.033203125
0 0.45703125 0.23046875 0.033203125 0.033203125
0 0.615234375 0.2548828125 0.033203125 0.033203125
0 0.4560546875 0.2724609375 0.033203125 0.033203125
0 0.83984375 0.3740234375 0.033203125 0.033203125
0 0.0947265625 0.4453125 0.033203125 0.033203125
0 0.0517578125 0.447265625 0.033203125 0.033203125
0 0.181640625 0.447265625 0.033203125 0.033203125
0 0.576171875 0.4501953125 0.033203125 0.033203125
0 0.892578125 0.4541015625 0.033203125 0.033203125
0 0.2802734375 0.4990234375 0.033203125 0.033203125
0 0.703125 0.5009765625 0.033203125 0.033203125
0 0.4599609375 0.50390625 0.033203125 0.033203125
0 0.7333984375 0.5322265625 0.033203125 0.033203125
0 0.06640625 0.5439453125 0.033203125 0.033203125
0 0.5673828125 0.580078125 0.033203125 0.033203125
0 0.6708984375 0.58203125 0.033203125 0.033203125
0 0.806640625 0.583984375 0.033203125 0.033203125
0 0.923828125 0.5849609375 0.033203125 0.033203125
0 0.97265625 0.5859375 0.033203125 0.033203125
0 0.412109375 0.654296875 0.033203125 0.033203125
0 0.896484375 0.7861328125 0.033203125 0.033203125
0 0.6669921875 0.8486328125 0.033203125 0.033203125
0 0.318359375 0.8671875 0.033203125 0.033203125
0 0.7607421875 0.927734375 0.033203125 0.033203125
0 0.3203125 0.9462890625 0.033203125 0.033203125
0 0.75 0.9462890625 0.033203125 0.033203125
0 0.74609375 0.9619140625 0.033203125 0.033203125