0 0.6318359375 0.0126953125 0.033203125 0.025390625
0 0.2255859375 0.0185546875 0.033203125 0.033203125
0 0.1923828125 0.01953125 0.033203125 0.033203125
0 0.2060546875 0.01953125 0.033203125 0.033203125
0 0.244140625 0.0224609375 0.033203125 0.033203125
0 0.2587890625 0.0244140625 0.033203125 0.033203125
0 0.27734375 0.0263671875 0.033203125 0.033203125
0 0.923828125 0.033203125 0.033203125 0.033203125
0 0.6298828125 0.0439453125 0.033203125 0.033203125
0 0.806640625 0.0537109375 0.033203125 0.033203125
0 0.92578125 0.0537109375 0.033203125 0.033203125
0 0.5576171875 0.056640625 0.033203125 0.033203125
0 0.6357421875 0.0615234375 0.033203125 0.033203125
0 0.1640625 0.0625 0.033203125 0.033203125
0 0.8740234375 0.064453125 0.033203125 0.033203125
0 0.9267578125 0.0712890625 0.033203125 0.033203125
0 0.087890625 0.07421875 0.033203125 0.033203125
0 0.55859375 0.076171875 0.033203125 0.033203125
0 0.80859375 0.078125 0.033203125 0.033203125
0 0.1630859375 0.0810546875 0.033203125 0.033203125
0 0.869140625 0.08984375 0.033203125 0.033203125
0 0.927734375 0.08984375 0.033203125 0.033203125
0 0.2470703125 0.0947265625 0.033203125 0.033203125
0 0.2470703125 0.115234375 0.033203125 0.033203125
0 0.8740234375 0.115234375 0.033203125 0.033203125
0 0.0849609375 0.1220703125 0.033203125 0.033203125
0 0.6337890625 0.126953125 0.033203125 0.033203125
0 0.1669921875 0.1298828125 0.033203125 0.033203125
0 0.5517578125 0.1572265625 0.033203125 0.033203125
0 0.552734375 0.1572265625 0.033203125 0.033203125
0 0.0849609375 0.16015625 0.033203125 0.033203125
0 0.626953125 0.162109375 0.033203125 0.033203125
0 0.166015625 0.1640625 0.033203125 0.033203125
0 0.5556640625 0.1787109375 0.033203125 0.033203125
0 0.2421875 0.1806640625 0.033203125 0.033203125
0 0.5546875 0.1943359375 0.033203125 0.033203125
0 0.6357421875 0.197265625 0.033203125 0.033203125
0 0.0869140625 0.205078125 0.033203125 0.033203125
0 0.55078125 0.2099609375 0.033203125 0.033203125
0 0.6298828125 0.2119140625 0.033203125 0.033203125
0 0.1650390625 0.2138671875 0.033203125 0.033203125
0 0.5517578125 0.2265625 0.033203125 0.033203125
0 0.6318359375 0.2265625 0.033203125 0.033203125
0 0.5234375 0.232421875 0.033203125 0.033203125
0 0.0869140625 0.236328125 0.033203125 0.033203125
0 0.5478515625 0.2490234375 0.033203125 0.033203125
0 0.5869140625 0.2548828125 0.033203125 0.033203125
0 0.564453125 0.255859375 0.033203125 0.033203125
0 0.611328125 0.259765625 0.033203125 0.033203125
0 0.6298828125 0.259765625 0.033203125 0.033203125
0 0.71484375 0.2607421875 0.033203125 0.033203125
0 0.646484375 0.26171875 0.033203125 0.033203125
0 0.4765625 0.2724609375 0.033203125 0.033203125
0 0.2763671875 0.287109375 0.033203125 0.033203125
0 0.314453125 0.3251953125 0.033203125 0.033203125
0 0.30859375 0.345703125 0.033203125 0.033203125
0 0.3076171875 0.3681640625 0.033203125 0.033203125
0 0.083984375 0.3837890625 0.033203125 0.033203125
0 0.0830078125 0.384765625 0.033203125 0.033203125
0 0.3115234375 0.4189453125 0.033203125 0.033203125
0 0.3095703125 0.44140625 0.033203125 0.033203125
0 0.3037109375 0.4619140625 0.033203125 0.033203125
0 0.931640625 0.4833984375 0.033203125 0.033203125
0 0.3095703125 0.5244140625 0.033203125 0.033203125
0 0.9326171875 0.546875 0.033203125 0.033203125
0 0.466796875 0.63671875 0.033203125 0.033203125
0 0.69140625 0.63671875 0.033203125 0.033203125
0 0.5205078125 0.6376953125 0.033203125 0.033203125
0 0.3896484375 0.6396484375 0.033203125 0.033203125
0 0.4921875 0.724609375 0.033203125 0.033203125
0 0.8359375 0.7578125 0.033203125 0.033203125
0 0.54296875 0.7919921875 0.033203125 0.033203125
0 0.595703125 0.7939453125 0.033203125 0.033203125
0 0.98583984375 0.7939453125 0.0283203125 0.033203125
0 0.0625 0.826171875 0.033203125 0.033203125
0 0.7421875 0.865234375 0.033203125 0.033203125
0 0.908203125 0.8662109375 0.033203125 0.033203125
0 0.76171875 0.8671875 0.033203125 0.033203125
0 0.9267578125 0.8671875 0.033203125 0.033203125
0 0.962890625 0.8671875 0.033203125 0.033203125
0 0.9775390625 0.8671875 0.033203125 0.033203125
0 0.98974609375 0.8671875 0.0205078125 0.033203125
0 0.9453125 0.8681640625 0.033203125 0.033203125
0 0.7783203125 0.8701171875 0.033203125 0.033203125
0 0.7021484375 0.90625 0.033203125 0.033203125
0 0.7021484375 0.9208984375 0.033203125 0.033203125
0 0.98388671875 0.9296875 0.0322265625 0.033203125
0 0.7021484375 0.9375 0.033203125 0.033203125
0 0.775390625 0.9423828125 0.033203125 0.033203125
0 0.8779296875 0.9443359375 0.033203125 0.033203125
0 0.8076171875 0.9462890625 0.033203125 0.033203125
0 0.9169921875 0.94921875 0.033203125 0.033203125
0 0.98388671875 0.94921875 0.0322265625 0.033203125
0 0.7021484375 0.9560546875 0.033203125 0.033203125
0 0.771484375 0.9609375 0.033203125 0.033203125
0 0.806640625 0.9638671875 0.033203125 0.033203125
0 0.87890625 0.96484375 0.033203125 0.033203125
0 0.9130859375 0.9658203125 0.033203125 0.033203125
0 0.982421875 0.966796875 0.033203125 0.033203125
0 0.69921875 0.9716796875 0.033203125 0.033203125
0 0.8076171875 0.978515625 0.033203125 0.033203125
0 0.771484375 0.98046875 0.033203125 0.033203125
0 0.876953125 0.98046875 0.033203125 0.033203125
0 0.984375 0.982421875 0.03125 0.033203125
0 0.91015625 0.9833984375 0.033203125 0.033203125
0 0.701171875 0.98583984375 0.033203125 0.0283203125
0 0.7734375 0.99072265625 0.033203125 0.0185546875
0 0.8115234375 0.99072265625 0.033203125 0.0185546875
0 0.876953125 0.99072265625 0.033203125 0.0185546875
0 0.9091796875 0.99072265625 0.033203125 0.0185546875