0 0.0849609375 0.0205078125 0.033203125 0.033203125
0 0.01416015625 0.0244140625 0.0283203125 0.033203125
0 0.048828125 0.02734375 0.033203125 0.033203125
0 0.03125 0.0302734375 0.033203125 0.033203125
0 0.01171875 0.0673828125 0.0234375 0.033203125
0 0.6884765625 0.0810546875 0.033203125 0.033203125
0 0.09375 0.0908203125 0.033203125 0.033203125
0 0.55859375 0.115234375 0.033203125 0.033203125
0 0.0927734375 0.12109375 0.033203125 0.033203125
0 0.6875 0.1240234375 0.033203125 0.033203125
0 0.095703125 0.1474609375 0.033203125 0.033203125
0 0.0927734375 0.1767578125 0.033203125 0.033203125
0 0.091796875 0.203125 0.033203125 0.033203125
0 0.6025390625 0.212890625 0.033203125 0.033203125
0 0.642578125 0.228515625 0.033203125 0.033203125
0 0.08984375 0.2333984375 0.033203125 0.033203125
0 0.0888671875 0.2607421875 0.033203125 0.033203125
0 0.087890625 0.2841796875 0.033203125 0.033203125
0 0.0673828125 0.30859375 0.033203125 0.033203125
0 0.6630859375 0.3173828125 0.033203125 0.033203125
0 0.642578125 0.3193359375 0.033203125 0.033203125
0 0.06640625 0.326171875 0.033203125 0.033203125
0 0.0673828125 0.3447265625 0.033203125 0.033203125
0 0.6396484375 0.376953125 0.033203125 0.033203125
0 0.556640625 0.37890625 0.033203125 0.033203125
0 0.06640625 0.3818359375 0.033203125 0.033203125
0 0.6640625 0.3837890625 0.033203125 0.033203125
0 0.06640625 0.3994140625 0.033203125 0.033203125
0 0.0625 0.419921875 0.033203125 0.033203125
0 0.5537109375 0.435546875 0.033203125 0.033203125
0 0.642578125 0.4404296875 0.033203125 0.033203125
0 0.5576171875 0.478515625 0.033203125 0.033203125
0 0.6396484375 0.50390625 0.033203125 0.033203125
0 0.552734375 0.521484375 0.033203125 0.033203125
0 0.091796875 0.541015625 0.033203125 0.033203125
0 0.5556640625 0.5546875 0.033203125 0.033203125
0 0.12109375 0.568359375 0.033203125 0.033203125
0 0.537109375 0.7060546875 0.033203125 0.033203125
0 0.5361328125 0.7451171875 0.033203125 0.033203125
0 0.5341796875 0.791015625 0.033203125 0.033203125
0 0.107421875 0.8525390625 0.033203125 0.033203125
0 0.126953125 0.8544921875 0.033203125 0.033203125
0 0.8994140625 0.9365234375 0.033203125 0.033203125
0 0.8603515625 0.9375 0.033203125 0.033203125
0 0.9462890625 0.9384765625 0.033203125 0.033203125
0 0.98486328125 0.939453125 0.0302734375 0.033203125
0 0.767578125 0.97265625 0.033203125 0.033203125
0 0.8271484375 0.9775390625 0.033203125 0.033203125
0 0.869140625 0.9794921875 0.033203125 0.033203125
0 0.919921875 0.982421875 0.033203125 0.033203125