0 0.9853515625 0.00927734375 0.029296875 0.0185546875
0 0.9482421875 0.009765625 0.033203125 0.01953125
0 0.96875 0.01025390625 0.033203125 0.0205078125
0 0.85546875 0.015625 0.033203125 0.03125
0 0.705078125 0.02734375 0.033203125 0.033203125
0 0.669921875 0.029296875 0.033203125 0.033203125
0 0.7265625 0.029296875 0.033203125 0.033203125
0 0.7939453125 0.03125 0.033203125 0.033203125
0 0.59765625 0.0322265625 0.033203125 0.033203125
0 0.85546875 0.0322265625 0.033203125 0.033203125
0 0.63671875 0.0341796875 0.033203125 0.033203125
0 0.6533203125 0.0341796875 0.033203125 0.033203125
0 0.9326171875 0.0380859375 0.033203125 0.033203125
0 0.951171875 0.0380859375 0.033203125 0.033203125
0 0.98486328125 0.0380859375 0.0302734375 0.033203125
0 0.9697265625 0.0390625 0.033203125 0.033203125
0 0.8544921875 0.05078125 0.033203125 0.033203125
0 0.7392578125 0.056640625 0.033203125 0.033203125
0 0.654296875 0.05859375 0.033203125 0.033203125
0 0.771484375 0.05859375 0.033203125 0.033203125
0 0.85546875 0.0693359375 0.033203125 0.033203125
0 0.8603515625 0.0888671875 0.033203125 0.033203125
0 0.853515625 0.107421875 0.033203125 0.033203125
0 0.9208984375 0.125 0.033203125 0.033203125
0 0.9375 0.1259765625 0.033203125 0.033203125
0 0.95703125 0.1259765625 0.033203125 0.033203125
0 0.9033203125 0.126953125 0.033203125 0.033203125
0 0.8154296875 0.1279296875 0.033203125 0.033203125
0 0.9755859375 0.1279296875 0.033203125 0.033203125
0 0.58984375 0.12890625 0.033203125 0.033203125
0 0.78515625 0.12890625 0.033203125 0.033203125
0 0.8857421875 0.12890625 0.033203125 0.033203125
0 0.677734375 0.1298828125 0.033203125 0.033203125
0 0.8330078125 0.1298828125 0.033203125 0.033203125
0 0.98779296875 0.1298828125 0.0244140625 0.033203125
0 0.6259765625 0.130859375 0.033203125 0.033203125
0 0.849609375 0.130859375 0.033203125 0.033203125
0 0.767578125 0.1318359375 0.033203125 0.033203125
0 0.6083984375 0.1328125 0.033203125 0.033203125
0 0.6435546875 0.1328125 0.033203125 0.033203125
0 0.568359375 0.1337890625 0.033203125 0.033203125
0 0.6953125 0.1337890625 0.033203125 0.033203125
0 0.712890625 0.1337890625 0.033203125 0.033203125
0 0.7314453125 0.134765625 0.033203125 0.033203125
0 0.751953125 0.134765625 0.033203125 0.033203125
0 0.982421875 0.1953125 0.033203125 0.033203125
0 0.982421875 0.2314453125 0.033203125 0.033203125
0 0.9833984375 0.2314453125 0.033203125 0.033203125
0 0.978515625 0.2998046875 0.033203125 0.033203125
0 0.8388671875 0.3134765625 0.033203125 0.033203125
0 0.7587890625 0.3154296875 0.033203125 0.033203125
0 0.78125 0.3173828125 0.033203125 0.033203125
0 0.7998046875 0.3193359375 0.033203125 0.033203125
0 0.94140625 0.3212890625 0.033203125 0.033203125
0 0.7431640625 0.322265625 0.033203125 0.033203125
0 0.720703125 0.32421875 0.033203125 0.033203125
0 0.99072265625 0.431640625 0.0185546875 0.033203125
0 0.9833984375 0.4345703125 0.033203125 0.033203125
0 0.8447265625 0.455078125 0.033203125 0.033203125
0 0.982421875 0.5205078125 0.033203125 0.033203125
0 0.931640625 0.544921875 0.033203125 0.033203125
0 0.8173828125 0.572265625 0.033203125 0.033203125
0 0.60546875 0.57421875 0.033203125 0.033203125
0 0.8134765625 0.58984375 0.033203125 0.033203125
0 0.98974609375 0.6025390625 0.0205078125 0.033203125
0 0.98974609375 0.6357421875 0.0205078125 0.033203125
0 0.9892578125 0.654296875 0.021484375 0.033203125
0 0.98779296875 0.7099609375 0.0244140625 0.033203125
0 0.98779296875 0.7265625 0.0244140625 0.033203125
0 0.7685546875 0.7333984375 0.033203125 0.033203125
0 0.9521484375 0.8779296875 0.033203125 0.033203125
0 0.1298828125 0.947265625 0.033203125 0.033203125
0 0.1494140625 0.9755859375 0.033203125 0.033203125
0 0.8525390625 0.9833984375 0.033203125 0.033203125