0 0.4052734375 0.0185546875 0.033203125 0.033203125
0 0.62109375 0.0244140625 0.033203125 0.033203125
0 0.404296875 0.0361328125 0.033203125 0.033203125
0 0.296875 0.0390625 0.033203125 0.033203125
0 0.3330078125 0.044921875 0.033203125 0.033203125
0 0.412109375 0.072265625 0.033203125 0.033203125
0 0.1943359375 0.07421875 0.033203125 0.033203125
0 0.24609375 0.0771484375 0.033203125 0.033203125
0 0.296875 0.0771484375 0.033203125 0.033203125
0 0.2646484375 0.078125 0.033203125 0.033203125
0 0.162109375 0.0791015625 0.033203125 0.033203125
0 0.2802734375 0.0791015625 0.033203125 0.033203125
0 0.3330078125 0.0791015625 0.033203125 0.033203125
0 0.412109375 0.0849609375 0.033203125 0.033203125
0 0.4482421875 0.1083984375 0.033203125 0.033203125
0 0.4619140625 0.1396484375 0.033203125 0.033203125
0 0.1123046875 0.1533203125 0.033203125 0.033203125
0 0.09375 0.154296875 0.033203125 0.033203125
0 0.1787109375 0.1552734375 0.033203125 0.033203125
0 0.330078125 0.1552734375 0.033203125 0.033203125
0 0.1962890625 0.15625 0.033203125 0.033203125
0 0.212890625 0.15625 0.033203125 0.033203125
0 0.3662109375 0.15625 0.033203125 0.033203125
0 0.1455078125 0.1572265625 0.033203125 0.033203125
0 0.2314453125 0.158203125 0.033203125 0.033203125
0 0.263671875 0.158203125 0.033203125 0.033203125
0 0.294921875 0.158203125 0.033203125 0.033203125
0 0.3154296875 0.158203125 0.033203125 0.033203125
0 0.3486328125 0.1591796875 0.033203125 0.033203125
0 0.2802734375 0.1611328125 0.033203125 0.033203125
0 0.4443359375 0.1845703125 0.033203125 0.033203125
0 0.2119140625 0.1884765625 0.033203125 0.033203125
0 0.1787109375 0.189453125 0.033203125 0.033203125
0 0.244140625 0.189453125 0.033203125 0.033203125
0 0.2626953125 0.189453125 0.033203125 0.033203125
0 0.076171875 0.1904296875 0.033203125 0.033203125
0 0.0478515625 0.19140625 0.033203125 0.033203125
0 0.2958984375 0.19140625 0.033203125 0.033203125
0 0.1962890625 0.1923828125 0.033203125 0.033203125
0 0.2294921875 0.1923828125 0.033203125 0.033203125
0 0.2802734375 0.1923828125 0.033203125 0.033203125
0 0.330078125 0.1923828125 0.033203125 0.033203125
0 0.34765625 0.193359375 0.033203125 0.033203125
0 0.109375 0.1943359375 0.033203125 0.033203125
0 0.130859375 0.1943359375 0.033203125 0.033203125
0 0.1474609375 0.1943359375 0.033203125 0.033203125
0 0.1640625 0.1943359375 0.033203125 0.033203125
0 0.3154296875 0.1953125 0.033203125 0.033203125
0 0.4423828125 0.201171875 0.033203125 0.033203125
0 0.4423828125 0.2265625 0.033203125 0.033203125
0 0.095703125 0.2705078125 0.033203125 0.033203125
0 0.37890625 0.271484375 0.033203125 0.033203125
0 0.0146484375 0.2724609375 0.029296875 0.033203125
0 0.029296875 0.2724609375 0.033203125 0.033203125
0 0.0595703125 0.2724609375 0.033203125 0.033203125
0 0.37890625 0.2724609375 0.033203125 0.033203125
0 0.212890625 0.2734375 0.033203125 0.033203125
0 0.33203125 0.2734375 0.033203125 0.033203125
0 0.3330078125 0.2734375 0.033203125 0.033203125
0 0.3955078125 0.2734375 0.033203125 0.033203125
0 0.12890625 0.2744140625 0.033203125 0.033203125
0 0.1435546875 0.2744140625 0.033203125 0.033203125
0 0.1796875 0.2744140625 0.033203125 0.033203125
0 0.2294921875 0.2744140625 0.033203125 0.033203125
0 0.2470703125 0.2744140625 0.033203125 0.033203125
0 0.3466796875 0.2744140625 0.033203125 0.033203125
0 0.2958984375 0.275390625 0.033203125 0.033203125
0 0.28125 0.2763671875 0.033203125 0.033203125
0 0.4140625 0.2763671875 0.033203125 0.033203125
0 0.265625 0.2783203125 0.033203125 0.033203125
0 0.45703125 0.3857421875 0.033203125 0.033203125
0 0.447265625 0.41015625 0.033203125 0.033203125
0 0.140625 0.482421875 0.033203125 0.033203125
0 0.02734375 0.4853515625 0.033203125 0.033203125
0 0.6904296875 0.486328125 0.033203125 0.033203125
0 0.822265625 0.486328125 0.033203125 0.033203125
0 0.2451171875 0.4873046875 0.033203125 0.033203125
0 0.408203125 0.4873046875 0.033203125 0.033203125
0 0.9140625 0.4873046875 0.033203125 0.033203125
0 0.5576171875 0.48828125 0.033203125 0.033203125
0 0.7998046875 0.5048828125 0.033203125 0.033203125
0 0.892578125 0.5087890625 0.033203125 0.033203125
0 0.9794921875 0.5087890625 0.033203125 0.033203125
0 0.52734375 0.5107421875 0.033203125 0.033203125
0 0.9384765625 0.5107421875 0.033203125 0.033203125
0 0.4716796875 0.51171875 0.033203125 0.033203125
0 0.01123046875 0.6123046875 0.0224609375 0.033203125
0 0.044921875 0.6171875 0.033203125 0.033203125
0 0.1533203125 0.6259765625 0.033203125 0.033203125
0 0.1513671875 0.6630859375 0.033203125 0.033203125
0 0.6923828125 0.6650390625 0.033203125 0.033203125
0 0.1533203125 0.6796875 0.033203125 0.033203125
0 0.060546875 0.69921875 0.033203125 0.033203125
0 0.04296875 0.705078125 0.033203125 0.033203125
0 0.0107421875 0.7060546875 0.021484375 0.033203125
0 0.0244140625 0.7060546875 0.033203125 0.033203125
0 0.076171875 0.708984375 0.033203125 0.033203125
0 0.0244140625 0.73828125 0.033203125 0.033203125
0 0.041015625 0.73828125 0.033203125 0.033203125
0 0.0107421875 0.7392578125 0.021484375 0.033203125
0 0.076171875 0.740234375 0.033203125 0.033203125
0 0.0576171875 0.744140625 0.033203125 0.033203125
0 0.150390625 0.751953125 0.033203125 0.033203125
0 0.150390625 0.78125 0.033203125 0.033203125
0 0.15234375 0.8046875 0.033203125 0.033203125
0 0.0732421875 0.83203125 0.033203125 0.033203125
0 0.1484375 0.837890625 0.033203125 0.033203125
0 0.1455078125 0.857421875 0.033203125 0.033203125
0 0.00927734375 0.8720703125 0.0185546875 0.033203125
0 0.0712890625 0.8720703125 0.033203125 0.033203125
0 0.0400390625 0.8740234375 0.033203125 0.033203125
0 0.0537109375 0.9482421875 0.033203125 0.033203125
0 0.072265625 0.9482421875 0.033203125 0.033203125
0 0.0087890625 0.9501953125 0.017578125 0.033203125
0 0.03515625 0.9501953125 0.033203125 0.033203125
0 0.017578125 0.9521484375 0.033203125 0.033203125
0 0.1552734375 0.958984375 0.033203125 0.033203125
0 0.1533203125 0.978515625 0.033203125 0.033203125