0 0.7685546875 0.04296875 0.033203125 0.033203125
0 0.1259765625 0.1513671875 0.033203125 0.033203125
0 0.771484375 0.166015625 0.033203125 0.033203125
0 0.8330078125 0.18359375 0.033203125 0.033203125
0 0.970703125 0.3828125 0.033203125 0.033203125
0 0.1982421875 0.3955078125 0.033203125 0.033203125
0 0.822265625 0.400390625 0.033203125 0.033203125
0 0.7412109375 0.48046875 0.033203125 0.033203125
0 0.44921875 0.482421875 0.033203125 0.033203125
0 0.2099609375 0.48828125 0.033203125 0.033203125
0 0.4765625 0.6005859375 0.033203125 0.033203125
0 0.2802734375 0.6025390625 0.033203125 0.033203125
0 0.330078125 0.6025390625 0.033203125 0.033203125
0 0.2451171875 0.60546875 0.033203125 0.033203125
0 0.3662109375 0.60546875 0.033203125 0.033203125
0 0.4765625 0.6318359375 0.033203125 0.033203125
0 0.4287109375 0.693359375 0.033203125 0.033203125
0 0.4130859375 0.6943359375 0.033203125 0.033203125
0 0.93359375 0.69921875 0.033203125 0.033203125
0 0.97265625 0.7041015625 0.033203125 0.033203125
0 0.98583984375 0.705078125 0.0283203125 0.033203125
0 0.986328125 0.705078125 0.02734375 0.033203125
0 0.953125 0.7060546875 0.033203125 0.033203125
0 0.8984375 0.736328125 0.033203125 0.033203125
0 0.916015625 0.73828125 0.033203125 0.033203125
0 0.9501953125 0.73828125 0.033203125 0.033203125
0 0.880859375 0.7392578125 0.033203125 0.033203125
0 0.9345703125 0.7392578125 0.033203125 0.033203125
0 0.9716796875 0.740234375 0.033203125 0.033203125
0 0.98486328125 0.7412109375 0.0302734375 0.033203125
0 0.7958984375 0.78125 0.033203125 0.033203125
0 0.7978515625 0.802734375 0.033203125 0.033203125
0 0.7978515625 0.81640625 0.033203125 0.033203125
0 0.96875 0.828125 0.033203125 0.033203125
0 0.8779296875 0.8310546875 0.033203125 0.033203125
0 0.8955078125 0.8310546875 0.033203125 0.033203125
0 0.9326171875 0.8310546875 0.033203125 0.033203125
0 0.951171875 0.83203125 0.033203125 0.033203125
0 0.9150390625 0.8330078125 0.033203125 0.033203125
0 0.7998046875 0.8359375 0.033203125 0.033203125
0 0.662109375 0.837890625 0.033203125 0.033203125
0 0.80078125 0.8525390625 0.033203125 0.033203125
0 0.8955078125 0.865234375 0.033203125 0.033203125
0 0.916015625 0.8662109375 0.033203125 0.033203125
0 0.8779296875 0.8681640625 0.033203125 0.033203125
0 0.9296875 0.869140625 0.033203125 0.033203125
0 0.94921875 0.8701171875 0.033203125 0.033203125
0 0.759765625 0.87109375 0.033203125 0.033203125
0 0.796875 0.87109375 0.033203125 0.033203125
0 0.9677734375 0.873046875 0.033203125 0.033203125
0 0.8017578125 0.888671875 0.033203125 0.033203125
0 0.6689453125 0.8935546875 0.033203125 0.033203125
0 0.796875 0.908203125 0.033203125 0.033203125
0 0.7568359375 0.9189453125 0.033203125 0.033203125
0 0.79296875 0.92578125 0.033203125 0.033203125
0 0.666015625 0.9287109375 0.033203125 0.033203125
0 0.6640625 0.9296875 0.033203125 0.033203125
0 0.794921875 0.94140625 0.033203125 0.033203125
0 0.8779296875 0.9443359375 0.033203125 0.033203125
0 0.8935546875 0.947265625 0.033203125 0.033203125
0 0.91015625 0.947265625 0.033203125 0.033203125
0 0.7578125 0.9482421875 0.033203125 0.033203125
0 0.9462890625 0.9482421875 0.033203125 0.033203125
0 0.9296875 0.94921875 0.033203125 0.033203125
0 0.98388671875 0.94921875 0.0322265625 0.033203125
0 0.966796875 0.951171875 0.033203125 0.033203125