0 0.5185546875 0.0087890625 0.033203125 0.017578125
0 0.5810546875 0.00927734375 0.033203125 0.0185546875
0 0.6591796875 0.00927734375 0.033203125 0.0185546875
0 0.91015625 0.01171875 0.033203125 0.0234375
0 0.81640625 0.01220703125 0.033203125 0.0244140625
0 0.318359375 0.0126953125 0.033203125 0.025390625
0 0.5029296875 0.01416015625 0.033203125 0.0283203125
0 0.568359375 0.01416015625 0.033203125 0.0283203125
0 0.646484375 0.01416015625 0.033203125 0.0283203125
0 0.98388671875 0.01513671875 0.0322265625 0.0302734375
0 0.892578125 0.0166015625 0.033203125 0.033203125
0 0.4892578125 0.0185546875 0.033203125 0.033203125
0 0.8017578125 0.01953125 0.033203125 0.033203125
0 0.193359375 0.021484375 0.033203125 0.033203125
0 0.5517578125 0.021484375 0.033203125 0.033203125
0 0.6318359375 0.021484375 0.033203125 0.033203125
0 0.96484375 0.021484375 0.033203125 0.033203125
0 0.171875 0.0234375 0.033203125 0.033203125
0 0.474609375 0.02734375 0.033203125 0.033203125
0 0.8759765625 0.02734375 0.033203125 0.033203125
0 0.6171875 0.0302734375 0.033203125 0.033203125
0 0.6796875 0.0302734375 0.033203125 0.033203125
0 0.5400390625 0.03125 0.033203125 0.033203125
0 0.7841796875 0.03125 0.033203125 0.033203125
0 0.9521484375 0.03125 0.033203125 0.033203125
0 0.4619140625 0.03515625 0.033203125 0.033203125
0 0.6669921875 0.0390625 0.033203125 0.033203125
0 0.603515625 0.0400390625 0.033203125 0.033203125
0 0.861328125 0.0400390625 0.033203125 0.033203125
0 0.5244140625 0.041015625 0.033203125 0.033203125
0 0.935546875 0.04296875 0.033203125 0.033203125
0 0.58984375 0.0478515625 0.033203125 0.033203125
0 0.65234375 0.048828125 0.033203125 0.033203125
0 0.8447265625 0.05078125 0.033203125 0.033203125
0 0.51171875 0.052734375 0.033203125 0.033203125
0 0.9208984375 0.0537109375 0.033203125 0.033203125
0 0.1708984375 0.056640625 0.033203125 0.033203125
0 0.578125 0.0595703125 0.033203125 0.033203125
0 0.8310546875 0.0595703125 0.033203125 0.033203125
0 0.724609375 0.060546875 0.033203125 0.033203125
0 0.5 0.0615234375 0.033203125 0.033203125
0 0.640625 0.0625 0.033203125 0.033203125
0 0.3486328125 0.064453125 0.033203125 0.033203125
0 0.9072265625 0.06640625 0.033203125 0.033203125
0 0.564453125 0.068359375 0.033203125 0.033203125
0 0.625 0.0693359375 0.033203125 0.033203125
0 0.712890625 0.0693359375 0.033203125 0.033203125
0 0.814453125 0.0693359375 0.033203125 0.033203125
0 0.4873046875 0.0712890625 0.033203125 0.033203125
0 0.16796875 0.07421875 0.033203125 0.033203125
0 0.890625 0.07421875 0.033203125 0.033203125
0 0.43359375 0.0751953125 0.033203125 0.033203125
0 0.5498046875 0.0771484375 0.033203125 0.033203125
0 0.55078125 0.0771484375 0.033203125 0.033203125
0 0.697265625 0.0791015625 0.033203125 0.033203125
0 0.9833984375 0.0810546875 0.033203125 0.033203125
0 0.6142578125 0.08203125 0.033203125 0.033203125
0 0.3505859375 0.0830078125 0.033203125 0.033203125
0 0.8779296875 0.0859375 0.033203125 0.033203125
0 0.01416015625 0.087890625 0.0283203125 0.033203125
0 0.2060546875 0.087890625 0.033203125 0.033203125
0 0.5380859375 0.087890625 0.033203125 0.033203125
0 0.68359375 0.0888671875 0.033203125 0.033203125
0 0.1708984375 0.08984375 0.033203125 0.033203125
0 0.966796875 0.0908203125 0.033203125 0.033203125
0 0.5986328125 0.091796875 0.033203125 0.033203125
0 0.525390625 0.09375 0.033203125 0.033203125
0 0.8603515625 0.095703125 0.033203125 0.033203125
0 0.4560546875 0.09765625 0.033203125 0.033203125
0 0.669921875 0.09765625 0.033203125 0.033203125
0 0.9521484375 0.0986328125 0.033203125 0.033203125
0 0.4345703125 0.099609375 0.033203125 0.033203125
0 0.58984375 0.1005859375 0.033203125 0.033203125
0 0.736328125 0.1005859375 0.033203125 0.033203125
0 0.349609375 0.1025390625 0.033203125 0.033203125
0 0.5107421875 0.103515625 0.033203125 0.033203125
0 0.2041015625 0.1044921875 0.033203125 0.033203125
0 0.177734375 0.10546875 0.033203125 0.033203125
0 0.7197265625 0.1064453125 0.033203125 0.033203125
0 0.6552734375 0.107421875 0.033203125 0.033203125
0 0.9384765625 0.1083984375 0.033203125 0.033203125
0 0.576171875 0.1103515625 0.033203125 0.033203125
0 0.84765625 0.1103515625 0.033203125 0.033203125
0 0.6416015625 0.1142578125 0.033203125 0.033203125
0 0.2060546875 0.1162109375 0.033203125 0.033203125
0 0.3515625 0.1162109375 0.033203125 0.033203125
0 0.5625 0.1181640625 0.033203125 0.033203125
0 0.7060546875 0.1181640625 0.033203125 0.033203125
0 0.919921875 0.1181640625 0.033203125 0.033203125
0 0.169921875 0.123046875 0.033203125 0.033203125
0 0.4765625 0.1240234375 0.033203125 0.033203125
0 0.775390625 0.125 0.033203125 0.033203125
0 0.689453125 0.1259765625 0.033203125 0.033203125
0 0.548828125 0.126953125 0.033203125 0.033203125
0 0.6298828125 0.126953125 0.033203125 0.033203125
0 0.9072265625 0.1298828125 0.033203125 0.033203125
0 0.4697265625 0.1318359375 0.033203125 0.033203125
0 0.615234375 0.1328125 0.033203125 0.033203125
0 0.982421875 0.1328125 0.033203125 0.033203125
0 0.6787109375 0.1357421875 0.033203125 0.033203125
0 0.7587890625 0.1357421875 0.033203125 0.033203125
0 0.3486328125 0.13671875 0.033203125 0.033203125
0 0.888671875 0.13671875 0.033203125 0.033203125
0 0.4541015625 0.1376953125 0.033203125 0.033203125
0 0.1689453125 0.138671875 0.033203125 0.033203125
0 0.20703125 0.138671875 0.033203125 0.033203125
0 0.53515625 0.138671875 0.033203125 0.033203125
0 0.3115234375 0.140625 0.033203125 0.033203125
0 0.6005859375 0.1416015625 0.033203125 0.033203125
0 0.501953125 0.142578125 0.033203125 0.033203125
0 0.96875 0.1435546875 0.033203125 0.033203125
0 0.6650390625 0.1455078125 0.033203125 0.033203125
0 0.7412109375 0.1455078125 0.033203125 0.033203125
0 0.44140625 0.1474609375 0.033203125 0.033203125
0 0.58984375 0.150390625 0.033203125 0.033203125
0 0.8720703125 0.150390625 0.033203125 0.033203125
0 0.3447265625 0.1513671875 0.033203125 0.033203125
0 0.166015625 0.1533203125 0.033203125 0.033203125
0 0.9580078125 0.1533203125 0.033203125 0.033203125
0 0.7294921875 0.154296875 0.033203125 0.033203125
0 0.2021484375 0.1552734375 0.033203125 0.033203125
0 0.654296875 0.15625 0.033203125 0.033203125
0 0.3095703125 0.1572265625 0.033203125 0.033203125
0 0.48828125 0.158203125 0.033203125 0.033203125
0 0.5751953125 0.1611328125 0.033203125 0.033203125
0 0.943359375 0.1611328125 0.033203125 0.033203125
0 0.6416015625 0.1630859375 0.033203125 0.033203125
0 0.7158203125 0.1630859375 0.033203125 0.033203125
0 0.7939453125 0.1669921875 0.033203125 0.033203125
0 0.1669921875 0.1689453125 0.033203125 0.033203125
0 0.3486328125 0.169921875 0.033203125 0.033203125
0 0.5625 0.169921875 0.033203125 0.033203125
0 0.6259765625 0.171875 0.033203125 0.033203125
0 0.7041015625 0.171875 0.033203125 0.033203125
0 0.9306640625 0.171875 0.033203125 0.033203125
0 0.9853515625 0.171875 0.029296875 0.033203125
0 0.2021484375 0.173828125 0.033203125 0.033203125
0 0.77734375 0.1748046875 0.033203125 0.033203125
0 0.3193359375 0.177734375 0.033203125 0.033203125
0 0.9716796875 0.1796875 0.033203125 0.033203125
0 0.9140625 0.181640625 0.033203125 0.033203125
0 0.615234375 0.1826171875 0.033203125 0.033203125
0 0.6884765625 0.1826171875 0.033203125 0.033203125
0 0.76171875 0.1826171875 0.033203125 0.033203125
0 0.1611328125 0.1845703125 0.033203125 0.033203125
0 0.5166015625 0.1845703125 0.033203125 0.033203125
0 0.1953125 0.189453125 0.033203125 0.033203125
0 0.9580078125 0.189453125 0.033203125 0.033203125
0 0.7451171875 0.1904296875 0.033203125 0.033203125
0 0.3134765625 0.19140625 0.033203125 0.033203125
0 0.501953125 0.19140625 0.033203125 0.033203125
0 0.6005859375 0.19140625 0.033203125 0.033203125
0 0.6728515625 0.1923828125 0.033203125 0.033203125
0 0.900390625 0.193359375 0.033203125 0.033203125
0 0.7294921875 0.1962890625 0.033203125 0.033203125
0 0.5849609375 0.1982421875 0.033203125 0.033203125
0 0.943359375 0.19921875 0.033203125 0.033203125
0 0.3466796875 0.2001953125 0.033203125 0.033203125
0 0.65625 0.2001953125 0.033203125 0.033203125
0 0.494140625 0.2021484375 0.033203125 0.033203125
0 0.5537109375 0.203125 0.033203125 0.033203125
0 0.3115234375 0.2041015625 0.033203125 0.033203125
0 0.7197265625 0.2060546875 0.033203125 0.033203125
0 0.9306640625 0.208984375 0.033203125 0.033203125
0 0.6474609375 0.212890625 0.033203125 0.033203125
0 0.80078125 0.212890625 0.033203125 0.033203125
0 0.54296875 0.2138671875 0.033203125 0.033203125
0 0.7060546875 0.2138671875 0.033203125 0.033203125
0 0.783203125 0.2138671875 0.033203125 0.033203125
0 0.916015625 0.21875 0.033203125 0.033203125
0 0.3798828125 0.22265625 0.033203125 0.033203125
0 0.689453125 0.2236328125 0.033203125 0.033203125
0 0.98779296875 0.224609375 0.0244140625 0.033203125
0 0.962890625 0.244140625 0.033203125 0.033203125
0 0.94921875 0.251953125 0.033203125 0.033203125
0 0.9892578125 0.2626953125 0.021484375 0.033203125
0 0.98046875 0.271484375 0.033203125 0.033203125
0 0.96484375 0.279296875 0.033203125 0.033203125
0 0.859375 0.33984375 0.033203125 0.033203125
0 0.845703125 0.34765625 0.033203125 0.033203125
0 0.912109375 0.349609375 0.033203125 0.033203125
0 0.8310546875 0.3583984375 0.033203125 0.033203125
0 0.8955078125 0.3583984375 0.033203125 0.033203125
0 0.818359375 0.3681640625 0.033203125 0.033203125
0 0.8828125 0.3681640625 0.033203125 0.033203125
0 0.8681640625 0.3740234375 0.033203125 0.033203125
0 0.8056640625 0.3759765625 0.033203125 0.033203125
0 0.8544921875 0.3837890625 0.033203125 0.033203125
0 0.9384765625 0.3837890625 0.033203125 0.033203125
0 0.7919921875 0.3876953125 0.033203125 0.033203125
0 0.9228515625 0.390625 0.033203125 0.033203125
0 0.7783203125 0.3935546875 0.033203125 0.033203125
0 0.841796875 0.3974609375 0.033203125 0.033203125
0 0.91015625 0.40234375 0.033203125 0.033203125
0 0.8291015625 0.4072265625 0.033203125 0.033203125
0 0.8974609375 0.412109375 0.033203125 0.033203125
0 0.8134765625 0.416015625 0.033203125 0.033203125
0 0.95703125 0.41796875 0.033203125 0.033203125
0 0.8828125 0.421875 0.033203125 0.033203125
0 0.7998046875 0.427734375 0.033203125 0.033203125
0 0.9443359375 0.4287109375 0.033203125 0.033203125
0 0.869140625 0.4326171875 0.033203125 0.033203125
0 0.9306640625 0.4365234375 0.033203125 0.033203125
0 0.8564453125 0.44140625 0.033203125 0.033203125
0 0.9169921875 0.4482421875 0.033203125 0.033203125
0 0.841796875 0.44921875 0.033203125 0.033203125
0 0.90234375 0.455078125 0.033203125 0.033203125
0 0.98486328125 0.458984375 0.0302734375 0.033203125
0 0.828125 0.4609375 0.033203125 0.033203125
0 0.890625 0.46484375 0.033203125 0.033203125
0 0.966796875 0.4658203125 0.033203125 0.033203125
0 0.87890625 0.474609375 0.033203125 0.033203125
0 0.9541015625 0.474609375 0.033203125 0.033203125
0 0.861328125 0.478515625 0.033203125 0.033203125
0 0.9375 0.48828125 0.033203125 0.033203125
0 0.8515625 0.4912109375 0.033203125 0.033203125
0 0.92578125 0.49609375 0.033203125 0.033203125
0 0.9873046875 0.5 0.025390625 0.033203125
0 0.912109375 0.505859375 0.033203125 0.033203125
0 0.9775390625 0.509765625 0.033203125 0.033203125
0 0.8984375 0.515625 0.033203125 0.033203125
0 0.96484375 0.5185546875 0.033203125 0.033203125
0 0.884765625 0.525390625 0.033203125 0.033203125
0 0.9521484375 0.5283203125 0.033203125 0.033203125
0 0.9365234375 0.537109375 0.033203125 0.033203125
0 0.921875 0.546875 0.033203125 0.033203125
0 0.98583984375 0.55859375 0.0283203125 0.033203125
0 0.974609375 0.56640625 0.033203125 0.033203125
0 0.9599609375 0.576171875 0.033203125 0.033203125
0 0.9462890625 0.5859375 0.033203125 0.033203125
0 0.98974609375 0.5986328125 0.0205078125 0.033203125
0 0.541015625 0.6025390625 0.033203125 0.033203125
0 0.982421875 0.607421875 0.033203125 0.033203125
0 0.9658203125 0.6162109375 0.033203125 0.033203125
0 0.4970703125 0.6181640625 0.033203125 0.033203125
0 0.4736328125 0.623046875 0.033203125 0.033203125
0 0.4345703125 0.640625 0.033203125 0.033203125
0 0.544921875 0.6455078125 0.033203125 0.033203125
0 0.525390625 0.6552734375 0.033203125 0.033203125
0 0.50390625 0.6572265625 0.033203125 0.033203125
0 0.98583984375 0.6591796875 0.0283203125 0.033203125
0 0.9814453125 0.8076171875 0.033203125 0.033203125
0 0.1357421875 0.8095703125 0.033203125 0.033203125
0 0.1552734375 0.8115234375 0.033203125 0.033203125
0 0.1171875 0.8125 0.033203125 0.033203125
0 0.9697265625 0.8125 0.033203125 0.033203125
0 0.052734375 0.8232421875 0.033203125 0.033203125
0 0.98486328125 0.841796875 0.0302734375 0.033203125
0 0.8623046875 0.8525390625 0.033203125 0.033203125
0 0.97265625 0.8544921875 0.033203125 0.033203125
0 0.14453125 0.8564453125 0.033203125 0.033203125
0 0.9599609375 0.857421875 0.033203125 0.033203125
0 0.05078125 0.8583984375 0.033203125 0.033203125
0 0.171875 0.859375 0.033203125 0.033203125
0 0.0361328125 0.861328125 0.033203125 0.033203125
0 0.078125 0.86328125 0.033203125 0.033203125
0 0.9462890625 0.8642578125 0.033203125 0.033203125
0 0.1611328125 0.865234375 0.033203125 0.033203125
0 0.1005859375 0.8671875 0.033203125 0.033203125
0 0.9287109375 0.869140625 0.033203125 0.033203125
0 0.1162109375 0.8701171875 0.033203125 0.033203125
0 0.0888671875 0.8720703125 0.033203125 0.033203125
0 0.8564453125 0.876953125 0.033203125 0.033203125
0 0.99072265625 0.876953125 0.0185546875 0.033203125
0 0.8427734375 0.8779296875 0.033203125 0.033203125
0 0.98388671875 0.880859375 0.0322265625 0.033203125
0 0.818359375 0.8857421875 0.033203125 0.033203125
0 0.9697265625 0.888671875 0.033203125 0.033203125
0 0.958984375 0.896484375 0.033203125 0.033203125
0 0.837890625 0.9130859375 0.033203125 0.033203125
0 0.8544921875 0.9130859375 0.033203125 0.033203125
0 0.9873046875 0.9150390625 0.025390625 0.033203125
0 0.82421875 0.91796875 0.033203125 0.033203125
0 0.794921875 0.9189453125 0.033203125 0.033203125
0 0.80859375 0.9189453125 0.033203125 0.033203125
0 0.7822265625 0.9228515625 0.033203125 0.033203125
0 0.98486328125 0.9482421875 0.0302734375 0.033203125
0 0.828125 0.9501953125 0.033203125 0.033203125
0 0.8427734375 0.951171875 0.033203125 0.033203125
0 0.8134765625 0.953125 0.033203125 0.033203125
0 0.7978515625 0.9541015625 0.033203125 0.033203125
0 0.783203125 0.955078125 0.033203125 0.033203125
0 0.97265625 0.955078125 0.033203125 0.033203125
0 0.765625 0.95703125 0.033203125 0.033203125
0 0.8251953125 0.9814453125 0.033203125 0.033203125
0 0.8251953125 0.982421875 0.033203125 0.033203125
0 0.744140625 0.984375 0.033203125 0.03125
0 0.78125 0.984375 0.033203125 0.03125
0 0.796875 0.984375 0.033203125 0.03125
0 0.80859375 0.984375 0.033203125 0.03125
0 0.83984375 0.984375 0.033203125 0.03125
0 0.85546875 0.984375 0.033203125 0.03125
0 0.7705078125 0.98486328125 0.033203125 0.0302734375
0 0.98486328125 0.98486328125 0.0302734375 0.0302734375
0 0.7568359375 0.9853515625 0.033203125 0.029296875
0 0.9716796875 0.99072265625 0.033203125 0.0185546875