0 0.0458984375 0.1923828125 0.033203125 0.033203125
0 0.0849609375 0.36328125 0.033203125 0.033203125
0 0.0166015625 0.416015625 0.033203125 0.033203125
0 0.126953125 0.423828125 0.033203125 0.033203125
0 0.015625 0.466796875 0.03125 0.033203125
0 0.5166015625 0.4873046875 0.033203125 0.033203125
0 0.57421875 0.55078125 0.033203125 0.033203125
0 0.4599609375 0.5771484375 0.033203125 0.033203125
0 0.017578125 0.591796875 0.033203125 0.033203125
0 0.591796875 0.6044921875 0.033203125 0.033203125
0 0.5810546875 0.638671875 0.033203125 0.033203125
0 0.4755859375 0.671875 0.033203125 0.033203125
0 0.9873046875 0.6904296875 0.025390625 0.033203125
0 0.615234375 0.7119140625 0.033203125 0.033203125
0 0.060546875 0.728515625 0.033203125 0.033203125
0 0.5947265625 0.73046875 0.033203125 0.033203125
0 0.44140625 0.7626953125 0.033203125 0.033203125
0 0.6279296875 0.78125 0.033203125 0.033203125
0 0.5908203125 0.7880859375 0.033203125 0.033203125
0 0.5888671875 0.8095703125 0.033203125 0.033203125
0 0.9365234375 0.8203125 0.033203125 0.033203125
0 0.05859375 0.849609375 0.033203125 0.033203125
0 0.4990234375 0.8564453125 0.033203125 0.033203125
0 0.1015625 0.8798828125 0.033203125 0.033203125
0 0.4482421875 0.9033203125 0.033203125 0.033203125
0 0.05859375 0.9228515625 0.033203125 0.033203125
0 0.015625 0.923828125 0.03125 0.033203125
0 0.9296875 0.9365234375 0.033203125 0.033203125
0 0.93359375 0.955078125 0.033203125 0.033203125
0 0.01416015625 0.9736328125 0.0283203125 0.033203125
0 0.4423828125 0.98974609375 0.033203125 0.0205078125