0 0.1875 0.0078125 0.033203125 0.015625
0 0.3564453125 0.01025390625 0.033203125 0.0205078125
0 0.8056640625 0.0234375 0.033203125 0.033203125
0 0.810546875 0.0791015625 0.033203125 0.033203125
0 0.0908203125 0.099609375 0.033203125 0.033203125
0 0.810546875 0.1181640625 0.033203125 0.033203125
0 0.08984375 0.134765625 0.033203125 0.033203125
0 0.087890625 0.1513671875 0.033203125 0.033203125
0 0.8115234375 0.158203125 0.033203125 0.033203125
0 0.087890625 0.169921875 0.033203125 0.033203125
0 0.12890625 0.1796875 0.033203125 0.033203125
0 0.08984375 0.2041015625 0.033203125 0.033203125
0 0.8095703125 0.20703125 0.033203125 0.033203125
0 0.0927734375 0.2265625 0.033203125 0.033203125
0 0.1650390625 0.2607421875 0.033203125 0.033203125
0 0.2529296875 0.2666015625 0.033203125 0.033203125
0 0.9794921875 0.28515625 0.033203125 0.033203125
0 0.123046875 0.2919921875 0.033203125 0.033203125
0 0.9833984375 0.306640625 0.033203125 0.033203125
0 0.1015625 0.310546875 0.033203125 0.033203125
0 0.68359375 0.384765625 0.033203125 0.033203125
0 0.3525390625 0.40625 0.033203125 0.033203125
0 0.2431640625 0.41015625 0.033203125 0.033203125
0 0.1630859375 0.4111328125 0.033203125 0.033203125
0 0.5302734375 0.4248046875 0.033203125 0.033203125
0 0.1728515625 0.4462890625 0.033203125 0.033203125
0 0.453125 0.44921875 0.033203125 0.033203125
0 0.888671875 0.484375 0.033203125 0.033203125
0 0.8798828125 0.5634765625 0.033203125 0.033203125
0 0.8837890625 0.60546875 0.033203125 0.033203125
0 0.763671875 0.615234375 0.033203125 0.033203125
0 0.763671875 0.666015625 0.033203125 0.033203125
0 0.7646484375 0.689453125 0.033203125 0.033203125
0 0.7626953125 0.7177734375 0.033203125 0.033203125
0 0.9892578125 0.732421875 0.021484375 0.033203125
0 0.947265625 0.736328125 0.033203125 0.033203125
0 0.7685546875 0.763671875 0.033203125 0.033203125
0 0.9111328125 0.80078125 0.033203125 0.033203125
0 0.908203125 0.8837890625 0.033203125 0.033203125
0 0.7607421875 0.95703125 0.033203125 0.033203125