0 0.9453125 0.12109375 0.033203125 0.033203125
0 0.9892578125 0.123046875 0.021484375 0.033203125
0 0.1767578125 0.146484375 0.033203125 0.033203125
0 0.3037109375 0.146484375 0.033203125 0.033203125
0 0.4287109375 0.15234375 0.033203125 0.033203125
0 0.8974609375 0.1611328125 0.033203125 0.033203125
0 0.240234375 0.171875 0.033203125 0.033203125
0 0.064453125 0.173828125 0.033203125 0.033203125
0 0.326171875 0.173828125 0.033203125 0.033203125
0 0.3271484375 0.173828125 0.033203125 0.033203125
0 0.44921875 0.1787109375 0.033203125 0.033203125
0 0.240234375 0.2001953125 0.033203125 0.033203125
0 0.423828125 0.2001953125 0.033203125 0.033203125
0 0.046875 0.224609375 0.033203125 0.033203125
0 0.302734375 0.2548828125 0.033203125 0.033203125
0 0.6611328125 0.2548828125 0.033203125 0.033203125
0 0.0986328125 0.3505859375 0.033203125 0.033203125
0 0.06640625 0.3525390625 0.033203125 0.033203125
0 0.1513671875 0.357421875 0.033203125 0.033203125
0 0.06640625 0.3798828125 0.033203125 0.033203125
0 0.1005859375 0.380859375 0.033203125 0.033203125
0 0.1533203125 0.388671875 0.033203125 0.033203125
0 0.068359375 0.400390625 0.033203125 0.033203125
0 0.6611328125 0.4033203125 0.033203125 0.033203125
0 0.09765625 0.404296875 0.033203125 0.033203125
0 0.23828125 0.40625 0.033203125 0.033203125
0 0.6552734375 0.421875 0.033203125 0.033203125
0 0.01220703125 0.42578125 0.0244140625 0.033203125
0 0.0966796875 0.42578125 0.033203125 0.033203125
0 0.0654296875 0.4287109375 0.033203125 0.033203125
0 0.6611328125 0.439453125 0.033203125 0.033203125
0 0.01220703125 0.44921875 0.0244140625 0.033203125
0 0.068359375 0.44921875 0.033203125 0.033203125
0 0.1513671875 0.4541015625 0.033203125 0.033203125
0 0.658203125 0.4599609375 0.033203125 0.033203125
0 0.01318359375 0.474609375 0.0263671875 0.033203125
0 0.095703125 0.474609375 0.033203125 0.033203125
0 0.658203125 0.478515625 0.033203125 0.033203125
0 0.5986328125 0.48046875 0.033203125 0.033203125
0 0.0732421875 0.49609375 0.033203125 0.033203125
0 0.01220703125 0.4970703125 0.0244140625 0.033203125
0 0.3623046875 0.501953125 0.033203125 0.033203125
0 0.01171875 0.5185546875 0.0234375 0.033203125
0 0.6552734375 0.52734375 0.033203125 0.033203125
0 0.703125 0.5361328125 0.033203125 0.033203125
0 0.01123046875 0.5419921875 0.0224609375 0.033203125
0 0.4345703125 0.57421875 0.033203125 0.033203125
0 0.65625 0.5849609375 0.033203125 0.033203125
0 0.0703125 0.638671875 0.033203125 0.033203125
0 0.1201171875 0.640625 0.033203125 0.033203125
0 0.5986328125 0.640625 0.033203125 0.033203125
0 0.5380859375 0.642578125 0.033203125 0.033203125
0 0.5830078125 0.64453125 0.033203125 0.033203125
0 0.6220703125 0.64453125 0.033203125 0.033203125
0 0.4990234375 0.6455078125 0.033203125 0.033203125
0 0.6435546875 0.6455078125 0.033203125 0.033203125
0 0.55859375 0.646484375 0.033203125 0.033203125
0 0.462890625 0.6474609375 0.033203125 0.033203125
0 0.3642578125 0.6650390625 0.033203125 0.033203125
0 0.6376953125 0.70703125 0.033203125 0.033203125
0 0.7255859375 0.7294921875 0.033203125 0.033203125
0 0.63671875 0.7451171875 0.033203125 0.033203125
0 0.6396484375 0.7607421875 0.033203125 0.033203125
0 0.7314453125 0.7626953125 0.033203125 0.033203125
0 0.638671875 0.78125 0.033203125 0.033203125
0 0.6416015625 0.798828125 0.033203125 0.033203125
0 0.5322265625 0.818359375 0.033203125 0.033203125
0 0.6318359375 0.8203125 0.033203125 0.033203125