0 0.6259765625 0.01953125 0.033203125 0.033203125
0 0.623046875 0.0546875 0.033203125 0.033203125
0 0.6240234375 0.0888671875 0.033203125 0.033203125
0 0.6240234375 0.1064453125 0.033203125 0.033203125
0 0.6220703125 0.1240234375 0.033203125 0.033203125
0 0.6259765625 0.1376953125 0.033203125 0.033203125
0 0.6240234375 0.15625 0.033203125 0.033203125
0 0.755859375 0.1572265625 0.033203125 0.033203125
0 0.6220703125 0.1748046875 0.033203125 0.033203125
0 0.62109375 0.19140625 0.033203125 0.033203125
0 0.62109375 0.259765625 0.033203125 0.033203125
0 0.62109375 0.294921875 0.033203125 0.033203125
0 0.7734375 0.3310546875 0.033203125 0.033203125
0 0.654296875 0.34375 0.033203125 0.033203125
0 0.765625 0.716796875 0.033203125 0.033203125
0 0.62109375 0.7177734375 0.033203125 0.033203125
0 0.7470703125 0.720703125 0.033203125 0.033203125
0 0.798828125 0.7216796875 0.033203125 0.033203125
0 0.8330078125 0.7216796875 0.033203125 0.033203125
0 0.783203125 0.72265625 0.033203125 0.033203125
0 0.818359375 0.72265625 0.033203125 0.033203125
0 0.85546875 0.72265625 0.033203125 0.033203125
0 0.7119140625 0.7236328125 0.033203125 0.033203125
0 0.8740234375 0.7236328125 0.033203125 0.033203125
0 0.7666015625 0.810546875 0.033203125 0.033203125
0 0.845703125 0.8134765625 0.033203125 0.033203125
0 0.828125 0.81640625 0.033203125 0.033203125
0 0.8828125 0.818359375 0.033203125 0.033203125
0 0.6923828125 0.8466796875 0.033203125 0.033203125
0 0.7275390625 0.84765625 0.033203125 0.033203125
0 0.6376953125 0.849609375 0.033203125 0.033203125
0 0.74609375 0.849609375 0.033203125 0.033203125
0 0.8828125 0.849609375 0.033203125 0.033203125
0 0.708984375 0.8505859375 0.033203125 0.033203125
0 0.86328125 0.8505859375 0.033203125 0.033203125
0 0.84765625 0.8544921875 0.033203125 0.033203125
0 0.8251953125 0.85546875 0.033203125 0.033203125
0 0.99072265625 0.8837890625 0.0185546875 0.033203125
0 0.990234375 0.884765625 0.01953125 0.033203125
0 0.708984375 0.9375 0.033203125 0.033203125
0 0.76171875 0.9384765625 0.033203125 0.033203125
0 0.744140625 0.939453125 0.033203125 0.033203125
0 0.6923828125 0.9404296875 0.033203125 0.033203125
0 0.724609375 0.9404296875 0.033203125 0.033203125
0 0.673828125 0.94140625 0.033203125 0.033203125
0 0.8466796875 0.94140625 0.033203125 0.033203125
0 0.828125 0.943359375 0.033203125 0.033203125
0 0.861328125 0.947265625 0.033203125 0.033203125
0 0.8515625 0.9833984375 0.033203125 0.033203125
0 0.8310546875 0.984375 0.033203125 0.03125
0 0.98974609375 0.984375 0.0205078125 0.03125
0 0.87109375 0.98486328125 0.033203125 0.0302734375
0 0.890625 0.98583984375 0.033203125 0.0283203125