0 0.3427734375 0.00830078125 0.033203125 0.0166015625
0 0.61328125 0.01611328125 0.033203125 0.0322265625
0 0.1259765625 0.0224609375 0.033203125 0.033203125
0 0.306640625 0.064453125 0.033203125 0.033203125
0 0.3212890625 0.0791015625 0.033203125 0.033203125
0 0.671875 0.1025390625 0.033203125 0.033203125
0 0.3681640625 0.107421875 0.033203125 0.033203125
0 0.6513671875 0.107421875 0.033203125 0.033203125
0 0.2958984375 0.1103515625 0.033203125 0.033203125
0 0.384765625 0.1162109375 0.033203125 0.033203125
0 0.6318359375 0.1396484375 0.033203125 0.033203125
0 0.5234375 0.140625 0.033203125 0.033203125
0 0.48046875 0.1591796875 0.033203125 0.033203125
0 0.234375 0.1689453125 0.033203125 0.033203125
0 0.5087890625 0.1748046875 0.033203125 0.033203125
0 0.2529296875 0.181640625 0.033203125 0.033203125
0 0.2744140625 0.193359375 0.033203125 0.033203125
0 0.5546875 0.203125 0.033203125 0.033203125
0 0.51953125 0.21875 0.033203125 0.033203125
0 0.53515625 0.2294921875 0.033203125 0.033203125
0 0.51953125 0.2607421875 0.033203125 0.033203125
0 0.677734375 0.2822265625 0.033203125 0.033203125
0 0.693359375 0.2890625 0.033203125 0.033203125
0 0.7421875 0.30078125 0.033203125 0.033203125
0 0.3046875 0.30859375 0.033203125 0.033203125
0 0.6591796875 0.3173828125 0.033203125 0.033203125
0 0.7373046875 0.3173828125 0.033203125 0.033203125
0 0.7744140625 0.318359375 0.033203125 0.033203125
0 0.6982421875 0.3212890625 0.033203125 0.033203125
0 0.76171875 0.33203125 0.033203125 0.033203125
0 0.455078125 0.34375 0.033203125 0.033203125
0 0.8125 0.34375 0.033203125 0.033203125
0 0.71875 0.3466796875 0.033203125 0.033203125
0 0.4697265625 0.3505859375 0.033203125 0.033203125
0 0.75 0.35546875 0.033203125 0.033203125
0 0.4873046875 0.3564453125 0.033203125 0.033203125
0 0.73828125 0.3759765625 0.033203125 0.033203125
0 0.8310546875 0.3779296875 0.033203125 0.033203125
0 0.4033203125 0.3857421875 0.033203125 0.033203125
0 0.572265625 0.392578125 0.033203125 0.033203125
0 0.59375 0.3935546875 0.033203125 0.033203125
0 0.818359375 0.39453125 0.033203125 0.033203125
0 0.6044921875 0.4072265625 0.033203125 0.033203125
0 0.876953125 0.4091796875 0.033203125 0.033203125
0 0.537109375 0.416015625 0.033203125 0.033203125
0 0.5634765625 0.4189453125 0.033203125 0.033203125
0 0.9111328125 0.419921875 0.033203125 0.033203125
0 0.6298828125 0.4296875 0.033203125 0.033203125
0 0.64453125 0.435546875 0.033203125 0.033203125
0 0.5908203125 0.4365234375 0.033203125 0.033203125
0 0.955078125 0.4365234375 0.033203125 0.033203125
0 0.603515625 0.443359375 0.033203125 0.033203125
0 0.8896484375 0.4521484375 0.033203125 0.033203125
0 0.9765625 0.4580078125 0.033203125 0.033203125
0 0.677734375 0.458984375 0.033203125 0.033203125
0 0.6259765625 0.46484375 0.033203125 0.033203125
0 0.9658203125 0.4833984375 0.033203125 0.033203125
0 0.76171875 0.498046875 0.033203125 0.033203125
0 0.1298828125 0.5068359375 0.033203125 0.033203125
0 0.69140625 0.5107421875 0.033203125 0.033203125
0 0.1455078125 0.517578125 0.033203125 0.033203125
0 0.70703125 0.517578125 0.033203125 0.033203125
0 0.1630859375 0.525390625 0.033203125 0.033203125
0 0.75 0.529296875 0.033203125 0.033203125
0 0.98681640625 0.537109375 0.0263671875 0.033203125
0 0.98681640625 0.5380859375 0.0263671875 0.033203125
0 0.857421875 0.5419921875 0.033203125 0.033203125
0 0.1884765625 0.54296875 0.033203125 0.033203125
0 0.78125 0.5556640625 0.033203125 0.033203125
0 0.8388671875 0.5556640625 0.033203125 0.033203125
0 0.22265625 0.5625 0.033203125 0.033203125
0 0.7998046875 0.5693359375 0.033203125 0.033203125
0 0.2373046875 0.572265625 0.033203125 0.033203125
0 0.845703125 0.572265625 0.033203125 0.033203125
0 0.9296875 0.6572265625 0.033203125 0.033203125
0 0.45703125 0.6904296875 0.033203125 0.033203125
0 0.3427734375 0.734375 0.033203125 0.033203125
0 0.470703125 0.7421875 0.033203125 0.033203125
0 0.47265625 0.7744140625 0.033203125 0.033203125
0 0.33203125 0.779296875 0.033203125 0.033203125
0 0.5322265625 0.779296875 0.033203125 0.033203125
0 0.498046875 0.7978515625 0.033203125 0.033203125
0 0.6962890625 0.8212890625 0.033203125 0.033203125
0 0.76171875 0.8603515625 0.033203125 0.033203125
0 0.8212890625 0.8896484375 0.033203125 0.033203125
0 0.822265625 0.8896484375 0.033203125 0.033203125
0 0.01171875 0.9453125 0.0234375 0.033203125
0 0.0263671875 0.94921875 0.033203125 0.033203125
0 0.3154296875 0.953125 0.033203125 0.033203125
0 0.04296875 0.9599609375 0.033203125 0.033203125
0 0.0595703125 0.9619140625 0.033203125 0.033203125
0 0.0859375 0.9638671875 0.033203125 0.033203125
0 0.2841796875 0.974609375 0.033203125 0.033203125
0 0.630859375 0.98876953125 0.033203125 0.0224609375
0 0.3427734375 0.98974609375 0.033203125 0.0205078125