0 0.1884765625 0.0283203125 0.033203125 0.033203125
0 0.1611328125 0.0732421875 0.033203125 0.033203125
0 0.119140625 0.0859375 0.033203125 0.033203125
0 0.125 0.1044921875 0.033203125 0.033203125
0 0.224609375 0.1171875 0.033203125 0.033203125
0 0.1171875 0.119140625 0.033203125 0.033203125
0 0.224609375 0.13671875 0.033203125 0.033203125
0 0.1162109375 0.1416015625 0.033203125 0.033203125
0 0.1005859375 0.15625 0.033203125 0.033203125
0 0.1005859375 0.17578125 0.033203125 0.033203125
0 0.1005859375 0.1953125 0.033203125 0.033203125
0 0.08984375 0.2119140625 0.033203125 0.033203125
0 0.083984375 0.2412109375 0.033203125 0.033203125
0 0.388671875 0.453125 0.033203125 0.033203125
0 0.3828125 0.490234375 0.033203125 0.033203125