0 0.986328125 0.0087890625 0.02734375 0.017578125
0 0.0302734375 0.00927734375 0.033203125 0.0185546875
0 0.8544921875 0.01318359375 0.033203125 0.0263671875
0 0.888671875 0.01416015625 0.033203125 0.0283203125
0 0.8427734375 0.0205078125 0.033203125 0.033203125
0 0.974609375 0.0244140625 0.033203125 0.033203125
0 0.875 0.025390625 0.033203125 0.033203125
0 0.01416015625 0.02734375 0.0283203125 0.033203125
0 0.8349609375 0.0361328125 0.033203125 0.033203125
0 0.9658203125 0.0380859375 0.033203125 0.033203125
0 0.869140625 0.041015625 0.033203125 0.033203125
0 0.5703125 0.044921875 0.033203125 0.033203125
0 0.8271484375 0.052734375 0.033203125 0.033203125
0 0.955078125 0.052734375 0.033203125 0.033203125
0 0.8642578125 0.0537109375 0.033203125 0.033203125
0 0.98876953125 0.0556640625 0.0224609375 0.033203125
0 0.9482421875 0.068359375 0.033203125 0.033203125
0 0.98486328125 0.0732421875 0.0302734375 0.033203125
0 0.939453125 0.0791015625 0.033203125 0.033203125
0 0.5029296875 0.0849609375 0.033203125 0.033203125
0 0.9775390625 0.0849609375 0.033203125 0.033203125
0 0.9326171875 0.0947265625 0.033203125 0.033203125
0 0.0634765625 0.0966796875 0.033203125 0.033203125
0 0.662109375 0.09765625 0.033203125 0.033203125
0 0.9677734375 0.099609375 0.033203125 0.033203125
0 0.923828125 0.1123046875 0.033203125 0.033203125
0 0.9658203125 0.11328125 0.033203125 0.033203125
0 0.9521484375 0.125 0.033203125 0.033203125
0 0.2041015625 0.205078125 0.033203125 0.033203125
0 0.2080078125 0.240234375 0.033203125 0.033203125
0 0.818359375 0.25 0.033203125 0.033203125
0 0.0478515625 0.36328125 0.033203125 0.033203125
0 0.1142578125 0.373046875 0.033203125 0.033203125
0 0.279296875 0.90625 0.033203125 0.033203125