0 0.98046875 0.0703125 0.033203125 0.033203125
0 0.2880859375 0.3642578125 0.033203125 0.033203125
0 0.0908203125 0.42578125 0.033203125 0.033203125
0 0.5 0.5126953125 0.033203125 0.033203125
0 0.6904296875 0.546875 0.033203125 0.033203125
0 0.009765625 0.595703125 0.01953125 0.033203125
0 0.0205078125 0.64453125 0.033203125 0.033203125
0 0.048828125 0.66015625 0.033203125 0.033203125
0 0.0810546875 0.6767578125 0.033203125 0.033203125
0 0.1572265625 0.6767578125 0.033203125 0.033203125
0 0.111328125 0.6904296875 0.033203125 0.033203125
0 0.1865234375 0.6904296875 0.033203125 0.033203125
0 0.19921875 0.697265625 0.033203125 0.033203125
0 0.1240234375 0.701171875 0.033203125 0.033203125
0 0.1416015625 0.7080078125 0.033203125 0.033203125
0 0.1572265625 0.71484375 0.033203125 0.033203125
0 0.1689453125 0.7236328125 0.033203125 0.033203125
0 0.1865234375 0.73046875 0.033203125 0.033203125
0 0.078125 0.7978515625 0.033203125 0.033203125
0 0.1083984375 0.814453125 0.033203125 0.033203125
0 0.025390625 0.8623046875 0.033203125 0.033203125
0 0.00830078125 0.884765625 0.0166015625 0.033203125
0 0.0244140625 0.990234375 0.033203125 0.01953125