0 0.748046875 0.01513671875 0.033203125 0.0302734375
0 0.890625 0.021484375 0.033203125 0.033203125
0 0.98779296875 0.0234375 0.0244140625 0.033203125
0 0.01220703125 0.064453125 0.0244140625 0.033203125
0 0.025390625 0.0693359375 0.033203125 0.033203125
0 0.95703125 0.076171875 0.033203125 0.033203125
0 0.9033203125 0.1611328125 0.033203125 0.033203125
0 0.986328125 0.1962890625 0.02734375 0.033203125
0 0.912109375 0.26953125 0.033203125 0.033203125
0 0.1708984375 0.3076171875 0.033203125 0.033203125
0 0.8349609375 0.3134765625 0.033203125 0.033203125
0 0.1865234375 0.3173828125 0.033203125 0.033203125
0 0.865234375 0.337890625 0.033203125 0.033203125
0 0.90625 0.365234375 0.033203125 0.033203125
0 0.640625 0.37109375 0.033203125 0.033203125
0 0.26953125 0.375 0.033203125 0.033203125
0 0.943359375 0.3828125 0.033203125 0.033203125
0 0.28515625 0.3837890625 0.033203125 0.033203125
0 0.3212890625 0.4052734375 0.033203125 0.033203125
0 0.7177734375 0.48046875 0.033203125 0.033203125