0 0.330078125 0.1201171875 0.033203125 0.033203125
0 0.3203125 0.1337890625 0.033203125 0.033203125
0 0.298828125 0.1611328125 0.033203125 0.033203125
0 0.2890625 0.1728515625 0.033203125 0.033203125
0 0.0732421875 0.21875 0.033203125 0.033203125
0 0.0205078125 0.2958984375 0.033203125 0.033203125
0 0.7685546875 0.5517578125 0.033203125 0.033203125
0 0.37109375 0.5947265625 0.033203125 0.033203125
0 0.5517578125 0.6240234375 0.033203125 0.033203125
0 0.59375 0.630859375 0.033203125 0.033203125
0 0.5693359375 0.66015625 0.033203125 0.033203125
0 0.5576171875 0.671875 0.033203125 0.033203125
0 0.40234375 0.673828125 0.033203125 0.033203125
0 0.509765625 0.6767578125 0.033203125 0.033203125
0 0.3896484375 0.689453125 0.033203125 0.033203125
0 0.5361328125 0.701171875 0.033203125 0.033203125
0 0.5556640625 0.81640625 0.033203125 0.033203125