0 0.21484375 0.0087890625 0.033203125 0.017578125
0 0.3623046875 0.109375 0.033203125 0.033203125
0 0.1923828125 0.1826171875 0.033203125 0.033203125
0 0.908203125 0.244140625 0.033203125 0.033203125
0 0.205078125 0.2451171875 0.033203125 0.033203125
0 0.791015625 0.412109375 0.033203125 0.033203125
0 0.3623046875 0.4248046875 0.033203125 0.033203125
0 0.65625 0.4248046875 0.033203125 0.033203125
0 0.6318359375 0.4306640625 0.033203125 0.033203125
0 0.3974609375 0.4560546875 0.033203125 0.033203125
0 0.6708984375 0.4619140625 0.033203125 0.033203125
0 0.271484375 0.7021484375 0.033203125 0.033203125
0 0.4228515625 0.7216796875 0.033203125 0.033203125
0 0.1171875 0.771484375 0.033203125 0.033203125
0 0.4150390625 0.7880859375 0.033203125 0.033203125
0 0.744140625 0.8056640625 0.033203125 0.033203125
0 0.091796875 0.8310546875 0.033203125 0.033203125
0 0.052734375 0.8359375 0.033203125 0.033203125
0 0.0537109375 0.8359375 0.033203125 0.033203125
0 0.75 0.8662109375 0.033203125 0.033203125