0 0.017578125 0.1171875 0.033203125 0.033203125
0 0.3212890625 0.1171875 0.033203125 0.033203125
0 0.181640625 0.126953125 0.033203125 0.033203125
0 0.0634765625 0.1357421875 0.033203125 0.033203125
0 0.12890625 0.146484375 0.033203125 0.033203125
0 0.2177734375 0.1865234375 0.033203125 0.033203125
0 0.4345703125 0.201171875 0.033203125 0.033203125
0 0.474609375 0.2099609375 0.033203125 0.033203125
0 0.490234375 0.2138671875 0.033203125 0.033203125
0 0.5087890625 0.21484375 0.033203125 0.033203125
0 0.5244140625 0.220703125 0.033203125 0.033203125
0 0.0830078125 0.22265625 0.033203125 0.033203125
0 0.0546875 0.23046875 0.033203125 0.033203125
0 0.00830078125 0.2451171875 0.0166015625 0.033203125
0 0.359375 0.2470703125 0.033203125 0.033203125
0 0.5185546875 0.2578125 0.033203125 0.033203125
0 0.3955078125 0.259765625 0.033203125 0.033203125
0 0.0498046875 0.2626953125 0.033203125 0.033203125
0 0.068359375 0.2666015625 0.033203125 0.033203125
0 0.521484375 0.3056640625 0.033203125 0.033203125
0 0.6669921875 0.318359375 0.033203125 0.033203125
0 0.2353515625 0.3193359375 0.033203125 0.033203125
0 0.0439453125 0.3232421875 0.033203125 0.033203125
0 0.232421875 0.3359375 0.033203125 0.033203125
0 0.662109375 0.3388671875 0.033203125 0.033203125
0 0.140625 0.357421875 0.033203125 0.033203125
0 0.66015625 0.357421875 0.033203125 0.033203125
0 0.119140625 0.3583984375 0.033203125 0.033203125
0 0.7470703125 0.3720703125 0.033203125 0.033203125
0 0.4814453125 0.376953125 0.033203125 0.033203125
0 0.74609375 0.390625 0.033203125 0.033203125
0 0.99072265625 0.3974609375 0.0185546875 0.033203125
0 0.990234375 0.4130859375 0.01953125 0.033203125
0 0.990234375 0.4345703125 0.01953125 0.033203125
0 0.470703125 0.447265625 0.033203125 0.033203125
0 0.646484375 0.4560546875 0.033203125 0.033203125
0 0.0771484375 0.47265625 0.033203125 0.033203125
0 0.4658203125 0.474609375 0.033203125 0.033203125
0 0.1552734375 0.4853515625 0.033203125 0.033203125
0 0.123046875 0.486328125 0.033203125 0.033203125
0 0.4619140625 0.49609375 0.033203125 0.033203125
0 0.2392578125 0.4970703125 0.033203125 0.033203125
0 0.310546875 0.5048828125 0.033203125 0.033203125
0 0.3505859375 0.5087890625 0.033203125 0.033203125
0 0.388671875 0.5146484375 0.033203125 0.033203125
0 0.091796875 0.5166015625 0.033203125 0.033203125
0 0.4306640625 0.5185546875 0.033203125 0.033203125
0 0.138671875 0.521484375 0.033203125 0.033203125
0 0.173828125 0.5302734375 0.033203125 0.033203125
0 0.2255859375 0.5361328125 0.033203125 0.033203125
0 0.28515625 0.5439453125 0.033203125 0.033203125
0 0.36328125 0.5537109375 0.033203125 0.033203125
0 0.412109375 0.5576171875 0.033203125 0.033203125
0 0.7275390625 0.59765625 0.033203125 0.033203125
0 0.09765625 0.6396484375 0.033203125 0.033203125
0 0.21484375 0.650390625 0.033203125 0.033203125
0 0.5751953125 0.7041015625 0.033203125 0.033203125
0 0.732421875 0.7236328125 0.033203125 0.033203125
0 0.7744140625 0.728515625 0.033203125 0.033203125
0 0.7744140625 0.7294921875 0.033203125 0.033203125
0 0.8837890625 0.744140625 0.033203125 0.033203125
0 0.9658203125 0.7529296875 0.033203125 0.033203125
0 0.658203125 0.791015625 0.033203125 0.033203125
0 0.716796875 0.8115234375 0.033203125 0.033203125
0 0.9521484375 0.8193359375 0.033203125 0.033203125
0 0.7177734375 0.833984375 0.033203125 0.033203125
0 0.6142578125 0.8408203125 0.033203125 0.033203125
0 0.681640625 0.853515625 0.033203125 0.033203125
0 0.0224609375 0.85546875 0.033203125 0.033203125
0 0.0078125 0.857421875 0.015625 0.033203125
0 0.716796875 0.857421875 0.033203125 0.033203125
0 0.607421875 0.859375 0.033203125 0.033203125
0 0.0419921875 0.8623046875 0.033203125 0.033203125
0 0.0625 0.8623046875 0.033203125 0.033203125
0 0.1015625 0.8662109375 0.033203125 0.033203125
0 0.7119140625 0.8740234375 0.033203125 0.033203125
0 0.2392578125 0.8916015625 0.033203125 0.033203125
0 0.705078125 0.8935546875 0.033203125 0.033203125
0 0.6064453125 0.896484375 0.033203125 0.033203125
0 0.8916015625 0.9052734375 0.033203125 0.033203125
0 0.869140625 0.90625 0.033203125 0.033203125
0 0.134765625 0.9111328125 0.033203125 0.033203125
0 0.177734375 0.9111328125 0.033203125 0.033203125
0 0.2177734375 0.912109375 0.033203125 0.033203125
0 0.1181640625 0.9130859375 0.033203125 0.033203125
0 0.197265625 0.9130859375 0.033203125 0.033203125
0 0.6630859375 0.9169921875 0.033203125 0.033203125
0 0.646484375 0.91796875 0.033203125 0.033203125
0 0.3876953125 0.919921875 0.033203125 0.033203125
0 0.6796875 0.919921875 0.033203125 0.033203125
0 0.232421875 0.9248046875 0.033203125 0.033203125
0 0.251953125 0.9365234375 0.033203125 0.033203125
0 0.1494140625 0.9443359375 0.033203125 0.033203125
0 0.1943359375 0.9501953125 0.033203125 0.033203125
0 0.17578125 0.951171875 0.033203125 0.033203125
0 0.587890625 0.955078125 0.033203125 0.033203125
0 0.23046875 0.9609375 0.033203125 0.033203125