0 0.064453125 0.115234375 0.033203125 0.033203125
0 0.359375 0.2275390625 0.033203125 0.033203125
0 0.548828125 0.23828125 0.033203125 0.033203125
0 0.697265625 0.2900390625 0.033203125 0.033203125
0 0.7451171875 0.3154296875 0.033203125 0.033203125
0 0.7568359375 0.3232421875 0.033203125 0.033203125
0 0.3896484375 0.32421875 0.033203125 0.033203125
0 0.048828125 0.36328125 0.033203125 0.033203125
0 0.5693359375 0.4501953125 0.033203125 0.033203125
0 0.52734375 0.48828125 0.033203125 0.033203125
0 0.3466796875 0.6982421875 0.033203125 0.033203125
0 0.0107421875 0.837890625 0.021484375 0.033203125