0 0.373046875 0.00927734375 0.033203125 0.0185546875
0 0.255859375 0.0732421875 0.033203125 0.033203125
0 0.4130859375 0.08984375 0.033203125 0.033203125
0 0.3994140625 0.1015625 0.033203125 0.033203125
0 0.5126953125 0.1171875 0.033203125 0.033203125
0 0.3994140625 0.130859375 0.033203125 0.033203125
0 0.4775390625 0.138671875 0.033203125 0.033203125
0 0.5341796875 0.1630859375 0.033203125 0.033203125
0 0.337890625 0.255859375 0.033203125 0.033203125
0 0.40625 0.2578125 0.033203125 0.033203125
0 0.4423828125 0.26171875 0.033203125 0.033203125
0 0.458984375 0.2626953125 0.033203125 0.033203125
0 0.4775390625 0.2666015625 0.033203125 0.033203125
0 0.3740234375 0.423828125 0.033203125 0.033203125
0 0.9638671875 0.4423828125 0.033203125 0.033203125
0 0.84765625 0.5263671875 0.033203125 0.033203125
0 0.5986328125 0.5390625 0.033203125 0.033203125
0 0.5634765625 0.7158203125 0.033203125 0.033203125
0 0.6162109375 0.7763671875 0.033203125 0.033203125
0 0.6640625 0.7783203125 0.033203125 0.033203125