0 0.7734375 0.0361328125 0.033203125 0.033203125
0 0.4560546875 0.0439453125 0.033203125 0.033203125
0 0.49609375 0.0478515625 0.033203125 0.033203125
0 0.53125 0.0498046875 0.033203125 0.033203125
0 0.62890625 0.0625 0.033203125 0.033203125
0 0.6640625 0.064453125 0.033203125 0.033203125
0 0.703125 0.0712890625 0.033203125 0.033203125
0 0.75390625 0.0771484375 0.033203125 0.033203125
0 0.2099609375 0.0927734375 0.033203125 0.033203125
0 0.59765625 0.255859375 0.033203125 0.033203125
0 0.2431640625 0.349609375 0.033203125 0.033203125
0 0.2900390625 0.3544921875 0.033203125 0.033203125
0 0.14453125 0.36328125 0.033203125 0.033203125
0 0.2333984375 0.3759765625 0.033203125 0.033203125
0 0.87890625 0.3896484375 0.033203125 0.033203125
0 0.162109375 0.4560546875 0.033203125 0.033203125
0 0.525390625 0.7412109375 0.033203125 0.033203125
0 0.7216796875 0.974609375 0.033203125 0.033203125
0 0.71484375 0.9892578125 0.033203125 0.021484375