0 0.1123046875 0.060546875 0.033203125 0.033203125
0 0.146484375 0.0654296875 0.033203125 0.033203125
0 0.1103515625 0.080078125 0.033203125 0.033203125
0 0.142578125 0.0888671875 0.033203125 0.033203125
0 0.107421875 0.10546875 0.033203125 0.033203125
0 0.1083984375 0.1240234375 0.033203125 0.033203125
0 0.0908203125 0.166015625 0.033203125 0.033203125
0 0.154296875 0.181640625 0.033203125 0.033203125
0 0.2080078125 0.4033203125 0.033203125 0.033203125
0 0.310546875 0.4404296875 0.033203125 0.033203125
0 0.134765625 0.515625 0.033203125 0.033203125
0 0.1826171875 0.5302734375 0.033203125 0.033203125
0 0.107421875 0.6376953125 0.033203125 0.033203125