0 0.3525390625 0.0078125 0.033203125 0.015625
0 0.5966796875 0.0126953125 0.033203125 0.025390625
0 0.4736328125 0.0908203125 0.033203125 0.033203125
0 0.80859375 0.09375 0.033203125 0.033203125
0 0.5087890625 0.099609375 0.033203125 0.033203125
0 0.52734375 0.1025390625 0.033203125 0.033203125
0 0.5556640625 0.107421875 0.033203125 0.033203125
0 0.599609375 0.1083984375 0.033203125 0.033203125
0 0.615234375 0.1103515625 0.033203125 0.033203125
0 0.6875 0.119140625 0.033203125 0.033203125
0 0.7060546875 0.123046875 0.033203125 0.033203125
0 0.7802734375 0.12890625 0.033203125 0.033203125
0 0.7177734375 0.36328125 0.033203125 0.033203125
0 0.75390625 0.3837890625 0.033203125 0.033203125
0 0.8681640625 0.4267578125 0.033203125 0.033203125
0 0.830078125 0.7958984375 0.033203125 0.033203125
0 0.6220703125 0.8115234375 0.033203125 0.033203125
0 0.8232421875 0.8173828125 0.033203125 0.033203125
0 0.2529296875 0.82421875 0.033203125 0.033203125
0 0.98779296875 0.8271484375 0.0244140625 0.033203125
0 0.2509765625 0.8408203125 0.033203125 0.033203125
0 0.328125 0.841796875 0.033203125 0.033203125
0 0.8681640625 0.84765625 0.033203125 0.033203125
0 0.248046875 0.8583984375 0.033203125 0.033203125
0 0.2470703125 0.8720703125 0.033203125 0.033203125
0 0.3623046875 0.884765625 0.033203125 0.033203125
0 0.51171875 0.890625 0.033203125 0.033203125
0 0.5126953125 0.9091796875 0.033203125 0.033203125
0 0.6513671875 0.91015625 0.033203125 0.033203125
0 0.689453125 0.9111328125 0.033203125 0.033203125
0 0.2275390625 0.9169921875 0.033203125 0.033203125
0 0.265625 0.9208984375 0.033203125 0.033203125
0 0.861328125 0.923828125 0.033203125 0.033203125
0 0.6865234375 0.93359375 0.033203125 0.033203125
0 0.369140625 0.9345703125 0.033203125 0.033203125
0 0.5244140625 0.955078125 0.033203125 0.033203125
0 0.5576171875 0.958984375 0.033203125 0.033203125
0 0.3095703125 0.9716796875 0.033203125 0.033203125
0 0.0087890625 0.98388671875 0.017578125 0.0322265625
0 0.7685546875 0.98486328125 0.033203125 0.0302734375