0 0.451171875 0.1328125 0.033203125 0.033203125
0 0.8193359375 0.232421875 0.033203125 0.033203125
0 0.12109375 0.2763671875 0.033203125 0.033203125
0 0.7451171875 0.396484375 0.033203125 0.033203125
0 0.7158203125 0.3994140625 0.033203125 0.033203125
0 0.71484375 0.416015625 0.033203125 0.033203125
0 0.712890625 0.431640625 0.033203125 0.033203125
0 0.60546875 0.4482421875 0.033203125 0.033203125
0 0.0380859375 0.44921875 0.033203125 0.033203125
0 0.724609375 0.44921875 0.033203125 0.033203125
0 0.0576171875 0.451171875 0.033203125 0.033203125
0 0.8896484375 0.5791015625 0.033203125 0.033203125
0 0.091796875 0.6494140625 0.033203125 0.033203125
0 0.5166015625 0.986328125 0.033203125 0.02734375