0 0.4775390625 0.0302734375 0.033203125 0.033203125
0 0.5126953125 0.0302734375 0.033203125 0.033203125
0 0.4951171875 0.0322265625 0.033203125 0.033203125
0 0.5302734375 0.0361328125 0.033203125 0.033203125
0 0.162109375 0.1650390625 0.033203125 0.033203125
0 0.23828125 0.4677734375 0.033203125 0.033203125
0 0.5791015625 0.599609375 0.033203125 0.033203125
0 0.8759765625 0.6181640625 0.033203125 0.033203125
0 0.9541015625 0.6474609375 0.033203125 0.033203125
0 0.6650390625 0.6533203125 0.033203125 0.033203125
0 0.6787109375 0.693359375 0.033203125 0.033203125
0 0.8642578125 0.8154296875 0.033203125 0.033203125
0 0.94921875 0.8447265625 0.033203125 0.033203125
0 0.7705078125 0.8662109375 0.033203125 0.033203125