0 0.5439453125 0.0087890625 0.033203125 0.017578125
0 0.48046875 0.01123046875 0.033203125 0.0224609375
0 0.5283203125 0.013671875 0.033203125 0.02734375
0 0.498046875 0.0341796875 0.033203125 0.033203125
0 0.2646484375 0.0390625 0.033203125 0.033203125
0 0.4833984375 0.041015625 0.033203125 0.033203125
0 0.23046875 0.056640625 0.033203125 0.033203125
0 0.453125 0.0615234375 0.033203125 0.033203125
0 0.2158203125 0.0712890625 0.033203125 0.033203125
0 0.4404296875 0.0712890625 0.033203125 0.033203125
0 0.19921875 0.080078125 0.033203125 0.033203125
0 0.0625 0.1708984375 0.033203125 0.033203125
0 0.12109375 0.201171875 0.033203125 0.033203125
0 0.56640625 0.2412109375 0.033203125 0.033203125
0 0.1845703125 0.30078125 0.033203125 0.033203125
0 0.6259765625 0.3037109375 0.033203125 0.033203125
0 0.5908203125 0.3212890625 0.033203125 0.033203125
0 0.63671875 0.341796875 0.033203125 0.033203125
0 0.5546875 0.3466796875 0.033203125 0.033203125
0 0.5419921875 0.357421875 0.033203125 0.033203125
0 0.640625 0.4287109375 0.033203125 0.033203125
0 0.232421875 0.5029296875 0.033203125 0.033203125
0 0.1904296875 0.505859375 0.033203125 0.033203125
0 0.90234375 0.5537109375 0.033203125 0.033203125
0 0.4140625 0.6083984375 0.033203125 0.033203125
0 0.8681640625 0.6826171875 0.033203125 0.033203125
0 0.01611328125 0.9150390625 0.0322265625 0.033203125