0 0.0185546875 0.34765625 0.033203125 0.033203125
0 0.01513671875 0.365234375 0.0302734375 0.033203125
0 0.01220703125 0.3818359375 0.0244140625 0.033203125
0 0.654296875 0.3876953125 0.033203125 0.033203125
0 0.7275390625 0.4072265625 0.033203125 0.033203125
0 0.7451171875 0.408203125 0.033203125 0.033203125
0 0.763671875 0.4140625 0.033203125 0.033203125
0 0.78515625 0.4140625 0.033203125 0.033203125
0 0.8076171875 0.4189453125 0.033203125 0.033203125
0 0.8251953125 0.421875 0.033203125 0.033203125
0 0.8486328125 0.4287109375 0.033203125 0.033203125
0 0.1845703125 0.46875 0.033203125 0.033203125
0 0.880859375 0.4970703125 0.033203125 0.033203125
0 0.173828125 0.57421875 0.033203125 0.033203125
0 0.8369140625 0.578125 0.033203125 0.033203125
0 0.1708984375 0.5927734375 0.033203125 0.033203125
0 0.8642578125 0.6220703125 0.033203125 0.033203125
0 0.5654296875 0.7041015625 0.033203125 0.033203125
0 0.630859375 0.712890625 0.033203125 0.033203125
0 0.0693359375 0.8369140625 0.033203125 0.033203125
0 0.091796875 0.8408203125 0.033203125 0.033203125
0 0.783203125 0.8623046875 0.033203125 0.033203125
0 0.0771484375 0.9423828125 0.033203125 0.033203125
0 0.62109375 0.9873046875 0.033203125 0.025390625