0 0.353515625 0.466796875 0.033203125 0.033203125
0 0.3037109375 0.4765625 0.033203125 0.033203125
0 0.3232421875 0.5048828125 0.033203125 0.033203125
0 0.3369140625 0.5205078125 0.033203125 0.033203125
0 0.34375 0.53515625 0.033203125 0.033203125
0 0.3994140625 0.5419921875 0.033203125 0.033203125
0 0.3525390625 0.552734375 0.033203125 0.033203125
0 0.4111328125 0.5556640625 0.033203125 0.033203125
0 0.4228515625 0.5673828125 0.033203125 0.033203125
0 0.37109375 0.5810546875 0.033203125 0.033203125
0 0.380859375 0.5966796875 0.033203125 0.033203125
0 0.32421875 0.6728515625 0.033203125 0.033203125
0 0.4443359375 0.689453125 0.033203125 0.033203125
0 0.01123046875 0.6904296875 0.0224609375 0.033203125
0 0.025390625 0.71484375 0.033203125 0.033203125
0 0.4609375 0.7177734375 0.033203125 0.033203125
0 0.0439453125 0.7275390625 0.033203125 0.033203125
0 0.0546875 0.7451171875 0.033203125 0.033203125
0 0.068359375 0.7685546875 0.033203125 0.033203125
0 0.0908203125 0.80078125 0.033203125 0.033203125
0 0.6318359375 0.81640625 0.033203125 0.033203125
0 0.6064453125 0.83203125 0.033203125 0.033203125
0 0.1142578125 0.8349609375 0.033203125 0.033203125
0 0.1279296875 0.859375 0.033203125 0.033203125
0 0.138671875 0.884765625 0.033203125 0.033203125
0 0.150390625 0.90234375 0.033203125 0.033203125
0 0.1630859375 0.91796875 0.033203125 0.033203125
0 0.1787109375 0.9384765625 0.033203125 0.033203125