0 0.4482421875 0.205078125 0.033203125 0.033203125
0 0.9423828125 0.435546875 0.033203125 0.033203125
0 0.6669921875 0.6708984375 0.033203125 0.033203125
0 0.6689453125 0.7919921875 0.033203125 0.033203125
0 0.3740234375 0.796875 0.033203125 0.033203125
0 0.6943359375 0.8251953125 0.033203125 0.033203125
0 0.734375 0.826171875 0.033203125 0.033203125
0 0.232421875 0.83203125 0.033203125 0.033203125
0 0.2255859375 0.9755859375 0.033203125 0.033203125
0 0.9482421875 0.9765625 0.033203125 0.033203125
0 0.1552734375 0.98486328125 0.033203125 0.0302734375
0 0.9375 0.98828125 0.033203125 0.0234375