0 0.873046875 0.0166015625 0.033203125 0.033203125
0 0.7783203125 0.16015625 0.033203125 0.033203125
0 0.8466796875 0.1884765625 0.033203125 0.033203125
0 0.904296875 0.2177734375 0.033203125 0.033203125
0 0.951171875 0.3173828125 0.033203125 0.033203125
0 0.95703125 0.376953125 0.033203125 0.033203125
0 0.7587890625 0.4755859375 0.033203125 0.033203125
0 0.9033203125 0.7802734375 0.033203125 0.033203125
0 0.474609375 0.787109375 0.033203125 0.033203125
0 0.3798828125 0.8701171875 0.033203125 0.033203125
0 0.9482421875 0.9365234375 0.033203125 0.033203125
0 0.673828125 0.96484375 0.033203125 0.033203125