0 0.0849609375 0.0166015625 0.033203125 0.033203125
0 0.0810546875 0.03515625 0.033203125 0.033203125
0 0.935546875 0.09765625 0.033203125 0.033203125
0 0.8671875 0.19921875 0.033203125 0.033203125
0 0.908203125 0.19921875 0.033203125 0.033203125
0 0.61328125 0.2109375 0.033203125 0.033203125
0 0.9228515625 0.2177734375 0.033203125 0.033203125
0 0.880859375 0.2314453125 0.033203125 0.033203125
0 0.92578125 0.40234375 0.033203125 0.033203125
0 0.2314453125 0.4091796875 0.033203125 0.033203125
0 0.2626953125 0.419921875 0.033203125 0.033203125
0 0.2861328125 0.697265625 0.033203125 0.033203125
0 0.3154296875 0.69921875 0.033203125 0.033203125
0 0.2841796875 0.7109375 0.033203125 0.033203125
0 0.3447265625 0.765625 0.033203125 0.033203125
0 0.5546875 0.9609375 0.033203125 0.033203125