0 0.08203125 0.015625 0.033203125 0.03125
0 0.0751953125 0.029296875 0.033203125 0.033203125
0 0.78515625 0.1103515625 0.033203125 0.033203125
0 0.1943359375 0.1884765625 0.033203125 0.033203125
0 0.2431640625 0.2138671875 0.033203125 0.033203125
0 0.1298828125 0.291015625 0.033203125 0.033203125
0 0.00927734375 0.478515625 0.0185546875 0.033203125
0 0.416015625 0.5439453125 0.033203125 0.033203125
0 0.9287109375 0.5537109375 0.033203125 0.033203125
0 0.87890625 0.564453125 0.033203125 0.033203125
0 0.900390625 0.5732421875 0.033203125 0.033203125
0 0.8564453125 0.716796875 0.033203125 0.033203125
0 0.2568359375 0.822265625 0.033203125 0.033203125
0 0.6640625 0.869140625 0.033203125 0.033203125
0 0.1826171875 0.919921875 0.033203125 0.033203125