0 0.7275390625 0.154296875 0.033203125 0.033203125
0 0.3662109375 0.166015625 0.033203125 0.033203125
0 0.6884765625 0.17578125 0.033203125 0.033203125
0 0.255859375 0.1904296875 0.033203125 0.033203125
0 0.2763671875 0.1943359375 0.033203125 0.033203125
0 0.2373046875 0.208984375 0.033203125 0.033203125
0 0.7587890625 0.2109375 0.033203125 0.033203125
0 0.20703125 0.2197265625 0.033203125 0.033203125
0 0.7451171875 0.2236328125 0.033203125 0.033203125
0 0.310546875 0.23828125 0.033203125 0.033203125
0 0.3896484375 0.23828125 0.033203125 0.033203125
0 0.3720703125 0.271484375 0.033203125 0.033203125
0 0.177734375 0.2724609375 0.033203125 0.033203125
0 0.31640625 0.2724609375 0.033203125 0.033203125
0 0.3720703125 0.294921875 0.033203125 0.033203125
0 0.220703125 0.3017578125 0.033203125 0.033203125
0 0.369140625 0.3125 0.033203125 0.033203125
0 0.228515625 0.3203125 0.033203125 0.033203125
0 0.2314453125 0.3388671875 0.033203125 0.033203125
0 0.3505859375 0.3408203125 0.033203125 0.033203125
0 0.98583984375 0.37109375 0.0283203125 0.033203125
0 0.35546875 0.380859375 0.033203125 0.033203125
0 0.708984375 0.4990234375 0.033203125 0.033203125
0 0.6767578125 0.51171875 0.033203125 0.033203125
0 0.986328125 0.5126953125 0.02734375 0.033203125
0 0.6484375 0.5185546875 0.033203125 0.033203125
0 0.953125 0.5205078125 0.033203125 0.033203125
0 0.3837890625 0.5263671875 0.033203125 0.033203125
0 0.6064453125 0.5341796875 0.033203125 0.033203125
0 0.5693359375 0.55078125 0.033203125 0.033203125
0 0.96484375 0.5517578125 0.033203125 0.033203125
0 0.5390625 0.564453125 0.033203125 0.033203125
0 0.5029296875 0.5771484375 0.033203125 0.033203125
0 0.021484375 0.5888671875 0.033203125 0.033203125
0 0.46875 0.58984375 0.033203125 0.033203125
0 0.28125 0.66015625 0.033203125 0.033203125
0 0.2451171875 0.6728515625 0.033203125 0.033203125
0 0.2080078125 0.6865234375 0.033203125 0.033203125
0 0.177734375 0.697265625 0.033203125 0.033203125
0 0.1064453125 0.7255859375 0.033203125 0.033203125
0 0.0361328125 0.7548828125 0.033203125 0.033203125
0 0.01318359375 0.7646484375 0.0263671875 0.033203125
0 0.45703125 0.796875 0.033203125 0.033203125
0 0.7880859375 0.7998046875 0.033203125 0.033203125
0 0.4619140625 0.814453125 0.033203125 0.033203125
0 0.47265625 0.849609375 0.033203125 0.033203125
0 0.4580078125 0.8779296875 0.033203125 0.033203125
0 0.2275390625 0.90234375 0.033203125 0.033203125
0 0.2109375 0.912109375 0.033203125 0.033203125
0 0.4306640625 0.9775390625 0.033203125 0.033203125