0 0.1142578125 0.01513671875 0.033203125 0.0302734375
0 0.111328125 0.0380859375 0.033203125 0.033203125
0 0.107421875 0.0556640625 0.033203125 0.033203125
0 0.1044921875 0.0771484375 0.033203125 0.033203125
0 0.8740234375 0.0966796875 0.033203125 0.033203125
0 0.0927734375 0.1123046875 0.033203125 0.033203125
0 0.1787109375 0.1259765625 0.033203125 0.033203125
0 0.2021484375 0.138671875 0.033203125 0.033203125
0 0.0830078125 0.1533203125 0.033203125 0.033203125
0 0.90234375 0.2021484375 0.033203125 0.033203125
0 0.064453125 0.234375 0.033203125 0.033203125
0 0.0546875 0.2744140625 0.033203125 0.033203125
0 0.92578125 0.2880859375 0.033203125 0.033203125
0 0.16796875 0.2890625 0.033203125 0.033203125
0 0.0458984375 0.3125 0.033203125 0.033203125
0 0.9384765625 0.3330078125 0.033203125 0.033203125
0 0.0380859375 0.3466796875 0.033203125 0.033203125
0 0.0771484375 0.5654296875 0.033203125 0.033203125
0 0.1025390625 0.57421875 0.033203125 0.033203125
0 0.0625 0.6162109375 0.033203125 0.033203125
0 0.0625 0.6181640625 0.033203125 0.033203125
0 0.0537109375 0.6748046875 0.033203125 0.033203125
0 0.04296875 0.716796875 0.033203125 0.033203125
0 0.03125 0.7607421875 0.033203125 0.033203125
0 0.4267578125 0.970703125 0.033203125 0.033203125