0 0.0263671875 0.33203125 0.033203125 0.033203125
0 0.01513671875 0.36328125 0.0302734375 0.033203125
0 0.2109375 0.4228515625 0.033203125 0.033203125
0 0.126953125 0.4462890625 0.033203125 0.033203125
0 0.708984375 0.5224609375 0.033203125 0.033203125
0 0.73828125 0.609375 0.033203125 0.033203125
0 0.416015625 0.6123046875 0.033203125 0.033203125
0 0.3291015625 0.62109375 0.033203125 0.033203125
0 0.3544921875 0.626953125 0.033203125 0.033203125
0 0.0556640625 0.6669921875 0.033203125 0.033203125
0 0.056640625 0.6669921875 0.033203125 0.033203125
0 0.1337890625 0.6767578125 0.033203125 0.033203125
0 0.181640625 0.6962890625 0.033203125 0.033203125
0 0.8046875 0.744140625 0.033203125 0.033203125
0 0.84765625 0.7490234375 0.033203125 0.033203125
0 0.8681640625 0.7490234375 0.033203125 0.033203125
0 0.888671875 0.7587890625 0.033203125 0.033203125
0 0.9453125 0.767578125 0.033203125 0.033203125
0 0.0966796875 0.9482421875 0.033203125 0.033203125