0 0.2041015625 0.00927734375 0.033203125 0.0185546875
0 0.2490234375 0.0126953125 0.033203125 0.025390625
0 0.2822265625 0.0185546875 0.033203125 0.033203125
0 0.3017578125 0.0205078125 0.033203125 0.033203125
0 0.3759765625 0.0390625 0.033203125 0.033203125
0 0.40234375 0.044921875 0.033203125 0.033203125
0 0.421875 0.0478515625 0.033203125 0.033203125
0 0.4580078125 0.0595703125 0.033203125 0.033203125
0 0.1650390625 0.2158203125 0.033203125 0.033203125
0 0.18359375 0.21875 0.033203125 0.033203125
0 0.203125 0.21875 0.033203125 0.033203125
0 0.3466796875 0.251953125 0.033203125 0.033203125
0 0.3857421875 0.2587890625 0.033203125 0.033203125
0 0.5244140625 0.5322265625 0.033203125 0.033203125
0 0.9892578125 0.5478515625 0.021484375 0.033203125
0 0.01611328125 0.5634765625 0.0322265625 0.033203125
0 0.51171875 0.5673828125 0.033203125 0.033203125
0 0.0498046875 0.5712890625 0.033203125 0.033203125
0 0.5078125 0.6015625 0.033203125 0.033203125
0 0.5029296875 0.62109375 0.033203125 0.033203125
0 0.22265625 0.62890625 0.033203125 0.033203125
0 0.9697265625 0.6455078125 0.033203125 0.033203125
0 0.0224609375 0.6513671875 0.033203125 0.033203125
0 0.0390625 0.6572265625 0.033203125 0.033203125
0 0.96484375 0.6689453125 0.033203125 0.033203125
0 0.29296875 0.6796875 0.033203125 0.033203125
0 0.478515625 0.7265625 0.033203125 0.033203125
0 0.947265625 0.744140625 0.033203125 0.033203125
0 0.9384765625 0.7861328125 0.033203125 0.033203125
0 0.44921875 0.84375 0.033203125 0.033203125
0 0.4453125 0.86328125 0.033203125 0.033203125
0 0.9169921875 0.8642578125 0.033203125 0.033203125
0 0.9169921875 0.865234375 0.033203125 0.033203125
0 0.9130859375 0.9140625 0.033203125 0.033203125
0 0.990234375 0.916015625 0.01953125 0.033203125
0 0.8974609375 0.9716796875 0.033203125 0.033203125
0 0.9814453125 0.9833984375 0.033203125 0.033203125
0 0.892578125 0.98681640625 0.033203125 0.0263671875