0 0.884765625 0.01318359375 0.033203125 0.0263671875
0 0.482421875 0.0244140625 0.033203125 0.033203125
0 0.5244140625 0.033203125 0.033203125 0.033203125
0 0.9658203125 0.0439453125 0.033203125 0.033203125
0 0.5458984375 0.064453125 0.033203125 0.033203125
0 0.859375 0.0654296875 0.033203125 0.033203125
0 0.537109375 0.0791015625 0.033203125 0.033203125
0 0.953125 0.103515625 0.033203125 0.033203125
0 0.9375 0.166015625 0.033203125 0.033203125
0 0.12109375 0.2119140625 0.033203125 0.033203125
0 0.2587890625 0.2568359375 0.033203125 0.033203125
0 0.9111328125 0.27734375 0.033203125 0.033203125
0 0.3837890625 0.298828125 0.033203125 0.033203125
0 0.8779296875 0.4228515625 0.033203125 0.033203125
0 0.8359375 0.587890625 0.033203125 0.033203125
0 0.8154296875 0.673828125 0.033203125 0.033203125
0 0.98046875 0.703125 0.033203125 0.033203125
0 0.98828125 0.7392578125 0.0234375 0.033203125
0 0.9541015625 0.7607421875 0.033203125 0.033203125
0 0.810546875 0.7939453125 0.033203125 0.033203125
0 0.96875 0.810546875 0.033203125 0.033203125
0 0.482421875 0.82421875 0.033203125 0.033203125
0 0.7958984375 0.9580078125 0.033203125 0.033203125