0 0.3681640625 0.0244140625 0.033203125 0.033203125
0 0.2900390625 0.0263671875 0.033203125 0.033203125
0 0.2724609375 0.0390625 0.033203125 0.033203125
0 0.189453125 0.0537109375 0.033203125 0.033203125
0 0.2626953125 0.056640625 0.033203125 0.033203125
0 0.314453125 0.08984375 0.033203125 0.033203125
0 0.849609375 0.09765625 0.033203125 0.033203125
0 0.8310546875 0.20703125 0.033203125 0.033203125
0 0.8291015625 0.2265625 0.033203125 0.033203125
0 0.4873046875 0.279296875 0.033203125 0.033203125
0 0.580078125 0.3173828125 0.033203125 0.033203125
0 0.5625 0.3203125 0.033203125 0.033203125
0 0.01171875 0.4140625 0.0234375 0.033203125
0 0.4345703125 0.421875 0.033203125 0.033203125
0 0.763671875 0.6025390625 0.033203125 0.033203125
0 0.7001953125 0.638671875 0.033203125 0.033203125
0 0.4013671875 0.662109375 0.033203125 0.033203125
0 0.5009765625 0.6728515625 0.033203125 0.033203125
0 0.544921875 0.6865234375 0.033203125 0.033203125
0 0.9287109375 0.6923828125 0.033203125 0.033203125
0 0.4267578125 0.708984375 0.033203125 0.033203125
0 0.3505859375 0.7216796875 0.033203125 0.033203125
0 0.892578125 0.751953125 0.033203125 0.033203125
0 0.19921875 0.755859375 0.033203125 0.033203125
0 0.158203125 0.7646484375 0.033203125 0.033203125
0 0.05859375 0.76953125 0.033203125 0.033203125
0 0.126953125 0.7724609375 0.033203125 0.033203125
0 0.0869140625 0.7841796875 0.033203125 0.033203125
0 0.873046875 0.787109375 0.033203125 0.033203125
0 0.01025390625 0.810546875 0.0205078125 0.033203125
0 0.611328125 0.8388671875 0.033203125 0.033203125
0 0.8359375 0.8515625 0.033203125 0.033203125
0 0.6455078125 0.861328125 0.033203125 0.033203125
0 0.8203125 0.87890625 0.033203125 0.033203125
0 0.6962890625 0.9052734375 0.033203125 0.033203125
0 0.4267578125 0.931640625 0.033203125 0.033203125
0 0.73828125 0.9697265625 0.033203125 0.033203125