0 0.734375 0.1162109375 0.033203125 0.033203125
0 0.1806640625 0.2666015625 0.033203125 0.033203125
0 0.8125 0.2919921875 0.033203125 0.033203125
0 0.8505859375 0.296875 0.033203125 0.033203125
0 0.2724609375 0.31640625 0.033203125 0.033203125
0 0.6767578125 0.5146484375 0.033203125 0.033203125
0 0.6953125 0.5234375 0.033203125 0.033203125
0 0.7431640625 0.5390625 0.033203125 0.033203125
0 0.52734375 0.607421875 0.033203125 0.033203125
0 0.099609375 0.646484375 0.033203125 0.033203125
0 0.1025390625 0.6787109375 0.033203125 0.033203125
0 0.30859375 0.802734375 0.033203125 0.033203125
0 0.4892578125 0.8193359375 0.033203125 0.033203125
0 0.7861328125 0.8583984375 0.033203125 0.033203125
0 0.580078125 0.8896484375 0.033203125 0.033203125
0 0.0087890625 0.8984375 0.017578125 0.033203125
0 0.603515625 0.91015625 0.033203125 0.033203125
0 0.5283203125 0.916015625 0.033203125 0.033203125
0 0.6494140625 0.943359375 0.033203125 0.033203125
0 0.2685546875 0.9599609375 0.033203125 0.033203125
0 0.681640625 0.96875 0.033203125 0.033203125
0 0.251953125 0.970703125 0.033203125 0.033203125
0 0.4619140625 0.970703125 0.033203125 0.033203125
0 0.3310546875 0.9775390625 0.033203125 0.033203125
0 0.7099609375 0.98681640625 0.033203125 0.0263671875