0 0.255859375 0.0078125 0.033203125 0.015625
0 0.2490234375 0.01513671875 0.033203125 0.0302734375
0 0.2451171875 0.0341796875 0.033203125 0.033203125
0 0.4130859375 0.041015625 0.033203125 0.033203125
0 0.373046875 0.04296875 0.033203125 0.033203125
0 0.236328125 0.0556640625 0.033203125 0.033203125
0 0.2294921875 0.072265625 0.033203125 0.033203125
0 0.388671875 0.0771484375 0.033203125 0.033203125
0 0.2216796875 0.091796875 0.033203125 0.033203125
0 0.1435546875 0.1025390625 0.033203125 0.033203125
0 0.41796875 0.1064453125 0.033203125 0.033203125
0 0.205078125 0.125 0.033203125 0.033203125
0 0.1982421875 0.14453125 0.033203125 0.033203125
0 0.123046875 0.146484375 0.033203125 0.033203125
0 0.1845703125 0.1787109375 0.033203125 0.033203125
0 0.103515625 0.1826171875 0.033203125 0.033203125
0 0.17578125 0.1923828125 0.033203125 0.033203125
0 0.1669921875 0.2060546875 0.033203125 0.033203125
0 0.0810546875 0.21484375 0.033203125 0.033203125
0 0.4716796875 0.2431640625 0.033203125 0.033203125
0 0.0576171875 0.251953125 0.033203125 0.033203125
0 0.123046875 0.267578125 0.033203125 0.033203125
0 0.1171875 0.28515625 0.033203125 0.033203125
0 0.109375 0.302734375 0.033203125 0.033203125
0 0.09765625 0.3173828125 0.033203125 0.033203125
0 0.08203125 0.33203125 0.033203125 0.033203125
0 0.4912109375 0.33203125 0.033203125 0.033203125
0 0.072265625 0.3505859375 0.033203125 0.033203125
0 0.0615234375 0.3759765625 0.033203125 0.033203125
0 0.0390625 0.404296875 0.033203125 0.033203125
0 0.0400390625 0.404296875 0.033203125 0.033203125
0 0.0263671875 0.4228515625 0.033203125 0.033203125
0 0.01513671875 0.4345703125 0.0302734375 0.033203125
0 0.3857421875 0.4814453125 0.033203125 0.033203125
0 0.5107421875 0.509765625 0.033203125 0.033203125
0 0.169921875 0.525390625 0.033203125 0.033203125
0 0.0673828125 0.5390625 0.033203125 0.033203125
0 0.017578125 0.5400390625 0.033203125 0.033203125
0 0.5810546875 0.5986328125 0.033203125 0.033203125
0 0.6357421875 0.6142578125 0.033203125 0.033203125
0 0.01416015625 0.6240234375 0.0283203125 0.033203125
0 0.287109375 0.6474609375 0.033203125 0.033203125
0 0.0703125 0.751953125 0.033203125 0.033203125
0 0.0615234375 0.767578125 0.033203125 0.033203125
0 0.70703125 0.76953125 0.033203125 0.033203125
0 0.6904296875 0.796875 0.033203125 0.033203125
0 0.03125 0.8173828125 0.033203125 0.033203125
0 0.1015625 0.9169921875 0.033203125 0.033203125
0 0.771484375 0.92578125 0.033203125 0.033203125