0 0.82421875 0.0224609375 0.033203125 0.033203125
0 0.6103515625 0.03125 0.033203125 0.033203125
0 0.814453125 0.0458984375 0.033203125 0.033203125
0 0.904296875 0.0556640625 0.033203125 0.033203125
0 0.8974609375 0.0732421875 0.033203125 0.033203125
0 0.8876953125 0.0869140625 0.033203125 0.033203125
0 0.5791015625 0.091796875 0.033203125 0.033203125
0 0.8681640625 0.1171875 0.033203125 0.033203125
0 0.5595703125 0.125 0.033203125 0.033203125
0 0.85546875 0.1337890625 0.033203125 0.033203125
0 0.5439453125 0.158203125 0.033203125 0.033203125
0 0.5263671875 0.1953125 0.033203125 0.033203125
0 0.51171875 0.220703125 0.033203125 0.033203125
0 0.7685546875 0.240234375 0.033203125 0.033203125
0 0.1474609375 0.244140625 0.033203125 0.033203125
0 0.111328125 0.2666015625 0.033203125 0.033203125
0 0.126953125 0.279296875 0.033203125 0.033203125
0 0.48046875 0.283203125 0.033203125 0.033203125
0 0.1494140625 0.28515625 0.033203125 0.033203125
0 0.1708984375 0.29296875 0.033203125 0.033203125
0 0.458984375 0.322265625 0.033203125 0.033203125
0 0.091796875 0.341796875 0.033203125 0.033203125
0 0.134765625 0.3623046875 0.033203125 0.033203125
0 0.4248046875 0.38671875 0.033203125 0.033203125
0 0.4091796875 0.4189453125 0.033203125 0.033203125
0 0.3935546875 0.4501953125 0.033203125 0.033203125
0 0.369140625 0.5537109375 0.033203125 0.033203125
0 0.29296875 0.705078125 0.033203125 0.033203125
0 0.3388671875 0.70703125 0.033203125 0.033203125
0 0.3935546875 0.7158203125 0.033203125 0.033203125
0 0.279296875 0.7314453125 0.033203125 0.033203125
0 0.505859375 0.7607421875 0.033203125 0.033203125
0 0.259765625 0.7646484375 0.033203125 0.033203125
0 0.25 0.7890625 0.033203125 0.033203125
0 0.1513671875 0.796875 0.033203125 0.033203125
0 0.2158203125 0.85546875 0.033203125 0.033203125
0 0.197265625 0.8876953125 0.033203125 0.033203125
0 0.181640625 0.9189453125 0.033203125 0.033203125
0 0.16796875 0.9453125 0.033203125 0.033203125
0 0.00830078125 0.966796875 0.0166015625 0.033203125
0 0.14453125 0.984375 0.033203125 0.03125