0 0.7119140625 0.01123046875 0.033203125 0.0224609375
0 0.7119140625 0.2197265625 0.033203125 0.033203125
0 0.6787109375 0.35546875 0.033203125 0.033203125
0 0.6630859375 0.4208984375 0.033203125 0.033203125
0 0.986328125 0.6474609375 0.02734375 0.033203125
0 0.607421875 0.6748046875 0.033203125 0.033203125
0 0.5732421875 0.8115234375 0.033203125 0.033203125
0 0.9736328125 0.8349609375 0.033203125 0.033203125
0 0.55859375 0.8798828125 0.033203125 0.033203125
0 0.9462890625 0.9072265625 0.033203125 0.033203125
0 0.0234375 0.9267578125 0.033203125 0.033203125
0 0.041015625 0.9560546875 0.033203125 0.033203125
0 0.5380859375 0.9599609375 0.033203125 0.033203125
0 0.0595703125 0.98828125 0.033203125 0.0234375