0 0.7080078125 0.0556640625 0.033203125 0.033203125
0 0.9853515625 0.5673828125 0.029296875 0.033203125
0 0.99072265625 0.583984375 0.0185546875 0.033203125
0 0.990234375 0.6044921875 0.01953125 0.033203125
0 0.01513671875 0.720703125 0.0302734375 0.033203125
0 0.0244140625 0.7412109375 0.033203125 0.033203125
0 0.033203125 0.7568359375 0.033203125 0.033203125
0 0.1689453125 0.7646484375 0.033203125 0.033203125
0 0.9423828125 0.888671875 0.033203125 0.033203125
0 0.7861328125 0.9267578125 0.033203125 0.033203125
0 0.9482421875 0.9296875 0.033203125 0.033203125
0 0.611328125 0.9736328125 0.033203125 0.033203125
0 0.7783203125 0.9765625 0.033203125 0.033203125