0 0.228515625 0.486328125 0.033203125 0.033203125
0 0.1806640625 0.4912109375 0.033203125 0.033203125
0 0.14453125 0.4951171875 0.033203125 0.033203125
0 0.0849609375 0.501953125 0.033203125 0.033203125
0 0.0576171875 0.5078125 0.033203125 0.033203125
0 0.2373046875 0.55859375 0.033203125 0.033203125
0 0.216796875 0.5595703125 0.033203125 0.033203125
0 0.1806640625 0.5654296875 0.033203125 0.033203125
0 0.13671875 0.568359375 0.033203125 0.033203125
0 0.0615234375 0.576171875 0.033203125 0.033203125
0 0.21484375 0.603515625 0.033203125 0.033203125
0 0.0791015625 0.6123046875 0.033203125 0.033203125
0 0.193359375 0.677734375 0.033203125 0.033203125
0 0.134765625 0.6806640625 0.033203125 0.033203125
0 0.0751953125 0.6865234375 0.033203125 0.033203125
0 0.11328125 0.6865234375 0.033203125 0.033203125
0 0.2431640625 0.7080078125 0.033203125 0.033203125
0 0.1220703125 0.7197265625 0.033203125 0.033203125
0 0.1015625 0.7236328125 0.033203125 0.033203125
0 0.076171875 0.728515625 0.033203125 0.033203125