0 0.1943359375 0.0263671875 0.033203125 0.033203125
0 0.1923828125 0.0439453125 0.033203125 0.033203125
0 0.3466796875 0.0869140625 0.033203125 0.033203125
0 0.2705078125 0.08984375 0.033203125 0.033203125
0 0.1845703125 0.0927734375 0.033203125 0.033203125
0 0.5009765625 0.11328125 0.033203125 0.033203125
0 0.1845703125 0.125 0.033203125 0.033203125
0 0.1806640625 0.1416015625 0.033203125 0.033203125
0 0.4853515625 0.2099609375 0.033203125 0.033203125
0 0.826171875 0.232421875 0.033203125 0.033203125
0 0.8271484375 0.232421875 0.033203125 0.033203125
0 0.482421875 0.25 0.033203125 0.033203125
0 0.142578125 0.2890625 0.033203125 0.033203125
0 0.2890625 0.3056640625 0.033203125 0.033203125
0 0.76171875 0.30859375 0.033203125 0.033203125
0 0.47265625 0.31640625 0.033203125 0.033203125
0 0.2978515625 0.3271484375 0.033203125 0.033203125
0 0.470703125 0.3525390625 0.033203125 0.033203125
0 0.466796875 0.3857421875 0.033203125 0.033203125
0 0.4609375 0.4267578125 0.033203125 0.033203125
0 0.845703125 0.4990234375 0.033203125 0.033203125
0 0.9013671875 0.5009765625 0.033203125 0.033203125
0 0.271484375 0.5029296875 0.033203125 0.033203125
0 0.9501953125 0.5048828125 0.033203125 0.033203125
0 0.5771484375 0.51171875 0.033203125 0.033203125
0 0.537109375 0.517578125 0.033203125 0.033203125
0 0.4228515625 0.5546875 0.033203125 0.033203125
0 0.3818359375 0.5634765625 0.033203125 0.033203125
0 0.3388671875 0.572265625 0.033203125 0.033203125
0 0.2958984375 0.580078125 0.033203125 0.033203125
0 0.259765625 0.5869140625 0.033203125 0.033203125
0 0.1826171875 0.609375 0.033203125 0.033203125
0 0.099609375 0.6328125 0.033203125 0.033203125