0 0.0859375 0.015625 0.033203125 0.03125
0 0.1435546875 0.0400390625 0.033203125 0.033203125
0 0.119140625 0.1103515625 0.033203125 0.033203125
0 0.09375 0.193359375 0.033203125 0.033203125
0 0.0859375 0.2236328125 0.033203125 0.033203125
0 0.015625 0.2705078125 0.03125 0.033203125
0 0.111328125 0.50390625 0.033203125 0.033203125
0 0.15234375 0.5107421875 0.033203125 0.033203125
0 0.1953125 0.517578125 0.033203125 0.033203125
0 0.240234375 0.5234375 0.033203125 0.033203125
0 0.2802734375 0.5302734375 0.033203125 0.033203125
0 0.3203125 0.5341796875 0.033203125 0.033203125
0 0.4326171875 0.5517578125 0.033203125 0.033203125
0 0.5234375 0.5703125 0.033203125 0.033203125
0 0.6181640625 0.609375 0.033203125 0.033203125
0 0.6494140625 0.6259765625 0.033203125 0.033203125
0 0.681640625 0.642578125 0.033203125 0.033203125
0 0.7177734375 0.6630859375 0.033203125 0.033203125
0 0.826171875 0.724609375 0.033203125 0.033203125
0 0.8935546875 0.763671875 0.033203125 0.033203125
0 0.505859375 0.7705078125 0.033203125 0.033203125
0 0.755859375 0.771484375 0.033203125 0.033203125
0 0.9873046875 0.8251953125 0.025390625 0.033203125
0 0.5244140625 0.83203125 0.033203125 0.033203125
0 0.453125 0.84375 0.033203125 0.033203125
0 0.6376953125 0.84765625 0.033203125 0.033203125
0 0.576171875 0.896484375 0.033203125 0.033203125
0 0.5625 0.9501953125 0.033203125 0.033203125
0 0.5439453125 0.974609375 0.033203125 0.033203125
0 0.482421875 0.9892578125 0.033203125 0.021484375