0 0.12109375 0.056640625 0.033203125 0.033203125
0 0.3662109375 0.1171875 0.033203125 0.033203125
0 0.16796875 0.22265625 0.033203125 0.033203125
0 0.98828125 0.4365234375 0.0234375 0.033203125
0 0.8740234375 0.44140625 0.033203125 0.033203125
0 0.8388671875 0.4423828125 0.033203125 0.033203125
0 0.802734375 0.4462890625 0.033203125 0.033203125
0 0.6982421875 0.4501953125 0.033203125 0.033203125
0 0.736328125 0.4501953125 0.033203125 0.033203125
0 0.6650390625 0.453125 0.033203125 0.033203125
0 0.6103515625 0.45703125 0.033203125 0.033203125
0 0.5615234375 0.458984375 0.033203125 0.033203125
0 0.482421875 0.4658203125 0.033203125 0.033203125
0 0.453125 0.46875 0.033203125 0.033203125
0 0.4150390625 0.4716796875 0.033203125 0.033203125
0 0.9501953125 0.4755859375 0.033203125 0.033203125
0 0.9130859375 0.478515625 0.033203125 0.033203125
0 0.837890625 0.48046875 0.033203125 0.033203125
0 0.8779296875 0.48046875 0.033203125 0.033203125
0 0.33203125 0.4814453125 0.033203125 0.033203125
0 0.47265625 0.484375 0.033203125 0.033203125
0 0.7939453125 0.484375 0.033203125 0.033203125
0 0.29296875 0.486328125 0.033203125 0.033203125
0 0.2568359375 0.4873046875 0.033203125 0.033203125
0 0.2138671875 0.490234375 0.033203125 0.033203125
0 0.1787109375 0.4951171875 0.033203125 0.033203125
0 0.96875 0.51171875 0.033203125 0.033203125
0 0.0810546875 0.5126953125 0.033203125 0.033203125
0 0.048828125 0.5224609375 0.033203125 0.033203125
0 0.7607421875 0.54296875 0.033203125 0.033203125
0 0.6103515625 0.544921875 0.033203125 0.033203125
0 0.6494140625 0.544921875 0.033203125 0.033203125
0 0.7216796875 0.544921875 0.033203125 0.033203125
0 0.681640625 0.546875 0.033203125 0.033203125
0 0.3388671875 0.552734375 0.033203125 0.033203125
0 0.3798828125 0.552734375 0.033203125 0.033203125
0 0.3388671875 0.5537109375 0.033203125 0.033203125
0 0.4208984375 0.5546875 0.033203125 0.033203125
0 0.30078125 0.556640625 0.033203125 0.033203125
0 0.12109375 0.5595703125 0.033203125 0.033203125
0 0.1875 0.560546875 0.033203125 0.033203125
0 0.2265625 0.5615234375 0.033203125 0.033203125
0 0.0888671875 0.5625 0.033203125 0.033203125
0 0.0537109375 0.56640625 0.033203125 0.033203125
0 0.4853515625 0.5986328125 0.033203125 0.033203125
0 0.486328125 0.6337890625 0.033203125 0.033203125
0 0.5302734375 0.6337890625 0.033203125 0.033203125
0 0.53125 0.671875 0.033203125 0.033203125
0 0.4892578125 0.6787109375 0.033203125 0.033203125
0 0.53125 0.7080078125 0.033203125 0.033203125
0 0.4921875 0.7197265625 0.033203125 0.033203125
0 0.51171875 0.7421875 0.033203125 0.033203125
0 0.5322265625 0.75 0.033203125 0.033203125
0 0.49609375 0.8095703125 0.033203125 0.033203125
0 0.498046875 0.84765625 0.033203125 0.033203125
0 0.5380859375 0.8740234375 0.033203125 0.033203125
0 0.83203125 0.8759765625 0.033203125 0.033203125
0 0.4990234375 0.8876953125 0.033203125 0.033203125
0 0.828125 0.8935546875 0.033203125 0.033203125
0 0.79296875 0.8994140625 0.033203125 0.033203125
0 0.5380859375 0.9091796875 0.033203125 0.033203125
0 0.5400390625 0.943359375 0.033203125 0.033203125
0 0.501953125 0.9501953125 0.033203125 0.033203125
0 0.5439453125 0.98974609375 0.033203125 0.0205078125
0 0.5029296875 0.990234375 0.033203125 0.01953125