0 0.4033203125 0.02734375 0.033203125 0.033203125
0 0.3349609375 0.0341796875 0.033203125 0.033203125
0 0.1826171875 0.0576171875 0.033203125 0.033203125
0 0.1865234375 0.0751953125 0.033203125 0.033203125
0 0.3291015625 0.0751953125 0.033203125 0.033203125
0 0.0595703125 0.08203125 0.033203125 0.033203125
0 0.3369140625 0.0986328125 0.033203125 0.033203125
0 0.98388671875 0.1103515625 0.0322265625 0.033203125
0 0.5498046875 0.1220703125 0.033203125 0.033203125
0 0.9462890625 0.1220703125 0.033203125 0.033203125
0 0.912109375 0.1259765625 0.033203125 0.033203125
0 0.8466796875 0.140625 0.033203125 0.033203125
0 0.7744140625 0.1591796875 0.033203125 0.033203125
0 0.732421875 0.1689453125 0.033203125 0.033203125
0 0.2421875 0.240234375 0.033203125 0.033203125
0 0.2060546875 0.248046875 0.033203125 0.033203125
0 0.1748046875 0.2548828125 0.033203125 0.033203125
0 0.138671875 0.26171875 0.033203125 0.033203125
0 0.1025390625 0.2685546875 0.033203125 0.033203125
0 0.2548828125 0.2685546875 0.033203125 0.033203125
0 0.03125 0.2822265625 0.033203125 0.033203125
0 0.263671875 0.2841796875 0.033203125 0.033203125
0 0.126953125 0.2958984375 0.033203125 0.033203125
0 0.23828125 0.2998046875 0.033203125 0.033203125
0 0.220703125 0.3017578125 0.033203125 0.033203125
0 0.2041015625 0.3056640625 0.033203125 0.033203125
0 0.33984375 0.3056640625 0.033203125 0.033203125
0 0.06640625 0.3095703125 0.033203125 0.033203125
0 0.169921875 0.3125 0.033203125 0.033203125
0 0.185546875 0.3125 0.033203125 0.033203125
0 0.0322265625 0.31640625 0.033203125 0.033203125
0 0.26953125 0.318359375 0.033203125 0.033203125
0 0.2646484375 0.3359375 0.033203125 0.033203125
0 0.34375 0.34375 0.033203125 0.033203125
0 0.01025390625 0.3466796875 0.0205078125 0.033203125
0 0.26953125 0.375 0.033203125 0.033203125
0 0.345703125 0.375 0.033203125 0.033203125
0 0.7822265625 0.384765625 0.033203125 0.033203125
0 0.271484375 0.3935546875 0.033203125 0.033203125
0 0.27734375 0.4111328125 0.033203125 0.033203125
0 0.34765625 0.427734375 0.033203125 0.033203125
0 0.2763671875 0.4287109375 0.033203125 0.033203125
0 0.787109375 0.4326171875 0.033203125 0.033203125
0 0.26953125 0.447265625 0.033203125 0.033203125
0 0.3486328125 0.462890625 0.033203125 0.033203125
0 0.01611328125 0.4833984375 0.0322265625 0.033203125
0 0.03125 0.4853515625 0.033203125 0.033203125
0 0.232421875 0.4873046875 0.033203125 0.033203125
0 0.2158203125 0.4892578125 0.033203125 0.033203125
0 0.1044921875 0.5107421875 0.033203125 0.033203125
0 0.4677734375 0.51171875 0.033203125 0.033203125
0 0.4677734375 0.5126953125 0.033203125 0.033203125
0 0.1572265625 0.513671875 0.033203125 0.033203125
0 0.4296875 0.513671875 0.033203125 0.033203125
0 0.501953125 0.513671875 0.033203125 0.033203125
0 0.5546875 0.513671875 0.033203125 0.033203125
0 0.6044921875 0.5166015625 0.033203125 0.033203125
0 0.640625 0.5185546875 0.033203125 0.033203125
0 0.689453125 0.5185546875 0.033203125 0.033203125
0 0.7314453125 0.51953125 0.033203125 0.033203125
0 0.7705078125 0.5205078125 0.033203125 0.033203125
0 0.80859375 0.5205078125 0.033203125 0.033203125
0 0.8486328125 0.5205078125 0.033203125 0.033203125
0 0.8818359375 0.521484375 0.033203125 0.033203125
0 0.91015625 0.521484375 0.033203125 0.033203125
0 0.9765625 0.525390625 0.033203125 0.033203125
0 0.0986328125 0.537109375 0.033203125 0.033203125
0 0.2626953125 0.5380859375 0.033203125 0.033203125
0 0.181640625 0.5615234375 0.033203125 0.033203125
0 0.220703125 0.5615234375 0.033203125 0.033203125
0 0.3466796875 0.5625 0.033203125 0.033203125
0 0.3095703125 0.5634765625 0.033203125 0.033203125
0 0.4296875 0.564453125 0.033203125 0.033203125
0 0.8349609375 0.5703125 0.033203125 0.033203125
0 0.6572265625 0.5712890625 0.033203125 0.033203125
0 0.798828125 0.5712890625 0.033203125 0.033203125
0 0.87109375 0.57421875 0.033203125 0.033203125
0 0.9052734375 0.57421875 0.033203125 0.033203125
0 0.9453125 0.576171875 0.033203125 0.033203125
0 0.013671875 0.626953125 0.02734375 0.033203125
0 0.015625 0.6630859375 0.03125 0.033203125
0 0.0166015625 0.6982421875 0.033203125 0.033203125
0 0.60546875 0.712890625 0.033203125 0.033203125
0 0.5869140625 0.7197265625 0.033203125 0.033203125
0 0.7646484375 0.755859375 0.033203125 0.033203125
0 0.6337890625 0.7568359375 0.033203125 0.033203125
0 0.0224609375 0.7705078125 0.033203125 0.033203125
0 0.150390625 0.7783203125 0.033203125 0.033203125
0 0.7626953125 0.7919921875 0.033203125 0.033203125
0 0.150390625 0.7978515625 0.033203125 0.033203125
0 0.0869140625 0.798828125 0.033203125 0.033203125
0 0.515625 0.8095703125 0.033203125 0.033203125
0 0.7626953125 0.8408203125 0.033203125 0.033203125
0 0.4560546875 0.8525390625 0.033203125 0.033203125
0 0.9560546875 0.8544921875 0.033203125 0.033203125
0 0.7548828125 0.8740234375 0.033203125 0.033203125
0 0.9306640625 0.8759765625 0.033203125 0.033203125
0 0.7568359375 0.888671875 0.033203125 0.033203125
0 0.904296875 0.90234375 0.033203125 0.033203125
0 0.2470703125 0.9248046875 0.033203125 0.033203125
0 0.7587890625 0.92578125 0.033203125 0.033203125
0 0.86328125 0.9375 0.033203125 0.033203125
0 0.7587890625 0.9423828125 0.033203125 0.033203125
0 0.4931640625 0.9443359375 0.033203125 0.033203125
0 0.4609375 0.9453125 0.033203125 0.033203125
0 0.5927734375 0.9453125 0.033203125 0.033203125
0 0.4501953125 0.9609375 0.033203125 0.033203125
0 0.587890625 0.96484375 0.033203125 0.033203125
0 0.755859375 0.9736328125 0.033203125 0.033203125
0 0.828125 0.9765625 0.033203125 0.033203125